Success,Time,Fitness
True,1.80707186742963,0
True,3.77361768842702,0
True,3.34076012140815,0
False,1.59570079257773,0.000108714287211354
True,1.42126504845619,0
True,1.33575107235188,0
True,1.38027365446024,0
True,1.0483101458398,0
True,1.48417359224463,0
True,1.25121993404475,0
True,2.31453695172542,0
True,3.91238481139338,0
True,2.77672680282613,0
True,1.61276253635632,0
True,1.64834006400356,0
True,1.41268537442805,0
True,2.39839474395487,0
True,3.29639287204492,0
True,2.67743154065963,0
True,1.30933180270376,0
True,1.48127582750634,0
True,1.55182567751515,0
True,2.75199269785765,0
True,1.7010817140598,0
True,2.89723135504852,0
False,1.23784882009598,9.6783296509879E-05
True,1.50754117486109,0
True,1.41609830515115,0
True,2.06961143426849,0
True,2.92236840678809,0
True,1.24243909080315,0
True,1.47078702599607,0
True,3.82198739400159,0
True,2.09001182638358,0
True,1.86175255258828,0
True,3.14787144618299,0
True,1.77389470012733,0
True,1.08176266758523,0
True,4.19453978900525,0
True,1.85844127090967,0
True,3.46542410603916,0
True,1.30464697325896,0
True,1.10346598299292,0
True,2.13501997522727,0
True,2.7572892113359,0
True,1.04785010471333,0
True,1.50222021107811,0
True,2.35575415922767,0
True,1.27097254123102,0
True,3.93884791754933,0
True,2.42422682040335,0
True,1.0674938791469,0
True,1.84837181585075,0
True,0.84223262624356,0
True,2.96358679406337,0
True,4.10639793271883,0
True,0.897338349786035,0
True,1.74261655216641,0
True,1.20303312594279,0
True,2.10495539235833,0
True,0.384947564130951,0
True,3.10026332296859,0
True,1.61696478590796,0
True,1.03078708244283,0
True,2.24970315852013,0
True,1.77769985362199,0
True,2.986446152487,0
True,1.71876229644804,0
True,1.49952886128561,0
True,3.61517699170272,0
True,3.13200506651207,0
True,1.58827644132995,0
True,1.05404792253402,0
True,1.86248761288752,0
True,3.39736199375498,0
True,2.48689991915661,0
True,0.828439530001533,0
True,1.12251895512712,0
True,3.19682424819362,0
True,2.73562598608224,0
True,2.36501905675937,0
True,1.63319921429327,0
True,0.589244631541287,0
True,0.731667965489954,0
True,1.22715333199249,0
True,1.3491974147362,0
True,3.91134505797426,0
True,1.32238193897233,0
True,1.53347242632148,0
True,1.93449401749388,0
True,1.22873793361914,0
True,1.47647982435426,0
True,1.5170900946697,0
True,1.04927946555961,0
True,2.69714807815745,0
True,2.92220316589707,0
True,1.35505594237186,0
True,1.81745491897938,0
True,2.23789719099599,0
True,2.60984687787526,0
True,2.39875888412712,0
True,1.39436423328453,0
True,1.8878912575728,0
True,2.58045655644235,0
True,1.28283512681877,0
True,1.30611852215433,0
True,0.910518140663342,0
True,3.10573273033134,0
True,2.95560914876457,0
True,1.61460875035476,0
True,2.36214686382984,0
True,3.50852295085652,0
True,2.54788685534516,0
True,2.55909810200549,0
True,1.39576603455693,0
True,1.71318785620142,0
True,3.12763233377065,0
True,2.49482012371496,0
True,2.39539442874824,0
True,2.32926807403809,0
True,1.95421119323655,0
True,1.03743264238082,0
True,0.927017021507223,0
True,1.68799521570588,0
True,1.09523795308304,0
True,1.30895324637995,0
True,1.74165914612373,0
True,1.19481152350086,0
True,2.01174798383796,0
True,3.44200157894255,0
True,4.46361023868566,0
True,2.9598101709131,0
True,1.58583685610981,0
True,3.55727528617828,0
True,1.52589900696347,0
True,2.92263102472483,0
True,2.95230299717049,0
True,1.39586811439072,0
True,1.03876608614228,0
True,0.947383922079615,0
True,1.73891996434649,0
True,1.31539502011452,0
True,1.87762062637255,0
True,1.85525151565981,0
True,1.39700198250048,0
True,1.71675699707057,0
True,1.94469091234891,0
True,0.892122866466274,0
True,1.97623364758627,0
True,2.2977594757599,0
True,1.40427039540041,0
True,2.10022871545743,0
True,2.51567599210224,0
True,1.9525848510473,0
True,3.69230506058,0
True,3.89224171629406,0
True,1.97950239333039,0
True,1.42593830977847,0
True,1.69676062271597,0
True,2.41579209305737,0
True,2.201176327771,0
True,1.77967700616089,0
True,2.16616753541592,0
True,3.18296757156156,0
True,1.56543995274312,0
True,1.26280585657098,0
True,1.32636041104313,0
True,1.0129023136175,0
True,2.23456760027113,0
True,1.74922672057864,0
True,2.23485447087827,0
True,2.57114238459775,0
True,1.43566378590073,0
True,1.47677157854755,0
True,1.07181148631263,0
True,1.00222986472665,0
True,2.91902653040811,0
True,3.0850704838944,0
True,1.51264251672493,0
True,1.67876656563829,0
True,1.55298740856755,0
True,1.45856280016521,0
True,2.22920602078731,0
True,0.805630990861736,0
True,0.751063097718341,0
True,2.52846228147588,0
True,1.16262905570457,0
True,2.35412884864292,0
True,1.78697920979515,0
True,1.6106382449574,0
True,1.56478369553882,0
True,2.19794275024822,0
True,4.20840008746899,0
True,3.26577404910848,0
True,1.81521837551293,0
True,0.939224393287728,0
True,0.475785466689867,0
True,1.00372848894574,0
True,2.78578761543166,0
True,1.71134346137186,0
True,1.58124929321189,0
True,1.97530049852047,0
True,1.50596156845741,0
True,2.27129481606361,0
True,1.82186400033778,0
True,3.05133604845137,0
True,3.55649228605306,0
True,1.46033630194361,0
True,2.162217674334,0
True,1.73670411309949,0
True,1.39749939535887,0
True,1.08476478748674,0
True,1.13498877177434,0
True,1.47721574896839,0
True,1.15085934994811,0
True,0.978159777584921,0
True,1.18892247975644,0
True,1.51550801464339,0
True,2.37645933462997,0
True,1.35037043718906,0
True,2.03509594484258,0
True,1.60179403795076,0
True,1.68988842798267,0
True,2.75784823543787,0
True,1.4332247028268,0
True,3.08371236825201,0
True,1.3776021480029,0
True,1.02064419011921,0
True,1.20259992520238,0
True,3.20773241407836,0
True,2.03967423565523,0
True,1.83183391108767,0
True,2.37593149806928,0
True,1.17328093376288,0
True,0.595138232165375,0
False,1.54478217796827,0.000117411775892907
True,1.1219431386951,0
True,2.74631407241402,0
True,1.27789264197508,0
True,2.48375941272115,0
True,1.24308828407788,0
True,2.20709854280879,0
True,1.89645767454057,0
True,1.95229812206913,0
True,1.02563190035061,0
True,1.74616388797945,0
True,2.10926934598253,0
True,1.68218339016958,0
True,0.915801443793654,0
True,1.30164686426078,0
True,1.31763661366528,0
True,2.86599999271137,0
True,2.76707203016729,0
True,1.89433108865017,0
True,1.78051802598813,0
True,1.10909140111631,0
True,1.38643749143753,0
True,2.01530698264277,0
True,1.30242840806864,0
True,1.1072080196405,0
True,2.08790227104547,0
True,1.57474403643085,0
True,2.53838595959737,0
True,2.12946599618484,0
True,2.30555852818831,0
True,2.11998355858036,0
False,3.17514793979233,0.000633109304037863
True,2.00119187470499,0
True,3.14082345820473,0
True,3.42200939504216,0
True,0.979402655334048,0
True,2.44601872290255,0
True,1.83270251410039,0
True,2.74196937401104,0
True,3.43570488754225,0
True,0.900767141871279,0
True,1.55013727266365,0
True,2.1730681016395,0
True,2.24233136859384,0
True,2.66919175391777,0
True,1.19125635870281,0
True,2.40036512276718,0
True,2.1023603089636,0
True,2.66849113249902,0
True,3.39261403551385,0
True,1.86239200583347,0
True,1.807698788551,0
True,1.13221924941787,0
True,1.33903128000597,0
True,1.93501412068937,0
True,2.15565715092582,0
True,1.76370364803796,0
True,2.24221856172742,0
True,1.5005880491735,0
True,2.02373375195843,0
True,1.29916358995343,0
True,0.732060743423716,0
True,3.5604663054078,0
True,2.17260959849837,0
True,0.600410295628796,0
True,3.35518545920007,0
True,2.56145094936324,0
True,3.70892831659708,0
True,3.75373277268166,0
True,1.64606050526829,0
True,1.88344290331211,0
True,1.0390136239256,0
True,3.52710071702224,0
True,1.87886897892711,0
True,1.25359790631173,0
True,2.50265941557965,0
True,1.42429663827207,0
True,1.63634529017378,0
True,1.92873903872379,0
True,3.01035346215654,0
True,3.0419413896417,0
True,2.57806268488863,0
True,2.49816737103511,0
True,1.26094410219231,0
True,1.59349486961623,0
True,3.93577490505371,0
True,2.5485347179833,0
True,1.73802868403457,0
True,2.1494697822035,0
True,2.06283341159733,0
True,2.06250704377093,0
True,1.25856533176586,0
True,1.87860750078592,0
True,2.1249992056862,0
True,2.22466049297342,0
True,1.1791173600661,0
True,1.68893699713232,0
True,1.44519377689154,0
True,2.60427847423297,0
True,1.20405987080659,0
True,3.3218503697181,0
True,3.63932706845121,0
True,3.73233849054316,0
True,3.35805955635377,0
True,3.45738679828341,0
True,3.4381465977355,0
True,2.25583583459239,0
True,2.3542026497461,0
True,3.41235411438851,0
True,2.18793353229135,0
True,1.8814014335983,0
True,1.13597020622444,0
True,0.940716932988905,0
True,0.995915363494834,0
True,1.63046631234867,0
True,1.01974852240146,0
True,2.84557330060283,0
True,0.941038973935539,0
True,1.58830950967066,0
True,1.24495669068511,0
True,1.07171019608297,0
True,2.6689873798564,0
True,1.16231123204633,0
True,1.50336562426344,0
True,1.20973926525748,0
True,0.801751030657097,0
True,1.84639366770512,0
True,0.720806271451924,0
True,1.05251302984828,0
True,1.71022299709933,0
True,2.62048423150237,0
True,0.996572281570681,0
True,3.7645748901251,0
True,4.38278720328826,0
True,2.75255031809848,0
True,2.14851070975927,0
True,2.37335870672006,0
True,2.01762855043007,0
True,1.75236498464827,0
True,1.10461366107716,0
True,1.60822856894781,0
True,1.53971733757347,0
True,2.3530298653645,0
True,2.01667908845231,0
True,2.45969102332039,0
True,1.68040900544269,0
True,3.66961128532732,0
True,2.99424304302699,0
True,2.47146536349183,0
True,2.91758103890271,0
True,1.97143945782304,0
True,1.98096962248987,0
True,1.23620433368359,0
True,1.64568211785283,0
True,2.07624149283662,0
True,0.979536573101649,0
True,2.34029502989483,0
True,1.82239411323166,0
True,2.21457587025772,0
True,2.40465740508755,0
True,1.76004904803985,0
True,2.35125046584504,0
True,1.61625335970561,0
True,1.34061545548066,0
True,1.86220880300151,0
True,2.0882574893566,0
True,1.51439061729627,0
True,2.76079801296742,0
True,0.977551124037947,0
True,1.08415614017885,0
True,1.99923560237984,0
True,2.49981706306218,0
True,1.62711992246268,0
True,1.25867639037782,0
True,0.729295635862142,0
True,2.36579693778959,0
True,1.32686627446096,0
True,2.05318848141815,0
True,1.26140610447411,0
True,2.37754518458026,0
True,2.55467075510682,0
True,0.730185110331997,0
True,1.80044103726301,0
True,1.63008682715164,0
True,1.20798638051089,0
True,0.988470559436452,0
True,1.25345913408357,0
True,2.27842178748882,0
True,0.970722177606347,0
True,1.77630146245513,0
True,1.83966698785754,0
True,1.88118881516994,0
True,3.95767514152917,0
True,0.694104437325644,0
True,0.809805540886104,0
True,1.5867575805257,0
True,1.7889603224826,0
True,2.15644755129441,0
True,3.16007352857023,0
True,1.50997764829169,0
True,0.817363744408004,0
True,1.96738668614043,0
True,0.875161266105335,0
True,0.910254741119162,0
True,2.25321662575302,0
True,2.34448073269859,0
True,1.08199139906556,0
True,1.04307686488871,0
True,1.35394496953239,0
True,1.31586412094235,0
True,1.69022545323852,0
True,1.82987548284236,0
True,1.79753191791995,0
True,1.90342530696298,0
True,1.66557446926081,0
True,1.38159368551565,0
True,2.58520264079319,0
True,1.069076355332,0
True,2.47794208772131,0
True,1.26032331183318,0
True,3.18186251223289,0
True,2.67046543853275,0
True,1.53985194815887,0
True,0.732959171432227,0
True,2.12467672865446,0
True,2.26608243548409,0
True,1.26403555850446,0
True,2.09948730205755,0
True,2.08827824723435,0
True,2.72598133703217,0
True,3.75552832350735,0
True,1.90347634244957,0
True,1.50854431382639,0
True,1.28615743722076,0
True,1.13461309818768,0
True,1.98512727054137,0
True,2.77335212710235,0
True,4.00594828314877,0
True,0.958331331114324,0
True,1.11811895778076,0
True,1.0512406059469,0
True,4.07457520212385,0
True,2.00776899269702,0
True,1.05587021104299,0
True,0.609212563703239,0
True,2.9988515032879,0
True,1.05556483850537,0
True,2.6202140833235,0
True,1.44451971840949,0
True,1.87300997860261,0
True,2.18288662100533,0
True,2.21210448060559,0
True,1.68887978641759,0
True,0.938157239036691,0
True,1.72763067927803,0
True,2.30528725673501,0
True,4.5250399487331,0
True,1.73237099117721,0
True,2.68784055750589,0
True,1.92626341410645,0
True,2.92901827290287,0
True,3.23056944664912,0
True,3.73687326168546,0
True,1.29866846195195,0
True,2.41983253266802,0
True,0.800104105689468,0
True,1.88303246526837,0
True,2.41349161255213,0
True,2.1156205520059,0
True,2.97664247511885,0
True,3.04568441754976,0
True,2.75438376688132,0
True,2.23368425444943,0
True,2.95458461943274,0
True,3.51611924003164,0
True,1.44148654413626,0
True,0.927563807131375,0
True,0.720253919237432,0
True,1.85516297361814,0
True,2.94073083295914,0
True,1.77658870022684,0
True,1.02031899261534,0
True,0.815510577544377,0
True,1.56925016742058,0
True,1.10028208094438,0
True,0.805956067613583,0
True,1.22628613657878,0
True,2.52498720561263,0
True,1.66364186835555,0
True,1.04461819272852,0
True,1.99855559616413,0
True,2.59448027977554,0
True,3.01761881283528,0
True,1.93036962887693,0
True,1.33939976318039,0
True,1.96029405851497,0
True,1.4294321749999,0
True,0.836795697608075,0
True,4.32324558012877,0
True,2.19508676925562,0
True,1.98209712190267,0
True,1.53038477862254,0
True,1.64786073401407,0
True,2.74043388738094,0
True,1.89104718615989,0
True,2.20320100276776,0
True,1.39144190460489,0
True,3.24507451310306,0
True,0.979609936421795,0
True,0.850202718993475,0
True,1.83206141078494,0
True,1.75285583908158,0
True,2.46116141239541,0
True,1.09902437477415,0
True,2.11909013397136,0
True,1.83205236120266,0
True,1.97696351343996,0
True,0.754759494605968,0
True,2.45445456562354,0
True,2.60960810283774,0
True,0.747577877221509,0
True,0.846693218815526,0
True,1.42693761224939,0
True,0.903445228058593,0
True,0.969273778636504,0
True,2.15530040574658,0
True,1.12855694071795,0
True,1.39774722233012,0
True,3.94792242835602,0
True,2.48089205944753,0
True,1.52430834421932,0
True,1.66105545384514,0
True,2.1686997850626,0
True,1.87206165728686,0
True,1.78673555556402,0
True,0.801090268721338,0
True,0.98477041615942,0
True,2.1710999290353,0
True,1.76776258147647,0
True,0.714565637257563,0
True,1.81097162017709,0
True,2.55413946694086,0
True,2.36230595834747,0
True,1.27867327372831,0
True,1.45164981052086,0
True,1.15319544452074,0
True,1.73129034321971,0
True,0.934008652682219,0
True,2.57100196698312,0
True,2.49396799530514,0
True,1.25836771027338,0
True,1.50926868619972,0
True,1.52024323705438,0
True,1.55036627083133,0
True,1.79151718318188,0
True,1.89099589758169,0
True,1.89384834974135,0
True,2.4588026233593,0
True,1.19943416299448,0
True,1.56111662663262,0
True,1.28391005358758,0
True,1.17413739185194,0
True,1.14802295638751,0
True,0.630308017579005,0
True,1.75413007589977,0
True,2.25354923816907,0
True,1.79235415974974,0
True,1.90623396547114,0
True,2.26208294320964,0
True,2.83317528894699,0
True,1.27117758871491,0
True,1.35988984194442,0
True,2.28188216646822,0
True,1.52797612453156,0
True,2.14972666633476,0
True,1.91294095574337,0
True,1.60999298435803,0
True,1.84727712029233,0
True,2.09926953245011,0
True,2.09939158667091,0
True,1.50269600660933,0
True,1.73677221766019,0
True,2.80235951201446,0
True,4.16994195863497,0
True,1.45641259922857,0
True,2.69276139586323,0
True,3.176864972668,0
True,1.89507358408918,0
True,0.967761143256998,0
True,2.31480074341299,0
True,2.99732969297189,0
True,2.59261731928397,0
True,1.64188646863257,0
True,1.51706889793669,0
True,1.3325959903418,0
True,1.1825626894333,0
True,4.49160546538034,0
True,0.939692621210996,0
True,1.02856909447401,0
True,1.68876821904713,0
True,1.65921486104598,0
True,2.17680531194771,0
True,1.85577267552235,0
True,1.59218899191578,0
True,2.07941831604515,0
True,2.36337549557203,0
True,2.04651846397512,0
True,3.22339772445094,0
True,1.59707437921583,0
True,1.41125231472394,0
True,1.79242479220234,0
True,1.17165462887279,0
True,1.82204171922205,0
True,0.835523857414679,0
True,2.89278043139127,0
True,1.11574946137883,0
True,1.61832163240469,0
True,2.13258384194085,0
True,1.25806074427213,0
True,1.89484952291877,0
True,1.25118518330982,0
True,0.213087783884345,0
True,4.06650342684287,0
True,2.19848972005158,0
True,1.37161834558774,0
True,1.47118192764643,0
True,0.996789210516891,0
True,1.09146914736292,0
True,0.850868360519326,0
True,1.05733607914875,0
True,3.9370967759228,0
True,2.24719867479197,0
True,3.55532893872234,0
True,3.34383342475097,0
True,1.82361704073745,0
True,2.47589266571724,0
True,2.53054632333183,0
True,1.36906014483255,0
True,2.87448825884093,0
True,0.737659754497299,0
True,3.12674331197099,0
True,3.31775005594597,0
True,3.20528307101252,0
True,2.13515034386193,0
True,2.46104289333997,0
True,3.75872642085144,0
True,1.97101378045421,0
True,2.1086912651718,0
True,1.44087056614402,0
True,1.59549904158399,0
True,1.51254642915706,0
True,2.08890243539198,0
True,1.75860112037461,0
True,1.35073569635578,0
True,2.03443093455655,0
True,1.82986730558406,0
True,0.800346282457232,0
True,2.20601101480692,0
True,1.49320072058052,0
True,2.8602974909409,0
True,2.23132368663812,0
True,3.85341341574615,0
True,1.81530213777543,0
True,2.35154241229885,0
True,1.86511612245161,0
True,2.2664071616662,0
True,0.680263096979073,0
True,2.92403524324474,0
True,2.67810203165139,0
True,1.71539926963635,0
True,2.71851723949845,0
True,0.667072346255273,0
True,2.54555273750873,0
True,1.02457914573029,0
True,2.94065831611162,0
True,2.94869567612162,0
True,3.98520865300889,0
True,2.24587527953338,0
True,1.43956437022434,0
True,1.48890269037081,0
True,4.00192746345206,0
True,1.13920475968765,0
True,2.79050968594582,0
True,2.08924306798684,0
True,3.5680139107677,0
True,1.05654932218014,0
True,1.85368333066724,0
True,2.3147100503702,0
True,1.45713725140602,0
True,2.62271804666783,0
True,1.85602720307328,0
True,2.12294353241182,0
True,1.06743192251653,0
True,3.27819093583985,0
True,1.71295663384249,0
True,3.44623036276562,0
True,2.97460493168826,0
True,2.51762142730683,0
True,0.861629048033863,0
True,1.39220997176656,0
True,2.28332694301183,0
True,1.78664909878494,0
True,1.64060937590779,0
True,1.90959115062451,0
True,3.91286937551844,0
True,3.11159681798958,0
True,1.22522096866454,0
True,1.07748170835893,0
True,1.09244994085215,0
True,3.50773973957295,0
True,2.0204725181666,0
True,1.86608218140513,0
True,1.18267086011187,0
True,1.72349248298834,0
True,1.33076137554829,0
True,1.70776693232022,0
True,2.93748178538498,0
False,3.40002874224162,0.000107536731659746
True,1.04938348363137,0
True,2.4349860939223,0
True,1.53040487138965,0
True,0.930859815876303,0
True,1.02996463558479,0
True,1.71620743232468,0
True,2.58238175678548,0
True,1.3290304120906,0
True,2.19007001298934,0
True,1.07340732244658,0
True,0.759120668875591,0
True,2.12621774634923,0
True,2.14620742197231,0
True,1.17454225958234,0
True,2.13389949837796,0
True,1.56445473182594,0
True,1.46884080124095,0
True,2.76212526931315,0
True,1.15092449470996,0
True,1.10450227834538,0
True,1.75918995377861,0
True,0.920908086973955,0
True,1.59334935258936,0
True,3.43057349221773,0
True,2.0094615185541,0
True,1.31682408129206,0
True,1.86624553657959,0
True,1.15540739971857,0
True,1.14215060966849,0
True,1.57741810690116,0
True,1.27947845988767,0
True,1.5478210166839,0
True,0.982050032034853,0
True,2.94485357348369,0
True,1.83747330037453,0
True,1.88164455235901,0
True,1.28028893018179,0
True,1.90907097323038,0
True,2.28109657552681,0
True,3.50044546223459,0
True,3.31171040791114,0
True,1.80757286514845,0
True,1.51565717211439,0
True,1.52505591101387,0
True,2.79603398650645,0
True,3.01182252202549,0
True,1.10602203919085,0
True,1.6008698864593,0
True,0.953155114219001,0
True,2.55778742619261,0
True,2.77557862958829,0
True,0.887667794747495,0
True,2.66004703140573,0
True,3.70016145375374,0
True,1.5469437791089,0
True,1.5964123525092,0
True,1.79659269364202,0
True,2.25529506845438,0
True,4.1864700475692,0
True,1.92806439501471,0
True,2.64241864155041,0
True,1.99392584736528,0
True,1.7892946804339,0
True,1.40551366879429,0
True,1.6910944486865,0
True,1.57283611819436,0
True,3.28624124433236,0
True,2.40683724353709,0
True,2.42010498771815,0
True,3.3071618725027,0
True,2.26950419950365,0
True,1.04740961051133,0
True,2.87457412647533,0
True,1.5466871094505,0
True,1.31039987035538,0
True,1.19105570822567,0
True,2.79909254483624,0
True,1.14883172959996,0
True,3.14721395419941,0
True,3.63674157443623,0
True,1.95469624145812,0
True,2.50878881237668,0
True,2.37516516284133,0
True,2.45486804674538,0
True,0.749527018770806,0
True,2.56422036642442,0
True,0.954949580406414,0
True,1.89880439549492,0
True,2.24434000365001,0
True,3.58668733038922,0
True,1.13093210795056,0
True,1.91597040825249,0
True,1.81945809162964,0
True,3.96675201674089,0
True,2.12902418003019,0
True,0.878130197497673,0
True,1.80726599228598,0
True,1.26422374602712,0
True,1.17423371325714,0
True,1.27021963988636,0
True,2.89022575794827,0
True,3.10425343681015,0
True,2.34270942208045,0
True,1.20906815729596,0
True,3.98536590732481,0
True,2.19834104059806,0
True,1.13387446469056,0
True,1.54675168870853,0
True,1.21685841050327,0
True,2.79385468803099,0
True,0.680079376271408,0
True,2.95553859431293,0
True,1.86582931094065,0
True,2.61541309678119,0
True,3.27558339461444,0
True,1.05538178623277,0
True,1.81145728532914,0
True,1.76049997471159,0
True,1.56759672381958,0
True,1.76334051221262,0
True,2.42439402743935,0
True,3.02553795394604,0
True,0.771678525023541,0
True,1.86722101863173,0
True,2.38967969323702,0
True,2.44741258982801,0
True,2.28611486378253,0
True,2.58289758374846,0
True,1.68369092097311,0
True,2.0584374076947,0
True,1.63993941656942,0
True,3.28337464757627,0
True,2.93795839387776,0
True,1.7840132040168,0
True,0.837644882398323,0
True,0.685570699202778,0
True,1.46203222882462,0
True,2.22128241599461,0
True,1.76049317895412,0
True,2.41801568803691,0
True,1.46434673802587,0
True,2.21398424353473,0
True,1.19600324288651,0
True,3.36133199101746,0
True,1.36745646899935,0
True,0.969047083185318,0
True,2.33852708710252,0
True,1.8475922633877,0
True,0.725828000540963,0
True,2.50458096907504,0
True,2.06847641390232,0
True,0.866025689694478,0
True,0.972024491409418,0
True,1.25469382713438,0
True,2.83285940270772,0
True,2.63680911301857,0
True,2.85395813499118,0
True,1.67751437665857,0
True,1.96030764036104,0
True,0.657867548366979,0
True,2.46790332436362,0
True,3.96699065363916,0
True,0.905480625401757,0
True,2.27777542541892,0
True,2.18755645696471,0
True,0.99487782891536,0
True,3.02194161384859,0
True,0.936250439926235,0
True,1.65213771559019,0
True,1.79216771401848,0
True,1.37672909907821,0
True,1.51440949578872,0
True,2.0072174527978,0
True,2.31285297117915,0
True,1.89457191704718,0
True,1.66106150787095,0
True,3.34476747385885,0
True,2.24179398088571,0
True,3.18376329253793,0
True,1.84767851594643,0
True,1.69339338506035,0
True,1.96210666305595,0
True,0.844242136292568,0
True,1.2942197735808,0
True,2.91192406037435,0
True,2.60383154245322,0
True,0.883337200458889,0
True,2.35184028107976,0
True,3.14885867390759,0
True,1.87975645471882,0
True,1.02008750779339,0
True,1.86871600375398,0
True,2.52670531526833,0
True,2.72899645490747,0
True,2.36085853292999,0
True,2.70497678728987,0
True,2.22110896479233,0
True,3.52768537236538,0
True,4.39189913192309,0
True,2.33105623722672,0
True,1.86657468395515,0
True,1.26183049976146,0
True,1.6598287611456,0
True,1.79552981829421,0
True,0.961952197656322,0
True,1.9915921100807,0
True,1.13542314608949,0
True,1.46604625616745,0
True,2.28336676990968,0
True,1.65521195383087,0
True,3.22770625279041,0
True,2.95783514640263,0
True,1.70825013979477,0
True,2.1513495350878,0
True,1.38602295755972,0
True,2.30492697374819,0
False,1.73784989561008,0.000295259514430841
True,1.04634210366794,0
True,3.14212240362438,0
True,0.799960058545816,0
True,1.61045884897173,0
True,1.3459428184941,0
True,0.973550153476722,0
True,3.07149946038462,0
True,1.35990995639517,0
True,1.41020938833387,0
True,1.56910840813999,0
True,1.72508669769438,0
True,2.31085620638178,0
True,1.38556309269639,0
True,2.82218000359506,0
True,4.13046622978153,0
True,1.19139211833908,0
True,3.398107055478,0
True,2.19347106349538,0
True,2.19285662613394,0
True,2.89289921889292,0
True,1.76894891165973,0
True,1.27377819564579,0
True,1.75432073743112,0
True,2.05323529768431,0
True,2.63736828344707,0
True,1.36819173483379,0
True,1.55353206786094,0
True,2.05715515695937,0
True,3.91745278449434,0
True,2.04391970295215,0
True,2.05511689629218,0
True,2.30538087227359,0
True,1.2102569382675,0
True,1.10837683671718,0
True,1.61469964749811,0
True,2.77918957338305,0
True,1.01786867812483,0
True,2.93045157085906,0
True,2.09032222126545,0
True,2.06105992460809,0
True,1.44691216408673,0
True,1.42767358857358,0
True,1.17562852122838,0
True,0.908073117385993,0
True,1.75340470894951,0
True,2.60083829773153,0
True,1.63344332560886,0
True,1.8666779597612,0
True,2.4333334419389,0
True,2.06455981186668,0
True,2.50521694669562,0
True,2.79658862503954,0
True,2.59912711315911,0
True,1.61986212976346,0
True,3.25408747179934,0
True,1.99183394308967,0
True,0.987164229982869,0
True,0.860876607393415,0
True,1.95843740419591,0
True,2.88827823687218,0
True,2.05844100888503,0
True,1.76907965280633,0
True,2.03553519060135,0
True,0.9061676002488,0
True,0.807900584943702,0
True,1.16909276988347,0
True,2.23553113689623,0
True,1.1088215256905,0
True,1.30375190690645,0
False,2.45609350655011,0.000143374030675545
True,3.12840674263605,0
True,1.0962838646572,0
True,1.41238788710989,0
True,1.12879612105399,0
True,1.00467249139533,0
True,1.70938972268909,0
True,0.575092403884027,0
True,2.27751815024319,0
True,1.4089694203107,0
True,0.957040363347459,0
True,2.57229099287712,0
True,3.71419561662207,0
True,3.19499635149862,0
True,1.44937307969606,0
True,1.44777736933358,0
True,1.85660685948524,0
True,3.6080261382453,0
True,3.61106555304966,0
True,1.50500870362686,0
True,1.50963900330033,0
True,2.34568635864618,0
True,3.29534952842047,0
True,1.71066469475892,0
True,2.85308690263975,0
True,3.40321480290597,0
True,1.99971655240972,0
True,1.69262027864152,0
True,0.92007451577815,0
True,0.832269627813944,0
True,1.22244309794463,0
True,3.97811466986569,0
True,4.07074852674329,0
True,1.28917520872472,0
True,2.28405000033258,0
True,1.1430246770917,0
True,1.83048492473159,0
True,2.20004262956295,0
True,2.58183638436082,0
True,1.98157701009898,0
True,1.09273302473477,0
True,3.65269243152614,0
True,0.969806416818953,0
True,1.90716694279572,0
True,2.7885129623611,0
True,1.99763080251647,0
True,1.38632396175442,0
True,1.51696531770107,0
True,1.77247901630198,0
True,1.72876630201449,0
True,2.04443505830372,0
True,1.48922716676582,0
True,1.15378555061744,0
True,1.53743639290652,0
True,1.37694884019876,0
True,1.31172724120224,0
True,2.41386085519832,0
True,1.33959275361958,0
True,1.41943637097076,0
True,1.11346274656584,0
True,1.44246402325968,0
True,2.0266832757943,0
True,1.28584402441224,0
True,1.76556149427726,0
True,2.28989892258583,0
True,1.51854388994142,0
True,2.67337118413299,0
True,2.40662109410645,0
True,2.24142494490134,0
True,1.89057814457917,0
True,2.37713766436615,0
True,1.84471865010275,0
True,2.37133765745649,0
True,1.95797259298604,0
True,1.67492487268784,0
True,1.69257080665808,0
True,2.23272259244855,0
True,3.53249759308186,0
True,1.65899154777101,0
True,1.53459658954868,0
True,1.63161506384469,0
True,1.2121004235728,0
True,2.71056393730969,0
True,2.48513011744326,0
True,0.859231108480629,0
True,1.15359821711713,0
True,3.65915303964542,0
True,2.05947219596702,0
True,2.20558320639848,0
True,1.11158551397806,0
True,1.22096133567685,0
True,1.30129031486053,0
True,2.82468017168183,0
True,2.40296189218227,0
True,3.47297029662416,0
True,2.25003790949463,0
True,2.77945057397844,0
True,1.94351085717103,0
True,1.69073980415306,0
True,1.24240608818304,0
True,1.72277115173879,0
True,2.08080089430404,0
True,2.72798071454915,0
True,1.22014493895428,0
True,2.17643389947122,0
True,2.0422057814052,0
True,1.67700382201355,0
True,1.2435294859651,0
True,1.39259129849105,0
True,1.22122236685587,0
True,0.883277541538699,0
True,1.48884972862689,0
True,1.65360080478694,0
True,1.16083974506893,0
True,2.03652718897728,0
True,2.07702103721481,0
True,2.21618159655456,0
True,1.11122650864616,0
True,2.63581436368179,0
True,1.77971153468581,0
True,2.57018919500494,0
True,1.96381088963678,0
True,1.3124822898436,0
True,1.84362617522521,0
True,2.37405383271047,0
True,3.98663727742493,0
True,0.937650089189322,0
True,1.05041967240625,0
True,2.62975151609452,0
True,1.84614309070673,0
True,2.90255672101836,0
True,2.56922817712131,0
True,2.53963107289256,0
True,2.14415474763052,0
True,2.12352086568684,0
True,1.38117225527016,0
True,1.03344772710476,0
True,2.02759161807833,0
True,1.63137359149562,0
True,3.44778865200252,0
True,2.21842874605796,0
True,0.806953310162217,0
True,2.15288332681311,0
True,1.80255619192087,0
True,2.5698676806152,0
True,2.22570773010003,0
True,1.82663095159222,0
True,2.58528616256697,0
True,1.27409826063654,0
True,2.91914476190885,0
True,2.16279849239445,0
True,1.79807841436535,0
True,1.4984489980502,0
True,1.6033552200555,0
True,4.00667118409071,0
True,1.88995323482332,0
True,3.47865091180472,0
True,1.88409654565986,0
True,0.978277959286832,0
True,0.939770668074579,0
True,1.15158209217384,0
True,3.22989140199114,0
True,1.98635270308257,0
True,2.0500528092266,0
True,2.51809333100335,0
True,1.93178278965286,0
True,0.874643317634816,0
True,0.959437480860801,0
True,2.58692543623832,0
True,1.51090089793135,0
True,3.72328190823882,0
True,2.04536474329426,0
True,2.88363365119306,0
True,1.05085395312493,0
True,3.15735529389809,0
True,4.00025404948016,0
True,3.84343864809641,0
True,1.13064300221361,0
True,1.73313286457288,0
True,1.53349873586548,0
True,1.17660211575232,0
True,1.60430773987142,0
True,2.31384908234912,0
True,2.72418965229994,0
True,2.11166053460018,0
True,2.92376633532938,0
True,1.18226340552105,0
True,3.2768975850993,0
True,2.06641311925614,0
True,1.5082840393095,0
True,0.761014578295811,0
True,1.0225786734144,0
True,2.04268519984942,0
True,2.44908821588748,0
True,2.18516735662278,0
True,2.01104561172159,0
True,1.40439209488258,0
True,3.53656364464394,0
True,4.01785150411767,0
True,0.985341897630569,0
True,1.1551316166627,0
True,1.78143381447547,0
True,0.95288712492052,0
True,1.12483919694295,0
True,2.65768005207886,0
True,1.02878244022783,0
True,1.0702201737491,0
True,2.1798573473113,0
True,2.35628904068119,0
True,1.33087864000185,0
True,2.07598315229319,0
True,1.03680177203351,0
True,1.33471687505474,0
True,3.37772026176934,0
True,2.08601753353414,0
True,1.83124363215435,0
True,1.6970778991371,0
True,1.84873358666997,0
True,1.85258551470919,0
True,0.912776221911175,0
True,1.96067395616393,0
True,3.84572934358546,0
True,1.53505746510723,0
True,1.05217260100244,0
True,2.12726703935334,0
True,1.69072845411712,0
True,1.80033090568296,0
True,4.28511078057053,0
True,2.60281839784764,0
True,2.91355225925596,0
True,1.03643846448398,0
True,1.56411774356834,0
True,3.44240788005853,0
True,1.47975954752015,0
True,0.878591378842742,0
True,1.20863169093182,0
True,1.163967171284,0
True,1.22476418886475,0
True,1.15048010639883,0
True,1.32925752273224,0
True,3.18064377899509,0
True,1.22192704533777,0
True,1.62756672941104,0
True,1.49305922474917,0
True,2.04188963963207,0
True,3.50639022160573,0
True,1.23158989363865,0
True,1.10361209553239,0
True,2.30833904899078,0
True,1.49772847343297,0
True,1.37235817149692,0
True,1.60230523111054,0
True,2.19466480474597,0
True,1.45375476752762,0
True,1.91939829627166,0
True,1.3659715945767,0
True,0.796392137969236,0
True,0.920489188104742,0
True,1.17701715144974,0
True,1.67413345094006,0
True,4.18602170117549,0
True,2.88179240606609,0
True,2.14159152267707,0
True,1.70320196067845,0
True,2.07534654079106,0
True,2.60916749786152,0
True,2.82380733886576,0
True,1.63085386957059,0
True,3.34852464367802,0
True,1.47095240215608,0
True,0.731574458649299,0
True,2.22523363824812,0
True,0.892303818983332,0
True,1.5566079382336,0
True,1.72897546170313,0
True,4.37115333770243,0
True,2.11441744609343,0
True,2.07419948970836,0
True,2.08620680778262,0
True,1.78622036806109,0
True,1.73839292593277,0
True,1.26199609813715,0
True,2.01928556235342,0
True,1.57512766730929,0
True,1.4824687153025,0
True,2.91664006850743,0
True,2.69750798412257,0
True,2.57359220086881,0
True,2.06361247158101,0
True,2.46075707456609,0
True,1.68974209682493,0
True,0.69299967096219,0
True,2.48161274598468,0
True,3.44288702201633,0
True,3.98684800797417,0
True,2.6530788953225,0
True,2.45876631424367,0
True,1.31595984461825,0
True,1.61318029563608,0
True,1.60135044899561,0
True,1.59478806570541,0
True,1.7172569765631,0
True,1.89097725135091,0
True,1.26370129206327,0
True,1.97396726822998,0
True,1.29927421612547,0
True,2.93275405393738,0
True,3.15638294886062,0
True,0.960096806056182,0
True,3.41965732475554,0
True,3.29084608751134,0
True,1.10007386962093,0
True,1.42996971497297,0
True,1.39179421480769,0
True,1.43511302677997,0
True,2.87859247735655,0
True,2.14573208148559,0
True,3.09067873733576,0
True,2.08265670964061,0
True,2.61195735403653,0
True,2.44244312898799,0
True,3.06876470362766,0
True,1.63143787718706,0
True,2.38872405375277,0
True,1.81215185793154,0
True,0.965635737756504,0
True,1.626881269634,0
True,0.776101408239895,0
True,1.37068138421202,0
True,0.483300518148106,0
True,2.84861100296486,0
True,2.77629417096253,0
True,2.66572209554689,0
True,1.49851400815548,0
True,1.42218353790795,0
True,1.38440464474727,0
True,2.22574673076814,0
True,1.95741291155288,0
True,2.68549263757897,0
True,1.37968295666456,0
True,1.42118446810809,0
True,2.16135462641173,0
True,2.54765463537586,0
True,1.41812253405852,0
True,1.40736170926603,0
True,2.37401749347411,0
True,1.69017081997407,0
True,0.843390020913345,0
True,0.852778026425178,0
True,1.13038576350865,0
True,1.54989186652752,0
True,2.07081253105583,0
True,2.35550477164908,0
True,2.73362417080893,0
True,2.98631613443647,0
True,0.639942276121448,0
True,3.13129548101733,0
True,1.08692335897119,0
True,2.58009105575508,0
True,1.99634001924597,0
True,1.71468453061405,0
True,2.0590689932625,0
True,2.81156293223555,0
True,1.13125167720331,0
True,2.77147292523337,0
True,1.63789125257884,0
True,1.45082448984837,0
True,2.91170080706621,0
True,1.63079348343883,0
True,2.08122922922196,0
True,1.71305530048812,0
True,1.1739528420579,0
True,2.04617988598471,0
True,0.988227566292597,0
True,0.67855078149207,0
True,1.73770291682431,0
True,0.722848755302074,0
True,1.52212565521316,0
True,1.58406698766927,0
True,1.27175788170366,0
True,1.07421018182146,0
True,1.30290903318961,0
True,1.65123004617253,0
True,1.9808653296113,0
True,1.24749760151893,0
True,1.31376572592029,0
True,0.730620256375539,0
True,2.2601234162544,0
True,1.42657034581457,0
True,3.32710415711536,0
True,1.39813130529152,0
True,1.84259363336928,0
True,1.04811223791388,0
True,1.0625365420266,0
True,2.73150539156775,0
True,3.06718300654524,0
True,1.97992567180671,0
True,2.57299563567219,0
True,1.56193692496352,0
True,1.43838998055346,0
True,3.3430173913538,0
True,3.27977534909123,0
True,2.65831989767957,0
True,1.32348271911536,0
True,1.41937445231642,0
True,3.0596592083954,0
True,2.61100325392507,0
True,1.72910953712015,0
True,1.82603812963439,0
True,2.4621093629434,0
True,1.11990593923495,0
True,1.99973944969865,0
True,2.51421018031487,0
True,1.52052643667205,0
True,1.09210073305753,0
True,2.1217116040431,0
True,2.30119170043299,0
True,2.37563219088896,0
True,3.26535221583415,0
True,2.54263983867013,0
True,1.36878670060488,0
True,0.876265330396256,0
True,1.49405479776654,0
True,1.08930103800521,0
True,0.827037135813328,0
True,1.58053541725898,0
True,2.4702367151804,0
True,1.66604333876083,0
True,2.63827136113103,0
True,2.36625858977626,0
True,4.29940375252898,0
True,1.52775058519243,0
True,1.16361566297354,0
True,2.07961759864744,0
True,2.998357667088,0
True,3.36875316464567,0
True,1.91756567314565,0
True,1.77628096660855,0
True,1.30004054871474,0
True,1.38150487730994,0
True,1.79147660421695,0
True,1.70747098591137,0
True,1.36672080100589,0
True,1.27787531568201,0
True,1.47439445064255,0
True,2.22511717812554,0
True,2.15148521401962,0
True,0.89683074524769,0
True,1.65615562257188,0
True,1.85518537793634,0
True,3.89451085488623,0
True,2.23581947684471,0
True,1.837275389516,0
True,0.972850820625012,0
True,0.84220773029794,0
True,2.03576345875652,0
True,1.47192004940769,0
True,1.11250762825321,0
True,3.27395225786276,0
True,1.38320925096636,0
True,1.61860710466844,0
True,1.52812460894972,0
True,2.08479601398335,0
True,0.971897152711846,0
True,1.71120381488033,0
True,1.96257708274073,0
True,0.507411773724486,0
True,2.04379354439036,0
True,1.46047268180758,0
True,3.17193544840423,0
True,1.60273143132872,0
True,0.74472072050844,0
True,0.724004815364038,0
True,2.06291815157148,0
True,1.99802129391085,0
True,1.01065001274513,0
True,1.47379796891908,0
True,1.34143286591094,0
True,0.586008057742729,0
True,2.00083705361476,0
True,2.08939434145027,0
True,1.95952930385488,0
True,2.57975151623548,0
True,2.22022262469192,0
True,1.73843187469213,0
True,2.40940062798085,0
True,3.19273288130486,0
True,1.26363216041057,0
True,1.33840320978777,0
True,0.748059381240377,0
True,1.58196025232536,0
True,2.36263489249184,0
True,3.37055426091973,0
True,1.85499095156395,0
True,1.33550410731463,0
True,1.58540157004577,0
True,1.84131105392215,0
True,1.75854781244048,0
True,2.10866349094818,0
True,2.70501359880531,0
True,2.41430523071089,0
True,1.20253963339557,0
True,0.990842425523905,0
True,1.64349928412091,0
True,0.789686664798586,0
True,2.48734456084628,0
True,1.26213624647141,0
True,1.18506439282804,0
True,1.72752748252873,0
True,2.37514005896511,0
True,1.55888811046172,0
True,1.60476564327064,0
True,1.48877630575214,0
True,2.51213240951024,0
True,1.28576417210254,0
True,3.40885783557062,0
True,1.63754745478197,0
True,3.20789876967774,0
True,2.42875665160786,0
True,0.638855812705205,0
True,1.08412414532545,0
True,1.08111211705236,0
True,1.13383187985474,0
True,1.18376207722542,0
True,1.21814140568211,0
True,1.45510591612999,0
True,1.19798492246976,0
True,1.57730736348522,0
True,0.924867816422772,0
True,3.93114513528359,0
True,1.23101500965578,0
True,0.86110927803911,0
True,0.919120621803315,0
True,2.0032222432446,0
True,0.778329899508378,0
True,1.39648787664182,0
True,0.980014430079374,0
True,2.58788239016881,0
True,2.91526356294699,0
True,3.80248959741635,0
True,2.40673774681039,0
True,2.40411139915068,0
True,2.88071453683088,0
True,3.53582317561341,0
True,1.35294978913548,0
True,1.07132733175686,0
True,2.51528606183471,0
True,1.63262696881797,0
True,2.24302848817429,0
True,2.63138793271395,0
True,2.48451293036429,0
True,0.980161323894047,0
True,2.86638729844573,0
True,3.5317122896279,0
True,2.66256464787942,0
True,1.71786706423165,0
True,0.647769676963647,0
True,3.88188743767574,0
True,2.46657150064304,0
True,1.31397740548761,0
True,3.43838662882824,0
True,2.00115584455105,0
True,2.1514135695255,0
True,1.68605996300505,0
True,1.59090684154309,0
True,1.59109194057089,0
True,0.960259342850179,0
True,1.36695281414656,0
True,1.2035841937035,0
True,2.79151218466204,0
True,4.25623304536,0
True,1.53119469399977,0
True,1.59484854360209,0
True,4.07534766650993,0
True,2.55762569998108,0
True,1.5356883211106,0
True,1.83899912681794,0
True,1.2993137763285,0
True,1.22690733500075,0
True,1.11526420704589,0
True,1.98324785092496,0
True,1.64328777466092,0
True,1.09118021535866,0
True,1.20807957029626,0
True,2.5723178612843,0
True,3.36006346575539,0
True,2.20878852508408,0
True,2.4582031464407,0
True,1.26407429083421,0
True,1.39582033557946,0
True,2.90283966777956,0
True,1.98232056442835,0
True,1.75760997896126,0
True,2.93738424206778,0
True,3.7048239273454,0
True,2.32869568819234,0
True,1.62684600432522,0
True,1.77938746326646,0
True,2.42887744344048,0
True,2.01702004016393,0
True,2.5135835399266,0
True,2.38242553920863,0
True,0.716026467269079,0
True,0.584603041072395,0
True,1.02316396329535,0
True,0.856080004827758,0
True,1.38495297273542,0
True,1.11096321601959,0
True,1.60254893133045,0
True,3.00452679812716,0
True,1.95389130025353,0
True,1.24519472644544,0
True,1.4162269838779,0
True,1.10827615312475,0
True,3.62242906197933,0
True,2.19989800203806,0
True,1.12249637105115,0
True,3.88910884505847,0
True,2.10194632963651,0
True,1.30013351853021,0
True,1.68197465079362,0
True,1.13477193589916,0
True,2.67592225798792,0
True,4.00571802974452,0
True,1.12772054323947,0
True,1.41069262482572,0
True,3.44596816839474,0
True,2.36324844429689,0
True,2.23178847668348,0
True,1.40837055884935,0
True,2.53030215897304,0
True,1.29214579433947,0
True,1.12303922208174,0
True,1.64059254592304,0
True,3.56210808034317,0
True,2.80314451579881,0
True,1.65876962599661,0
True,2.89334925548944,0
True,3.12377913865987,0
True,4.08194154152949,0
True,2.36022092489363,0
True,3.33346967985845,0
True,2.0352208400504,0
True,1.19415382384088,0
True,1.24495362207344,0
True,2.32963308316454,0
True,1.52902024368705,0
True,1.81782765068699,0
True,0.961205922051159,0
True,2.07289490804297,0
True,3.1126437655997,0
True,2.60368989427239,0
True,1.33607437763479,0
True,1.96963440812607,0
True,1.64132816958104,0
True,1.5037199780852,0
True,1.94016990893976,0
True,1.59205887222726,0
True,2.73083029773912,0
True,2.49772720226767,0
True,1.02050104118394,0
True,1.47838847132553,0
True,1.31204638431794,0
True,1.64338621144304,0
True,1.16526783257499,0
True,3.03427646543522,0
True,1.94598743915867,0
True,2.16020636046677,0
True,1.39623894999088,0
True,1.77120079266645,0
True,0.903416328069318,0
True,1.23531512159281,0
True,1.56243524642224,0
True,1.60386644164187,0
True,2.47776636317249,0
True,2.60108777485342,0
True,3.53743631842416,0
True,3.67384739990349,0
True,0.845909091955075,0
True,1.32889452076669,0
True,1.06829828957176,0
True,3.01449643372193,0
True,1.30916967572902,0
True,2.21101503022416,0
True,2.98596566302413,0
True,1.7851136787213,0
True,1.65388193942933,0
True,1.44153557098783,0
True,1.10663941785213,0
True,2.01866208119246,0
True,1.10311642603073,0
True,3.28930946403926,0
True,1.98252888685193,0
True,1.28975781598552,0
True,2.45079544360568,0
True,0.920723546185195,0
True,0.877367507310079,0
True,1.68807839817867,0
True,1.57846582153522,0
True,1.53956265514346,0
True,3.75912964932856,0
True,2.51938440214849,0
True,2.30329768702456,0
True,1.87895528806157,0
True,1.93775319995083,0
True,0.862673266161198,0
True,1.32177863757401,0
True,1.81078195723536,0
True,2.08945561245056,0
True,2.07413235021557,0
True,1.99245604528778,0
True,1.515976642567,0
True,0.665069152237292,0
True,1.58094698728509,0
True,2.61347237807773,0
True,2.0464335686797,0
True,1.78761000345215,0
True,1.91500688365423,0
True,4.26181482117654,0
True,2.73000099973563,0
True,1.71025345095027,0
True,1.38147110933263,0
True,2.46307856125877,0
True,1.77731661895053,0
True,2.24566662084576,0
True,2.49043574647561,0
True,1.10917766847951,0
True,1.47200595910548,0
True,1.89051882679171,0
True,1.85673873594002,0
True,2.6744305426818,0
True,3.13002441451,0
True,2.35784737848511,0
True,1.63609075630259,0
True,2.57533318722932,0
True,2.5927660038977,0
True,2.48638437069569,0
True,1.13190198190794,0
True,2.80666072459842,0
True,3.6709513330578,0
True,2.39769409296465,0
True,2.17935021395671,0
True,2.2177535837779,0
True,1.05872615829153,0
True,1.53786004483947,0
True,3.36197439191045,0
True,4.34057965146675,0
True,1.98777952604193,0
True,1.89441815561861,0
True,2.03366665743796,0
True,1.98262817817167,0
True,2.30475258194022,0
True,3.45652406982387,0
True,2.05987144685065,0
True,1.03150594734381,0
True,1.40982780493089,0
True,2.82911818975196,0
True,2.67232377314118,0
True,2.15163978693295,0
True,1.77941435782212,0
True,2.60211236536816,0
True,2.5137206604141,0
True,2.35709873142171,0
True,2.20600141248778,0
True,2.58859716341968,0
True,3.20902066192328,0
True,1.47218444772889,0
True,1.68587825007494,0
True,1.71644554546542,0
True,1.30790600826641,0
True,2.88153196514714,0
True,0.387403382063652,0
True,1.54682226884893,0
True,2.36500936437036,0
True,2.09015453333318,0
True,3.11117934194419,0
True,1.36978070984855,0
True,1.03245977665505,0
True,2.1264094919441,0
True,1.1019750918013,0
True,1.67533365817469,0
True,1.3346376479434,0
True,2.021897410791,0
True,2.00546886024956,0
True,1.93144031762751,0
True,2.13937194267176,0
True,1.95231044265635,0
True,2.69293020001854,0
True,1.33679249584423,0
True,1.51882859050837,0
True,2.60881894598281,0
True,2.1058174540518,0
True,0.664895847582085,0
True,3.10963436526154,0
True,1.62823083059325,0
True,2.22438129300683,0
True,1.57272038676665,0
True,2.37699661263643,0
True,2.46480755450609,0
True,2.01287297018372,0
True,2.16379451624078,0
True,2.10599359984513,0
True,1.2618548594637,0
True,1.59560667232616,0
True,2.63923458238568,0
True,1.64817292382486,0
True,2.08546649239237,0
True,2.44351076077872,0
True,3.10135070489592,0
True,1.73575790289289,0
True,0.573261758332815,0
True,0.649559746658949,0
True,1.51062365197973,0
True,1.26611594229014,0
True,2.3618252127468,0
True,1.8975702530703,0
True,2.55789314399089,0
True,2.52127362446496,0
True,1.90326083988929,0
True,3.90244462076396,0
True,1.32271775270871,0
True,0.882738152704954,0
True,4.03321153472371,0
True,1.65962412548168,0
True,2.40392708096988,0
True,1.1825569574663,0
True,1.60962157231796,0
True,3.69659256920708,0
True,3.23450176937882,0
True,2.3542768859106,0
True,2.16545581340947,0
True,1.57250786200889,0
True,1.89238180464039,0
True,1.49942037926785,0
True,0.546531535562388,0
True,1.28809244820604,0
True,0.861994126101031,0
True,3.58956006300291,0
True,3.17558477228808,0
True,1.76285434978917,0
True,1.58991652494254,0
True,1.24058147179834,0
True,3.11873975763071,0
True,3.11887450940496,0
True,2.18307630517751,0
True,1.22050901793654,0
True,1.66056356837614,0
True,1.56305067170188,0
True,1.31721744398629,0
True,1.35958694488056,0
True,0.802767319569181,0
True,1.21263513352107,0
True,2.49836317048926,0
True,1.38481553710202,0
True,1.40552813255184,0
True,2.01247736035591,0
True,2.1502081826864,0
True,1.53971843651825,0
True,0.592763286620951,0
True,3.62279466934857,0
True,1.88233534304147,0
True,1.64650537322379,0
True,1.44612664189088,0
True,2.42572354986571,0
True,0.970230254671246,0
True,0.884243778867269,0
True,1.40206819018555,0
True,2.56465175843372,0
True,1.66778676132785,0
True,3.04450685549866,0
True,0.818500262260178,0
True,2.77733342157412,0
True,2.13116125444677,0
True,0.860425649297218,0
True,3.16434832364712,0
True,3.80111349493381,0
True,1.1485309747119,0
True,3.53742096619903,0
True,0.972332646900781,0
True,1.13824856491924,0
True,1.1929198460002,0
True,1.12516830113238,0
True,1.28425566221497,0
True,1.23946848151942,0
True,2.82835492149273,0
True,1.15777708685602,0
True,1.24922609518614,0
True,2.54706941665849,0
True,2.03321805248699,0
True,1.42845371865928,0
True,2.49230871547112,0
True,1.08286048843491,0
False,1.64196297656935,0.000169583015458557
True,2.5621590670869,0
True,1.74677389313861,0
True,1.84460887004377,0
True,2.26609687171187,0
True,1.1899392739183,0
True,2.0080935905696,0
True,1.07765466570475,0
True,0.992703945145183,0
True,3.08398771746754,0
True,1.86389032539905,0
True,2.78439843656595,0
True,2.63547525220637,0
True,2.34008932944695,0
True,1.82005101545822,0
True,2.91105017903853,0
True,1.08539948685157,0
True,2.91431211524722,0
True,1.14163364286367,0
True,1.56491271399585,0
True,1.48819447661051,0
True,2.53165584794875,0
True,2.09831387724278,0
True,2.03239089999647,0
True,1.25707042868779,0
True,2.20017264927616,0
True,1.79590031907364,0
True,2.46435444593802,0
True,1.67402034336241,0
True,3.0311900215507,0
True,1.86888965781616,0
True,0.867355751605958,0
True,3.12169728640187,0
True,0.746238917012591,0
True,1.24139065080739,0
True,2.27193493231989,0
True,1.38557007719,0
True,1.451824367873,0
True,1.35559462662764,0
True,1.33542394690467,0
True,3.00216549363049,0
True,2.04056710259467,0
True,2.52210948814234,0
True,2.12162891142662,0
True,2.57697498710436,0
True,2.50007622428694,0
True,1.96296941787768,0
True,2.74599224436783,0
True,3.86176996192352,0
True,1.01573495859904,0
True,1.5892456225545,0
True,1.20508723730116,0
False,1.81010983646084,0.000376613525093004
True,1.85407887201327,0
True,1.31335492350459,0
True,1.35376160766715,0
True,1.06499178778095,0
True,2.56434165643434,0
True,2.92950900130841,0
True,2.91352741417431,0
True,3.0063669429337,0
True,1.63788381645777,0
True,1.63194532170434,0
True,1.8457312506636,0
True,2.59704866824106,0
True,2.58866837660926,0
True,1.31237890242627,0
True,1.89713695052895,0
True,2.48238054382406,0
True,3.53848103612613,0
True,2.79256575810658,0
True,2.06279776777581,0
True,1.66369040541929,0
True,1.04118865441473,0
True,0.728306593125184,0
True,1.59642989674812,0
True,1.39486256096332,0
True,3.41389591008508,0
True,3.33708041207371,0
True,0.99817300139861,0
True,1.80944416162913,0
True,2.06820942089343,0
True,1.6205799134668,0
True,1.67274490041366,0
True,1.02099956490947,0
True,1.44967842180326,0
True,0.829162717853412,0
True,1.93283159947726,0
True,2.53312959097009,0
True,1.61621367337468,0
True,0.931047192614548,0
True,2.84358271389303,0
True,1.79164350763963,0
True,2.42734719432132,0
True,2.06954859164366,0
True,2.07347167723614,0
True,1.8149443164446,0
True,3.1807917523767,0
True,2.36353933610722,0
True,1.41092149774392,0
True,0.618458384283743,0
True,2.28810628193078,0
True,1.39173481141276,0
True,1.10098936002094,0
True,1.52667591212283,0
True,1.51159146550201,0
True,0.980880614684602,0
True,1.95511874842407,0
True,1.97114536377332,0
True,2.00600415597794,0
True,0.86073901073776,0
True,1.8935810456281,0
True,1.6687784545384,0
True,1.84018826404362,0
True,1.90034553024962,0
True,3.18915385480529,0
True,2.30804052622785,0
True,3.04038955469521,0
True,1.003209028514,0
True,3.3907450307128,0
True,1.48744798577418,0
True,0.941508976396089,0
True,1.63707751927102,0
True,1.92113203715604,0
True,0.994051037353143,0
True,2.68661655980655,0
True,1.26928912829577,0
True,1.54206144470377,0
True,1.7408542502357,0
True,1.25092703661682,0
True,1.60387246793176,0
True,1.92942163260768,0
True,2.67158569699147,0
True,1.28308237361982,0
True,1.5342164958702,0
True,2.20422199100434,0
True,2.11453538593647,0
True,2.11605845517509,0
True,2.48252839940416,0
True,0.859825655888811,0
True,2.28230344248848,0
True,2.32416347331908,0
True,2.35290206470651,0
True,2.12649469870897,0
True,1.82514811051515,0
True,1.45739123837541,0
True,1.19115404432117,0
True,2.27905140430096,0
True,1.00364290314171,0
True,1.16935958512744,0
True,2.62750410300785,0
True,0.899880362057523,0
True,0.98050068429096,0
True,3.27738481226126,0
True,2.90548326291346,0
True,1.40923958621537,0
True,2.43769136238363,0
True,2.80160731214555,0
True,3.57248650727016,0
True,2.90559110231363,0
True,2.19002689143636,0
True,2.03148946962252,0
True,1.59329139694399,0
True,1.71855646685278,0
True,1.38906189900749,0
True,2.66605818484491,0
True,3.22071375467171,0
True,1.28295329618204,0
True,1.12228654741034,0
True,3.6572213577734,0
True,1.80819852537842,0
True,1.85097340091328,0
True,2.03104081795109,0
True,2.92392730908334,0
True,1.4400381765589,0
True,2.39117809481434,0
True,2.63871734467448,0
True,3.5830440150367,0
True,1.03776892593763,0
True,3.33250634657337,0
True,1.785143679182,0
True,1.6661288283455,0
True,3.28227309844629,0
True,3.47968665067471,0
True,1.26641806464456,0
True,1.42903783626743,0
True,1.23840294795341,0
True,3.18037444448466,0
True,1.25909692901073,0
True,0.8280109100164,0
True,1.4123080944429,0
True,2.87355020622104,0
True,2.0737697865858,0
True,2.67446228967352,0
True,3.69954258963538,0
True,2.32766205103733,0
True,1.16008831995317,0
True,1.36181688353554,0
True,2.53864242451514,0
True,4.57246404291358,0
True,2.34544150427237,0
True,1.91155270690706,0
True,1.54107822090296,0
True,1.14949687250258,0
True,1.41700234719383,0
True,1.2059030222246,0
True,1.52003230497028,0
True,1.82755887821515,0
True,2.12770372244126,0
True,3.71179954500794,0
True,1.22989996220391,0
True,2.51223797451691,0
True,1.03651413407487,0
True,1.55674182237531,0
True,1.72981811633456,0
True,1.81466245179927,0
True,1.46432561651096,0
True,1.6870818078267,0
True,1.06342022481882,0
True,2.32790235995284,0
True,1.81131193001273,0
True,1.55743791696612,0
True,0.940160716631126,0
True,0.839619582182898,0
True,0.716661670257847,0
True,1.91432693727167,0
True,1.35904701812037,0
True,3.65304627687737,0
True,1.12342953755476,0
True,2.41587898355822,0
True,1.22407907966594,0
True,2.65040979160056,0
True,2.88996521930533,0
True,1.10866011905903,0
True,2.60989718754467,0
True,3.28685000260712,0
True,2.40464643016577,0
True,1.89241344550372,0
True,1.80459825082787,0
True,4.19262814117708,0
True,0.849338818111819,0
True,2.47825207564594,0
True,1.23513610225855,0
True,0.774261864601408,0
True,1.26768794200513,0
True,2.5740647527349,0
True,2.16587823445387,0
True,0.998519672162576,0
True,3.02229402082945,0
True,4.0955559956545,0
True,1.19165168924806,0
True,0.996389945410018,0
True,2.2473215261185,0
True,2.86133297942615,0
True,1.60093382659216,0
True,1.05483910131254,0
True,1.79413974586296,0
True,2.67880282124185,0
True,2.66762062700143,0
True,1.15101513850659,0
True,1.93024501317771,0
True,2.27921094260279,0
True,0.509800786884295,0
True,1.85561593189419,0
True,1.19169686139042,0
True,1.77145162919853,0
True,1.41876527273225,0
True,2.00274819453845,0
True,1.46137110950325,0
True,2.03612481285432,0
True,1.48933372708116,0
True,2.41661440899268,0
True,1.92817823682886,0
True,0.928313419905295,0
True,1.8347061695454,0
True,0.893464029787977,0
True,2.48732913736389,0
True,1.05296531723925,0
True,2.17776728099842,0
True,1.66707718695008,0
True,3.89292945992524,0
True,1.89632015209472,0
True,2.71586232054318,0
True,1.70123186993271,0
True,1.85453767259821,0
True,1.48297400452607,0
True,3.90996468819898,0
True,2.19260644017455,0
True,1.49849296636386,0
True,2.25688741554543,0
True,1.20654361956121,0
True,1.52620863592914,0
True,1.01625236790882,0
True,2.00620027014205,0
True,0.894246912987892,0
True,1.5200905230357,0
True,2.22898889381585,0
True,1.26061570837468,0
True,1.99251199231012,0
True,1.91085412549462,0
True,1.87220804340428,0
True,2.39210749491249,0
True,1.22430054804472,0
True,2.74493307935603,0
True,1.86335355686862,0
True,0.874902128473051,0
True,3.37240432880395,0
True,2.05486027933404,0
True,1.37638028723632,0
True,2.66328184457163,0
True,0.951566549255325,0
True,3.66442007875307,0
True,1.85729771923212,0
True,1.68398774212938,0
True,3.57724434622999,0
True,2.19561876461422,0
True,1.53298794033941,0
True,1.81240340838239,0
True,2.15362244074665,0
True,1.15270817389399,0
True,2.22005559241733,0
True,1.04505802999699,0
True,1.30266254183488,0
True,1.62966410224022,0
True,1.61486458365227,0
True,1.1415087695913,0
True,1.23280268651283,0
True,0.754792908441581,0
True,0.539015927179447,0
True,1.76912288327311,0
True,3.01758459768816,0
True,1.97191352293388,0
True,2.26740520971975,0
True,2.59996649623901,0
True,4.1203531253594,0
True,3.05017859113249,0
True,1.34342159661631,0
True,2.34178503960077,0
True,1.96419359321395,0
True,1.29802459366009,0
True,2.14234401920316,0
True,1.85653984112835,0
True,1.09866071903856,0
True,4.06308895913121,0
True,2.62298600001911,0
True,2.6601458478319,0
True,1.452464236516,0
True,3.39790567537926,0
True,2.67554792274797,0
True,1.67715281470928,0
True,1.32348187883424,0
True,1.17140100337062,0
True,1.78241200627592,0
True,1.05030045017984,0
True,3.67199793078008,0
True,0.756994200141957,0
True,1.30436864837914,0
True,1.55248541773796,0
True,2.39982120046654,0
True,1.74330507886124,0
True,1.08603925438495,0
True,1.27108499741788,0
True,2.74918806010152,0
True,1.65421049591295,0
True,2.46394547116829,0
True,2.2011234575734,0
True,1.99809828036662,0
True,2.43112216891127,0
True,2.03538267569863,0
True,1.90797316394809,0
True,1.44439213435711,0
True,1.36326197147989,0
True,2.50309052489283,0
True,1.98412618111385,0
True,1.73026491442529,0
True,1.8117309059812,0
True,1.72595958552258,0
True,1.40770717536279,0
True,2.48107581253308,0
True,1.49762117183383,0
True,1.7968397094891,0
True,2.5347822939291,0
True,1.27616564973914,0
True,1.85083796849834,0
True,1.71637494512547,0
True,1.79984330269051,0
True,1.39424904262335,0
True,1.43461955202849,0
True,1.77027669584369,0
True,2.34458683286005,0
True,2.26756262369062,0
True,1.74628433234582,0
True,2.04787279538247,0
True,1.46804547886123,0
True,1.60152228499267,0
True,2.1669518152899,0
True,0.943569700418688,0
True,1.19444509859598,0
True,2.04687217133489,0
True,2.44804203065846,0
True,3.86206136852718,0
True,3.38876608021961,0
True,3.65250659686278,0
True,0.638125136460591,0
True,1.83338984586845,0
True,1.47973198709557,0
True,1.19442142991541,0
True,2.3609905859197,0
True,1.41171105754048,0
True,2.01459448772866,0
True,1.17837769902642,0
True,1.66687630799553,0
True,0.951591855327417,0
True,3.06619607857492,0
True,1.48850920046791,0
True,1.92092517300795,0
True,3.92423534772378,0
True,4.09450889104136,0
True,0.99968948047196,0
True,3.39098915776342,0
True,2.1812188069768,0
True,2.35754051106864,0
True,1.39838488534585,0
True,0.998814133503118,0
True,2.72623780132701,0
True,3.28174710881878,0
True,2.29319127698314,0
True,3.39888695569041,0
True,1.50589072604086,0
True,1.3181844282211,0
True,1.22142655370852,0
True,1.03415647957117,0
True,1.98271942903921,0
True,1.06200658024444,0
True,0.950922715162274,0
True,1.3860889827838,0
True,1.00129887329986,0
True,1.64257347951452,0
True,2.39526548409477,0
True,2.45132696472846,0
True,1.78063442216527,0
True,2.04902971197053,0
True,4.34880481756022,0
True,2.75154679599901,0
True,2.28627919664284,0
True,0.862692763853625,0
True,1.8974831989834,0
True,3.19911738450224,0
True,1.33395482417798,0
True,1.53643385343286,0
True,1.45900564910102,0
True,2.70296205525767,0
True,1.03192419975779,0
True,1.12185574322015,0
True,1.29780347624252,0
True,0.979740467334148,0
True,1.89714288016146,0
True,1.21162398792671,0
True,2.03295259744119,0
True,0.890422556558833,0
True,4.11206165739817,0
True,2.46641028526341,0
True,1.03442063052701,0
True,2.86952228029476,0
True,1.73457260078493,0
True,3.71295972512397,0
True,3.23096832980605,0
True,3.94647246917304,0
True,4.23099248495308,0
True,1.12218015778409,0
True,0.721458146294664,0
True,1.57398788915064,0
True,2.27324601625562,0
True,2.49249063600475,0
True,2.62276679383218,0
True,1.72623948878172,0
True,2.03275718152182,0
True,2.34179644224632,0
True,2.75722411692157,0
True,1.32889309000296,0
True,1.67005693383887,0
True,1.75164138051487,0
True,1.1064739855295,0
True,1.30361803530994,0
True,3.81500730894239,0
True,1.84239145596014,0
True,1.42952321362798,0
True,0.927324424751459,0
True,1.9446776300078,0
True,0.929809297223661,0
True,1.69092222187805,0
False,3.56372987913444,0.000402094662626331
True,2.70943133903774,0
True,1.10040027075953,0
True,0.893965264716295,0
True,1.61568549103213,0
True,2.74633058566348,0
True,1.48850290544599,0
True,1.84403265213112,0
True,2.43847719309234,0
True,2.09985294125052,0
True,2.70684086954513,0
True,1.61292856176163,0
True,2.24478267317055,0
True,2.50904671259024,0
True,2.23882541731425,0
True,3.14742902452832,0
True,1.67538137402036,0
True,1.20885795971475,0
True,1.97841450954522,0
True,1.03752312503823,0
True,2.8447583949907,0
True,3.37595696000742,0
True,1.74816801133908,0
True,1.46632404819955,0
True,2.19655036233888,0
True,1.13352972894103,0
True,1.58838590062766,0
True,1.44426502480908,0
True,2.8037855339195,0
True,2.01911790130933,0
True,2.43228431030053,0
True,2.25062976881871,0
True,2.30085192788176,0
True,2.51746469115928,0
True,3.17141750802323,0
True,1.94157210011745,0
True,1.59551499894796,0
True,3.53405459688958,0
True,1.5030065264471,0
True,1.00854945275949,0
True,1.30669548339894,0
True,4.29983251895464,0
True,1.92843697207823,0
True,1.51217800586662,0
True,2.45590592507497,0
True,1.75278883460743,0
True,2.18063072937734,0
True,1.09713213492839,0
True,1.31733793764361,0
True,0.670278441397617,0
True,2.00495950386221,0
True,1.5172946278666,0
True,1.3259735748641,0
True,0.83937087119687,0
True,2.59984857321214,0
True,3.55375893965852,0
True,1.41898739295458,0
True,2.42149454542213,0
True,2.76395301914294,0
True,3.85093638767779,0
True,2.43321748280859,0
True,1.03872665562381,0
True,1.18450524229827,0
True,1.42584729413112,0
True,2.63474383732324,0
True,2.51671875965848,0
True,0.9765375123162,0
True,1.67046610642858,0
True,2.25379847812951,0
True,1.66498392878954,0
True,2.27431540181094,0
True,1.52995608718341,0
True,1.3339819414379,0
True,3.89218996863118,0
True,3.44751420844103,0
True,3.23460665776187,0
True,1.01376598739418,0
False,1.64439440894457,0.000209073804976598
True,2.8390404098353,0
True,2.90056281295397,0
True,2.64734800915186,0
True,3.25282623891,0
True,1.36214167226183,0
True,0.50199996750642,0
True,2.10492078203025,0
True,1.98040938648026,0
True,2.52672264172099,0
True,1.58237883629867,0
True,1.59813554633796,0
True,1.31640354738268,0
True,3.25904497355091,0
True,3.53354554040924,0
True,1.05531249830387,0
True,1.13934360136,0
True,2.07364122881818,0
True,1.31247058891824,0
True,0.758028385755537,0
True,1.38859224565621,0
True,1.13777511130742,0
True,0.660119088153127,0
True,1.06934607220248,0
True,1.9395028168946,0
True,1.70228867746294,0
True,2.49836747006551,0
True,1.19833988183662,0
True,0.70543557078226,0
True,1.01532148159944,0
True,1.30964210167715,0
True,1.70673543975191,0
True,3.40827146358744,0
True,2.49610306942528,0
True,2.44855867548501,0
True,2.21351502134213,0
True,3.5644217848492,0
True,0.764883624406909,0
True,3.70120709156662,0
True,0.951978852033523,0
True,1.3015382046613,0
True,1.10923354416003,0
True,1.39101357286473,0
True,3.07822941988839,0
True,1.9650275086857,0
True,1.92258302989442,0
True,2.59371867126618,0
True,1.69090757455058,0
True,1.04005247168378,0
True,1.42136513479606,0
True,1.53652254186453,0
True,1.6978090676304,0
True,2.7177584178919,0
True,2.12836790203821,0
True,1.70058469558486,0
True,0.8176927347718,0
True,1.64988192362805,0
True,1.33357622284616,0
True,1.10486936955427,0
True,1.7773780951044,0
True,1.95494709800134,0
True,0.79711998805879,0
True,2.80100803686462,0
True,2.70614023417637,0
True,2.8270554684796,0
True,2.41431976038001,0
True,0.713959164975007,0
True,1.90531431419242,0
True,0.976566481616655,0
True,2.04152536216689,0
True,1.62746772176648,0
True,3.5016307288939,0
True,1.61301965552554,0
True,2.18657344189479,0
True,1.19906458095983,0
True,1.54301914101592,0
True,2.65808580216573,0
True,1.8065885672482,0
True,2.36345832158803,0
True,1.19734481480094,0
True,3.38634725576369,0
True,1.24068586131482,0
True,2.50092709179327,0
True,1.51215798874357,0
True,1.7761378439234,0
True,1.30570941424919,0
True,2.53185950666965,0
True,2.172950744404,0
True,1.89256555519853,0
True,0.783246752918226,0
True,2.3195753890081,0
True,1.61571075694515,0
True,0.803854808808891,0
True,0.957730665729641,0
True,1.69706049960439,0
True,1.61391112718766,0
True,1.5327848021511,0
True,2.21084982021354,0
True,1.9847109315194,0
True,1.3387989448342,0
True,2.16064601109399,0
True,2.25218244938768,0
True,0.926149375651671,0
True,1.2305142901961,0
True,1.11772721422574,0
True,1.27911918843718,0
True,2.12486149498835,0
True,1.92988921709943,0
True,1.43810968221051,0
True,1.59519192987276,0
True,1.30037239535716,0
True,0.787841891055897,0
True,2.52881715644594,0
True,2.43846902010743,0
True,2.5537606896436,0
True,1.92018575753811,0
True,1.00042280109614,0
True,1.5854788085844,0
True,3.07786733727073,0
True,1.58296257707563,0
True,1.71554480727683,0
True,1.06043251654392,0
True,0.966647746701193,0
True,2.24059432220724,0
True,1.16829912740517,0
True,0.874128276671222,0
True,1.01225527965608,0
True,1.9577850638357,0
True,1.68050701241472,0
True,1.24917343201191,0
True,2.01176727121602,0
True,3.80975091397762,0
True,1.23285132773371,0
True,1.36464255936527,0
True,1.80004080428914,0
True,1.20443087156471,0
True,2.39635040584368,0
True,1.16242299600872,0
True,3.14170587626191,0
True,3.17458507014734,0
True,2.71418682581583,0
True,1.67630187913428,0
True,0.981533259535246,0
True,1.48653539639209,0
True,1.60467098061432,0
True,2.17372259165693,0
True,2.46067694309397,0
True,1.70921536584067,0
True,2.25852133761921,0
True,2.05233387648832,0
True,1.61732578521618,0
True,1.06352153615123,0
True,1.88733259780892,0
True,2.42955887955806,0
True,1.87672592610567,0
True,3.06268581416339,0
True,1.10607903932039,0
True,1.50457114934505,0
True,1.2345594494379,0
True,1.61242887329941,0
True,1.67488773963218,0
True,1.55743366405835,0
True,3.39565135565748,0
True,1.78150152032769,0
True,2.5920223647141,0
True,2.968770374018,0
True,1.62796369254028,0
True,2.00889960718294,0
True,2.77668682904761,0
True,2.50475933716932,0
True,1.22276789315179,0
True,3.83252212510092,0
True,1.82294359702455,0
True,3.01081458093892,0
True,1.19461834402278,0
True,1.34563079549428,0
True,2.23351577874299,0
True,2.4572565019279,0
True,2.19357608579764,0
True,1.58487219614332,0
True,1.01649599695533,0
True,2.15384628435464,0
True,1.13489062074958,0
True,1.2859524382163,0
True,3.99106596254353,0
True,1.97897377682784,0
True,3.28789568639208,0
True,3.62369471237051,0
True,4.14899506482249,0
True,1.93508582995832,0
True,4.30163632123382,0
True,3.87466810138182,0
True,4.15637057682559,0
True,2.81422029849339,0
True,1.30054160417998,0
True,2.86808297244767,0
True,1.41222796502355,0
True,2.07047780720808,0
True,1.0338617730842,0
True,2.27032323344497,0
True,1.83534426806357,0
True,2.32803103453487,0
True,3.38432560972118,0
True,2.0709715506688,0
True,2.56004696196634,0
True,1.75795140176897,0
True,1.23847130712125,0
True,1.77832825350442,0
True,1.39134975391284,0
True,1.21713719489555,0
True,2.64083600471563,0
True,1.87586994489445,0
True,1.28532382275531,0
True,1.79632324832999,0
True,2.76911731181977,0
True,1.23168368403027,0
True,1.87690568144195,0
True,2.35893111810058,0
True,1.07717693640478,0
True,2.42306323579835,0
True,3.67912619116052,0
True,1.30240220723067,0
True,2.13176904689316,0
True,1.26090531241101,0
True,1.64232144574056,0
True,1.41016507909879,0
True,1.13048400954305,0
True,1.70111058430605,0
True,1.08262686558008,0
True,2.01614907666304,0
True,2.52380545063619,0
True,2.78046641923805,0
True,1.16047035216236,0
True,3.20742851697905,0
True,2.58402357750114,0
True,2.27996824400209,0
True,1.24958970168506,0
True,1.1611878838642,0
True,1.74867092959174,0
True,1.07024844831146,0
True,2.10645100219465,0
True,1.97640238701529,0
True,1.92980152710797,0
True,2.61417808540864,0
True,1.91797582020294,0
True,2.76050605170978,0
True,2.70446064598057,0
True,2.2883067374828,0
True,2.28752299102474,0
True,0.994939449767506,0
True,1.66003348786741,0
True,1.57675633787761,0
True,0.72468879770417,0
True,1.97225083008748,0
True,2.57487092305077,0
True,2.20840880160864,0
True,2.50197843169184,0
True,2.40299869048497,0
True,1.6574191070087,0
True,1.02671960623296,0
True,1.72344598558052,0
True,0.902070699400485,0
True,3.56897947352268,0
True,1.51863100742373,0
True,3.79712449774562,0
True,2.67504471128909,0
True,1.35438823984818,0
True,1.59225527818503,0
True,1.70112174961713,0
True,1.25793073555465,0
True,2.08748866443556,0
True,2.60082206756159,0
True,2.14081907933471,0
True,3.16114797358819,0
True,2.99844046908946,0
True,1.78710102425877,0
True,3.30837061653688,0
True,1.33952945996792,0
True,1.47693527424552,0
True,1.00653587716379,0
True,1.73644551495866,0
True,2.46277589675781,0
True,1.48365487431712,0
True,2.26328315739542,0
True,1.10022108690812,0
True,2.18161527528346,0
True,2.78442349898951,0
True,2.82914300788934,0
True,2.13511825159226,0
True,0.958416313647377,0
True,1.2955430453471,0
True,1.25881266326066,0
True,1.80078884824403,0
True,1.5557551524423,0
True,2.26142285231899,0
True,3.01481184236363,0
True,0.628113147181604,0
True,0.781384745955308,0
True,0.810818034815715,0
True,1.0160418326377,0
True,1.08652254075342,0
True,1.6743995721923,0
True,2.3367300616254,0
True,1.83315370326507,0
True,1.21502459443407,0
True,1.25434731572982,0
True,1.49629486112856,0
True,1.41452879354911,0
True,3.28701368529565,0
True,1.09405704612758,0
True,1.55399556103038,0
True,2.79699464525978,0
True,2.45549419355586,0
True,1.99029597347978,0
True,2.78155303731492,0
True,2.56542734376798,0
True,1.39463384204859,0
True,1.17781075338958,0
True,0.757355049033041,0
True,2.43963688989158,0
True,1.62668637172744,0
True,1.1211746106935,0
True,1.09521789637974,0
True,1.51407165724017,0
True,2.73105322418234,0
True,1.87268913181654,0
True,2.70613930778621,0
True,2.6578238898141,0
True,1.87115217581943,0
True,1.66319897619945,0
True,2.47217376909096,0
True,2.57102356721016,0
True,3.12084906485637,0
True,3.75652730294993,0
True,2.29050005365914,0
True,1.0977814392065,0
True,1.34878770054626,0
True,2.1160318469671,0
True,4.2960996972176,0
True,2.62712499983167,0
True,1.33079686186262,0
True,1.65401489633052,0
True,1.34930108240582,0
True,0.977824028428147,0
True,2.53692534490259,0
True,1.64018104654348,0
True,0.885511396099442,0
True,1.80662798059174,0
True,2.35205682167948,0
True,2.73153573900643,0
True,0.878108838454701,0
True,2.85121060194172,0
True,1.80721571460908,0
True,1.10527410738139,0
True,2.80677741170634,0
True,1.21297783283066,0
True,0.756633277188302,0
True,1.51575767619838,0
True,1.47265711713218,0
True,1.74200669102543,0
True,2.08222291542158,0
True,1.36276843983603,0
True,2.12401043452211,0
True,2.07894634961239,0
True,1.58704487081255,0
True,3.84342241733805,0
True,2.31115007576985,0
True,1.67265070311576,0
True,1.87943393082581,0
True,2.36926360082459,0
True,3.30052214720077,0
True,2.58518469724632,0
True,1.2854419080203,0
True,3.80999926487637,0
True,3.23543902261298,0
True,2.42110232195141,0
True,1.10774046165096,0
True,3.10675104212435,0
True,1.11071640810684,0
True,1.66704892914323,0
True,1.24780944856663,0
True,2.13673552170248,0
True,1.01328987984266,0
True,0.744212048619274,0
True,2.55969880985829,0
True,1.98438355702186,0
True,3.20217954112254,0
True,1.66928283208548,0
True,1.22913100204479,0
True,4.45021128826526,0
True,3.03199901194347,0
True,1.86464209730614,0
True,1.8144254553991,0
True,1.19608974782049,0
True,1.9715627247379,0
True,1.24278551531107,0
True,1.39697908143627,0
True,1.2483608250064,0
True,2.05563306238806,0
True,1.23042505685845,0
True,2.60596300958271,0
True,1.79398467136533,0
True,1.07257830659325,0
True,2.12109502106446,0
True,1.4383102364065,0
True,1.47066894741771,0
True,1.09451341054162,0
True,2.01936660430112,0
True,1.64100735603522,0
True,1.10251008761877,0
True,1.52317807401062,0
True,1.83770826276127,0
True,1.00785598622004,0
True,1.61364279007117,0
True,2.58860610277825,0
True,2.09473778449316,0
True,1.59467189840666,0
True,1.5095570665634,0
True,2.55676330222423,0
True,2.78091297426316,0
True,0.873336107282968,0
True,1.77887068465422,0
True,1.87730859973021,0
True,1.98784095282275,0
True,2.89056259430992,0
True,3.26768801001028,0
True,3.17041848105345,0
True,1.32566502531842,0
True,1.56250804233012,0
True,0.90961470229744,0
True,3.57151292765319,0
True,1.78809992905627,0
True,3.45679945177812,0
True,2.66485775532499,0
True,1.65296836724605,0
True,1.43286384080772,0
True,1.93277500331005,0
True,1.83790545361626,0
True,1.28207624800147,0
True,1.5317433409421,0
True,1.90937002490413,0
True,1.96101759155867,0
True,1.84352158180112,0
True,2.26093709247356,0
True,0.950867999825555,0
True,1.76949804827378,0
True,2.62689155183276,0
True,1.27100777498913,0
True,2.26121029213762,0
True,2.49285412756738,0
True,2.1739385690865,0
True,1.03989907868334,0
True,2.50431223434547,0
True,3.02088459240189,0
True,1.40837610177519,0
True,1.84985574162715,0
True,1.01352394647597,0
True,1.17821624379386,0
True,2.00075673365442,0
True,2.28710380170788,0
True,2.50806351927489,0
True,1.67468975428622,0
True,1.52027809384457,0
True,1.4256110827755,0
True,3.17744375360666,0
True,2.23200828240676,0
True,2.3258365946104,0
True,1.56294168152874,0
True,1.24043247639722,0
True,2.0386805091835,0
True,0.749437882220088,0
True,1.20667377414519,0
True,1.38291101012391,0
True,2.07148575973298,0
True,1.57561537628962,0
True,1.78126944190386,0
True,1.77871296081483,0
True,1.8601653393028,0
True,2.20786333821493,0
True,1.97632917644625,0
True,1.15571257675032,0
True,1.52014770465903,0
True,3.92067889982005,0
True,2.77275100768737,0
True,1.84508384941893,0
True,2.50235623576996,0
True,1.60136960487811,0
True,2.36781208887957,0
True,0.845812290536364,0
True,3.28728467587507,0
True,1.89522713959022,0
True,1.46845132630331,0
True,1.10342397683084,0
True,4.31735325048382,0
True,1.33481180800605,0
True,1.30562677091895,0
True,1.32119562822197,0
True,1.04226918359898,0
True,1.92210231547431,0
True,2.11294208380749,0
True,1.01403889601614,0
True,1.7724704885359,0
True,1.9194891738041,0
True,1.34763994198229,0
True,2.63732937752709,0
True,1.91590096723394,0
True,1.3886525626067,0
True,2.26134502205337,0
True,2.04855286682931,0
True,1.77434807479803,0
True,1.50759291962428,0
True,1.38168631683496,0
True,1.33518115627493,0
True,1.55368525754344,0
True,2.97210302712476,0
True,1.31581165584844,0
True,1.5894996542537,0
True,4.54375813191566,0
True,2.20980942483192,0
True,2.28744446831353,0
True,1.90519987670361,0
True,1.08515848843958,0
True,1.72389879157387,0
True,1.98138069727165,0
True,1.56176853042904,0
True,2.92980902583216,0
True,1.35752076618986,0
True,2.24248803228793,0
True,1.82531402857816,0
True,2.03606547786467,0
True,1.88963819519043,0
True,1.47994603391342,0
True,1.98670937979365,0
True,2.55925951923163,0
True,1.35526967178312,0
True,2.65419838639075,0
True,0.994639197312787,0
True,3.03644755110031,0
True,1.52161083762731,0
True,2.41874405635878,0
True,2.70834190428062,0
True,4.43427198758225,0
True,3.64731640678275,0
True,1.29848875343254,0
True,3.59322201235654,0
True,1.49268243185459,0
True,0.567874579673402,0
True,2.28029798379487,0
True,2.80305235356499,0
True,2.8680037462907,0
True,1.47421927078975,0
True,1.38526938337784,0
True,2.66880786674589,0
True,1.15852105483139,0
True,1.40487508877373,0
True,1.88065896155359,0
True,2.71985338855386,0
True,2.33412145047451,0
True,2.00728287808777,0
True,1.42933568208667,0
True,4.23014841210547,0
True,2.30641112830199,0
True,1.73152387642132,0
True,0.79079974448594,0
True,0.825462707043579,0
True,1.29576978669177,0
True,1.29777432737024,0
True,1.63333873664331,0
True,2.68400361663508,0
True,2.87731298650481,0
True,3.03832614239856,0
True,1.06061529368599,0
True,1.67463831033852,0
True,3.28932226111569,0
True,2.33475426002846,0
True,1.48542946443212,0
True,2.79192000466642,0
True,1.96136327611496,0
True,2.07448970936765,0
True,2.47062753501601,0
True,1.04887059281498,0
True,2.31329492551575,0
True,0.881082018964066,0
True,2.32016366183215,0
True,1.05081104638029,0
True,0.974202721786026,0
True,1.34782960206194,0
True,1.59736425951077,0
True,1.43813732591999,0
True,1.74194081416644,0
True,2.20964489328576,0
True,1.72802819001857,0
True,3.01255921787719,0
True,1.56989385251773,0
True,1.31668377868776,0
True,0.869259991652699,0
True,1.42726528578798,0
True,1.92348027237698,0
True,1.47628970357984,0
True,3.52517412808714,0
True,0.599461343609352,0
True,1.10063437662359,0
True,3.60041469608836,0
True,1.2719854121071,0
True,0.801985084059787,0
True,2.70860508858232,0
True,2.51647099240078,0
True,2.87079286987703,0
True,1.28456569982715,0
True,1.98610488394834,0
True,2.59446877392789,0
True,3.06555818092485,0
True,1.86885639719955,0
True,0.663634528286722,0
True,2.84903650982338,0
True,2.14376998894992,0
True,2.88658206482142,0
True,2.07839807797089,0
True,0.793977326688998,0
True,1.09033772923368,0
True,1.16098347896879,0
True,1.68528079138784,0
True,0.443191811832828,0
True,1.02799350371272,0
True,2.17934639479154,0
True,1.13000273694685,0
True,1.52416329282567,0
True,1.70333922655246,0
True,1.40857377704441,0
True,1.15134571221458,0
True,2.66013655132104,0
True,3.32775561584369,0
True,2.7061796267666,0
True,0.567788255646487,0
True,2.44666601117525,0
True,1.67851581282309,0
True,1.26416807097487,0
True,1.98667692130302,0
True,2.11353126087094,0
True,1.52895029964274,0
True,1.45661292461169,0
True,1.01404822461469,0
True,1.5070728939952,0
True,1.52564879582415,0
True,1.28079712433561,0
True,1.88002003162973,0
True,2.11426329780693,0
True,1.78886151783414,0
True,2.00912301978708,0
True,1.92426159342437,0
True,2.1395291896766,0
True,2.33057469502275,0
True,1.41202819756353,0
True,0.768962399774532,0
True,1.58070716174425,0
True,1.601331971211,0
True,2.19809578648053,0
True,1.00924717535026,0
True,2.51701021973618,0
True,1.74084768269753,0
True,3.67481791485143,0
True,3.92694077907868,0
True,4.16451574096429,0
True,4.4411289781285,0
True,4.09232075711757,0
True,0.592368046989455,0
True,2.68505141617985,0
True,1.10434730348981,0
True,3.06690884868218,0
True,4.08778057279669,0
True,2.99105563602281,0
True,0.973600076002028,0
True,1.34018399358762,0
True,1.41309036292945,0
True,0.797835068617245,0
True,1.60899568854569,0
True,1.28812219906658,0
True,2.07663891003377,0
True,1.52358240376309,0
True,1.52702132610487,0
True,1.21940843563493,0
True,1.79990336033849,0
True,1.96586009230945,0
True,1.68598423212957,0
True,1.83224121254558,0
True,1.71630004531778,0
True,1.96448704043434,0
True,1.63730568383779,0
True,1.22726570176814,0
True,1.99723672154335,0
True,1.96518932601582,0
True,3.40930582662201,0
True,3.85505931299597,0
True,4.52419604686925,0
True,3.2934254239664,0
True,0.898401183425282,0
True,2.55959723360295,0
True,1.00706299102924,0
True,1.5389691782794,0
True,1.54977566907523,0
True,1.65018335595674,0
True,1.07717400849047,0
True,2.60484604823997,0
True,1.23006763049327,0
True,1.35312125573205,0
True,0.703560641510169,0
True,2.07191887270176,0
True,4.42423977698503,0
True,1.30893898760863,0
True,0.965921676008302,0
True,1.13562468027971,0
True,1.27141199971366,0
True,2.45147818631749,0
True,3.28177108731419,0
True,2.68604194741772,0
True,1.36691790909697,0
True,1.00303828607139,0
True,2.98900032208587,0
True,3.61173999261006,0
True,3.51770716649719,0
True,2.33650210593957,0
True,0.861190995163403,0
True,2.07260837978333,0
True,2.94904854526053,0
True,1.23436161708615,0
True,1.83834956980319,0
True,1.9042264082368,0
True,1.65062533740356,0
True,3.07090216654965,0
True,2.0465361326178,0
True,1.52495925966987,0
True,2.25878827038991,0
True,3.26169939212911,0
True,1.66412545832259,0
True,2.13008651269043,0
True,1.218597174542,0
True,1.41650693721079,0
True,1.81388802610098,0
True,1.68703690671762,0
True,2.22785884703033,0
True,1.18325534819179,0
True,1.18355616913128,0
True,1.2172920454,0
True,2.06755491134483,0
True,0.857076087471431,0
True,2.11657233671229,0
True,2.44262530730494,0
True,2.00033619784572,0
True,2.52751865635214,0
True,2.32271867230857,0
True,1.23265600804123,0
True,1.60646965278065,0
True,1.96979617759087,0
True,1.39825321061694,0
True,1.24293282432496,0
True,1.07846790704851,0
True,1.49406311886049,0
True,1.4176309071932,0
True,0.761849025838125,0
True,2.23093488138189,0
True,1.10993511775633,0
True,1.77191943654292,0
True,3.68093405001032,0
True,1.8371449721354,0
True,2.31994135594325,0
True,4.15001676677031,0
True,2.29662167878588,0
True,3.62439400994392,0
True,3.78507373839583,0
True,1.76658672669457,0
True,1.99106973550533,0
True,4.20769730330785,0
True,3.80018262552289,0
True,0.91670488432671,0
True,0.952466887678641,0
True,2.09785362764963,0
True,3.74616687211688,0
True,1.15715921200588,0
True,0.851578332010707,0
True,1.28866212478514,0
True,2.64273025875416,0
True,0.694243631468797,0
True,1.96852154016262,0
True,1.95521219000438,0
True,1.50447272066098,0
True,0.64374578259356,0
True,2.60534906866023,0
True,2.06373203370522,0
True,1.62248892374233,0
True,1.50783898818585,0
True,2.153403668661,0
True,1.86224014992191,0
True,1.97168836871738,0
True,1.96111234443745,0
True,1.03660410140409,0
True,2.00262280650107,0
True,1.22120090568674,0
True,1.69887536090056,0
True,4.06519929717769,0
True,1.72655799210935,0
True,1.49633814250223,0
True,2.29960735710047,0
True,2.47561242724312,0
True,1.49084406956476,0
True,1.4240333711715,0
True,1.5851556231626,0
True,2.63409336047037,0
True,1.30472627797857,0
True,2.54316719591854,0
True,1.51925159106035,0
True,1.63157728350675,0
True,2.20410584760898,0
True,1.56657679855207,0
True,1.14202932897238,0
True,1.85354865557373,0
True,2.15628624052762,0
True,2.55195043680447,0
True,1.73499120382036,0
True,1.82278620919816,0
True,2.7274517488241,0
True,1.21922221433136,0
True,1.42985594665837,0
True,1.57289179627913,0
True,3.37054935908184,0
True,2.21335350823748,0
True,1.05717740121923,0
True,2.24745745696892,0
True,1.00148121362798,0
True,1.90232948606947,0
True,1.33264865162217,0
True,1.61172971012081,0
True,1.59604654892355,0
True,1.36256288851574,0
True,2.27857760430854,0
True,2.0548811819004,0
True,0.861644862182892,0
True,1.14463815755435,0
True,2.05195525850636,0
True,1.56826718246015,0
True,2.69136824000897,0
True,2.2686482168162,0
True,1.04692982422514,0
True,2.9197399176937,0
True,3.78853704537781,0
True,0.876604590010278,0
True,1.18898681941489,0
True,1.73483070604493,0
True,2.30144088918372,0
True,2.32790632693064,0
True,0.939960138672966,0
True,3.16175577359093,0
True,2.46177003891311,0
True,0.867078129177771,0
True,1.03648095064052,0
True,2.15007799703425,0
True,2.78506424671002,0
True,1.92170762878656,0
True,2.02599080887646,0
True,1.71982429503738,0
True,2.5708392400361,0
True,2.19381381966056,0
True,2.45844602871472,0
True,1.44879329052426,0
True,2.27521505753856,0
True,1.88615703350841,0
True,1.56792289157161,0
True,3.30578026673991,0
True,1.99919945574611,0
True,1.71020677308287,0
True,1.26782607020451,0
True,1.18169440321728,0
True,1.21276145939415,0
True,1.44649439538405,0
True,2.93432538133291,0
True,0.937713506732999,0
True,2.74412159823058,0
True,1.75483219357075,0
True,3.40935454242975,0
True,4.14686805775995,0
True,1.51691783605021,0
True,1.33899397209223,0
True,2.84711382796284,0
True,3.50095303940936,0
True,1.61061666769412,0
True,1.51058222519938,0
True,2.29197745216435,0
True,1.95022491518644,0
True,1.90551757405445,0
True,1.40122224123117,0
True,1.66801202077704,0
True,1.73527159977845,0
True,4.56469825681249,0
True,2.3570448775147,0
True,1.19215408889638,0
True,2.71963018262012,0
True,0.899957430122264,0
True,2.00539486194796,0
True,2.58975372235114,0
True,2.03461695474921,0
True,3.21352958096926,0
True,1.24615053155497,0
True,3.11014370830067,0
True,1.18214142659282,0
True,2.6394132975284,0
True,2.24151811249151,0
True,1.364358275814,0
True,1.66321628462875,0
True,1.71875786846593,0
True,1.73100792223363,0
True,0.415127931026133,0
True,0.807702511380074,0
True,1.80604608812228,0
True,1.52357734190981,0
True,1.18425430734483,0
True,2.32324458254563,0
True,2.26515251913004,0
True,3.90037678957204,0
True,4.22805541543131,0
True,1.88962492017924,0
True,3.1745947535045,0
True,1.6113047735143,0
True,1.39028510105778,0
True,2.25028188638252,0
True,1.44049661020031,0
True,1.92915158958098,0
True,1.68134368019074,0
True,3.24797463058475,0
True,4.12170616216246,0
True,3.37630492737098,0
True,4.01174685592385,0
True,2.25700167088747,0
True,2.54461340274559,0
True,1.7144906745868,0
True,1.00417522280127,0
True,1.63363901191284,0
True,3.09659228325658,0
True,1.73819777918136,0
True,1.59476940078564,0
True,2.05397615626491,0
True,2.39590010706332,0
True,2.11743712583462,0
True,2.60088003528553,0
True,2.10088785399531,0
True,1.85759080573726,0
True,1.77941525254393,0
True,2.86424797259473,0
True,0.885685533459151,0
True,1.2880204050306,0
True,2.14851824923888,0
True,2.55290517455004,0
True,1.87896537221924,0
True,1.26198345411129,0
True,1.69406895007871,0
True,1.17072497835439,0
True,1.11465363138599,0
True,0.646415751658215,0
True,2.4837738625407,0
True,0.934934957526884,0
True,1.67732519991426,0
True,1.48533632065216,0
True,0.782612437794283,0
True,1.34033028025632,0
True,1.00067464390641,0
True,1.16577453348004,0
True,0.942187360588494,0
True,1.49450152463507,0
True,1.7178499869441,0
True,1.29264193733018,0
True,2.34009757439934,0
True,1.2231373299339,0
True,2.18317730173907,0
True,3.16998999246066,0
True,1.6377050460522,0
True,3.36325674070479,0
True,1.43981577395522,0
True,1.25861133972891,0
True,0.968894909388925,0
True,1.3126714981705,0
True,0.972533196819958,0
True,1.73227960108254,0
True,1.24712890774811,0
True,2.55898718392105,0
True,0.868127662332072,0
True,1.22493183587744,0
True,1.97016917673712,0
True,1.52554491203844,0
True,1.21258584279208,0
True,1.55691812733824,0
True,2.0128294497251,0
True,1.47060744283085,0
True,1.55611488427392,0
True,1.54976419707619,0
True,1.10339679752111,0
True,1.58058525887938,0
True,0.511762770759149,0
True,0.960758740026166,0
True,2.42469749876533,0
True,2.75890387773017,0
True,1.35654093143581,0
True,1.29189818087059,0
True,0.886737115988463,0
True,2.32352935828823,0
True,2.77319394897894,0
True,4.30725154901855,0
True,1.59315826512736,0
True,2.44869972483381,0
True,1.52869774067126,0
True,2.02929793178765,0
True,0.858878153252192,0
True,2.53048707816923,0
True,1.12596447067423,0
True,0.562044984566462,0
True,2.50785738414996,0
True,3.81615379541649,0
True,3.60567980759682,0
True,1.35900048086823,0
True,1.59438135305185,0
True,2.43083821290305,0
True,2.41351852326712,0
True,1.59797168739948,0
True,1.10798819392206,0
True,1.16670052117738,0
True,1.05324267588449,0
True,1.31481633459315,0
True,4.03481940465532,0
True,1.66746955627227,0
True,3.47978369357185,0
True,1.96776894230525,0
True,3.57700427602129,0
True,1.54335316385644,0
True,2.0203696710912,0
True,1.75766074912216,0
True,1.41318732937337,0
True,2.27777742280076,0
True,1.17923703091785,0
True,1.21288855894782,0
True,1.90052305704369,0
True,1.80558420001904,0
True,2.01906085882374,0
True,0.992763300040869,0
True,2.76722945221203,0
True,2.50452873925496,0
True,1.55166077517225,0
True,1.34185046888982,0
True,1.36177286904026,0
True,2.23219825839818,0
True,1.88884600566716,0
True,1.15112764845469,0
True,0.923254110933186,0
True,1.91728935693802,0
True,2.88532423302465,0
True,1.61817892187729,0
True,2.07544601937228,0
True,1.89918413503837,0
True,3.56752106419409,0
True,2.26065722936305,0
True,2.06226401697707,0
True,1.51031345899607,0
True,2.70042973202532,0
True,2.20447328876839,0
True,1.41206513623212,0
True,1.77922790563522,0
True,1.4328185335321,0
True,1.5447907812305,0
True,1.44162072932068,0
True,1.65665035429138,0
True,1.74925591547743,0
True,4.28750587582081,0
True,2.030908533083,0
True,1.81992898609065,0
True,1.22712639172637,0
True,1.10027783232716,0
True,2.20238835224029,0
True,2.61259435637427,0
True,2.06048568191889,0
True,1.89602706957018,0
True,1.07906356976848,0
True,0.769570343869936,0
True,1.93376682891941,0
True,2.22012342922387,0
True,1.78224366080748,0
True,1.49364468585275,0
True,1.31796445463975,0
True,1.90636468359041,0
True,2.84243264223397,0
True,2.22799880237931,0
True,1.66461000289252,0
True,1.80038222053252,0
True,1.30586768537928,0
True,3.10981150777781,0
True,1.90108184703882,0
True,2.28232740793121,0
True,2.74411052559177,0
True,1.3872373138077,0
True,1.24289288949503,0
True,2.53739199919333,0
True,2.03013946493366,0
True,1.98292683560601,0
True,1.13026773338468,0
True,2.59575329763412,0
True,1.4945059637437,0
True,1.8568258800812,0
True,2.69777668631175,0
True,1.56816973742438,0
True,1.67013454658765,0
True,3.79463755602959,0
False,2.45165261622034,0.000484639005458579
True,0.79771891295564,0
True,2.80884546957218,0
True,1.80423139281207,0
True,1.03183171159786,0
True,1.28178705656159,0
True,0.797169109541576,0
True,3.887684783092,0
True,3.52205004251047,0
True,1.13514233162495,0
True,2.16124668887436,0
True,1.51191439814369,0
True,1.63914827863916,0
True,4.07219765163916,0
True,3.89039594187627,0
True,1.7897707778357,0
True,2.01784047899648,0
True,1.29896498712922,0
True,1.33354603237996,0
True,0.960218040069135,0
True,1.9188767596007,0
True,2.08832742678552,0
True,1.13938599636314,0
True,1.78191397280653,0
True,1.53494309722643,0
True,1.51470620926311,0
True,1.02556026312065,0
True,4.17541024835392,0
True,1.1999228926186,0
True,2.27139858395384,0
True,1.41295149746499,0
True,1.10751911140272,0
True,1.74761175971244,0
True,1.09727769815312,0
True,3.15040005524541,0
True,3.21653447655268,0
True,1.79185931583013,0
True,3.62541187005743,0
True,1.64206069158501,0
True,1.10845442773338,0
True,1.22354425541459,0
True,1.03687979983078,0
True,3.17338449734904,0
True,2.85437877741417,0
True,1.90238340753108,0
True,1.86532657410532,0
True,2.10106187588876,0
True,1.88038539725998,0
True,1.82283470226423,0
True,2.23377428972933,0
True,3.15101254186281,0
True,2.43590401062229,0
True,2.36088291118344,0
True,1.73246467540732,0
True,1.21926602143627,0
True,2.54135556192653,0
True,1.77454608193466,0
True,1.84221331322637,0
True,2.78738247443634,0
True,3.52278329506015,0
True,0.938289044748657,0
True,1.13825236863853,0
True,0.831581390772764,0
True,4.02682149676735,0
True,4.29977951555426,0
True,3.00965659443959,0
True,3.05187088426769,0
True,2.68187336402313,0
True,2.61957378638758,0
True,2.16272219712787,0
True,2.15908880142269,0
True,1.44654723791351,0
True,0.826239453495,0
True,0.941104521440502,0
True,1.14759087975684,0
True,1.31622548678753,0
True,1.8217991676677,0
True,2.64446596282814,0
True,2.40406432610275,0
True,2.66120278719179,0
True,3.1964938860804,0
True,0.735441463402993,0
True,2.53957810071955,0
True,1.33345512806098,0
True,3.38547889190949,0
True,3.77949538602059,0
True,3.39819447978505,0
True,1.5041068800532,0
True,3.14866111055066,0
True,3.6794257279606,0
True,1.67249718997077,0
True,1.68932568335853,0
True,1.03701368925649,0
True,1.79291320582884,0
True,1.44008381997339,0
True,3.99790714067477,0
True,1.55105682721327,0
True,1.73594433341211,0
True,2.18744120126485,0
True,0.923120663318347,0
True,3.08497468843893,0
True,3.05072610971566,0
True,1.72578084467362,0
True,2.39010579678562,0
True,2.27829722754356,0
True,1.00644005028624,0
True,1.91825278381652,0
True,1.71593475737325,0
True,1.39835476315209,0
True,1.09138953228373,0
True,1.48545317542558,0
True,1.40891909670769,0
True,1.28963250903918,0
True,2.37364236208432,0
True,1.06794327245622,0
True,1.57487996667008,0
True,2.36232641695863,0
True,0.332138086694941,0
True,1.96244588449161,0
True,2.65903461131381,0
True,0.832946414019102,0
True,1.76832060917118,0
True,2.41473122025191,0
True,2.47967321355002,0
True,1.74355249848515,0
True,0.830302640454025,0
True,2.40914967819491,0
True,4.27151666485405,0
True,1.20031499334985,0
True,2.78129201488815,0
True,1.39404924141329,0
True,0.866087083189163,0
True,1.56115097339912,0
True,1.21072892481511,0
True,1.16163031482567,0
True,2.43948059589926,0
True,2.47035527223354,0
True,2.61814102839917,0
True,2.99460584118471,0
True,2.14480942400965,0
True,1.67476416422005,0
True,1.36783099256477,0
True,2.39492370665835,0
True,2.24862956227404,0
True,1.67917251622251,0
True,1.72878868673781,0
True,1.41005620296887,0
True,1.71774169321122,0
True,1.69358736217167,0
True,4.01560547295953,0
True,1.02122009078218,0
True,2.03861617181938,0
True,2.32158672070342,0
True,2.91199835447408,0
True,3.5142617609593,0
True,3.37611071917159,0
True,3.70477172484197,0
True,3.63375751949361,0
True,2.09185422562971,0
True,1.28283163545051,0
True,1.73818660179939,0
True,2.6820440200921,0
True,2.71860919172542,0
True,2.41504720538958,0
True,1.47426256497574,0
True,3.36234028093432,0
True,1.96918380957773,0
True,1.42226181227593,0
True,1.95103391496747,0
True,1.59953167746992,0
True,0.837753459166398,0
True,1.31270791992156,0
True,1.76611244644581,0
True,3.05553111218806,0
True,1.79194174434724,0
True,1.73520832546014,0
True,2.27292800578769,0
True,2.46632777500724,0
True,0.658974288486641,0
True,1.36183162455507,0
True,1.86186618243311,0
True,1.44455063468854,0
True,3.5557889437563,0
True,1.70644312237573,0
True,1.9151265831329,0
True,3.4333405870492,0
True,2.3046036156992,0
True,2.36637910985119,0
True,2.13410375457453,0
True,1.6284571037267,0
True,1.48193615903845,0
True,1.2442391076152,0
True,1.35251359690273,0
True,1.14834224380675,0
True,1.92832178865304,0
True,1.65265566721377,0
True,3.57096715145527,0
True,2.98326104811822,0
True,2.6800914986707,0
True,0.704352685218351,0
True,2.04704364997454,0
True,2.76231479943355,0
True,2.30838668962043,0
True,1.68817045765805,0
True,1.70433328294312,0
True,2.54492682553694,0
True,2.86612015483857,0
True,2.90793334591919,0
True,2.12734106918469,0
True,1.07603525822177,0
True,1.33378165041091,0
True,2.36149627079488,0
True,0.768960101524691,0
True,0.631205195767091,0
True,1.89397329195966,0
True,1.10273800199912,0
True,3.45807221470408,0
True,1.88791567365249,0
True,1.27899628974836,0
True,1.65596225010817,0
True,1.21174506787192,0
True,3.39860097212652,0
True,2.73266656685317,0
True,1.53121432161107,0
True,2.80603057510434,0
True,2.50900913057418,0
True,1.75070518531325,0
True,2.10531560103485,0
True,1.94621016297148,0
True,0.956099840004515,0
True,1.85638115009303,0
True,1.8468609908231,0
True,1.58046125686072,0
True,1.1792417782108,0
True,1.10537682223356,0
True,1.46878293059166,0
True,2.45210756989365,0
True,3.64092506692753,0
True,1.72726458753572,0
True,1.21816170858392,0
True,2.38741616017601,0
True,1.76456875940069,0
True,2.92114599865631,0
True,2.31490589977016,0
True,1.40455639945637,0
True,0.861178504553764,0
True,3.07457950973662,0
True,1.55881673530805,0
True,1.10005638121605,0
True,1.73446028068092,0
True,0.383137929549812,0
True,1.95304923973661,0
True,2.03720582192418,0
True,4.01773055841531,0
True,2.00214488973848,0
True,2.4343418591618,0
True,1.03004273185801,0
True,1.30548476655786,0
True,2.9455846050151,0
True,2.10215778961665,0
True,1.50479721525614,0
True,2.05748977799738,0
True,2.2292538510928,0
True,1.57966032160212,0
True,2.26838334074103,0
True,3.77824802991925,0
True,2.33309348311265,0
True,0.62420822928504,0
True,2.19664700181972,0
True,0.931449948035656,0
True,1.21425583961015,0
True,1.65938594169593,0
True,2.66873016035117,0
True,1.39739973115758,0
True,3.83079651629957,0
True,0.912475652622109,0
True,1.60678929260786,0
True,0.846397789831772,0
True,2.93117187353752,0
True,2.39547649104772,0
True,2.1906790461825,0
True,1.93654102345138,0
True,1.88826139614062,0
True,2.2059764630686,0
True,1.66749508491516,0
True,2.84768861106811,0
True,1.18598237541016,0
True,1.34200424866289,0
True,1.04893673287795,0
True,1.85876200416202,0
True,0.648425076285006,0
True,1.48922657425581,0
True,2.53481114789226,0
True,1.23134490092016,0
True,1.62408196790026,0
True,1.21572038473472,0
True,1.22224489811869,0
True,2.9447908888016,0
True,1.91905587090409,0
True,2.97830613040774,0
True,1.03828093991055,0
True,0.77483588401297,0
True,0.847452409742664,0
True,1.12822380424683,0
True,2.80853406076137,0
True,1.2910590604189,0
True,1.48238346562245,0
True,1.49682693193247,0
True,2.31478184323136,0
True,1.56443697169623,0
True,1.32009952330629,0
True,1.52923932768912,0
True,1.86758541301514,0
True,1.56716475702936,0
True,1.28516317320243,0
True,1.51468050375276,0
True,2.80116842124013,0
True,1.11435147980319,0
True,1.82291192076173,0
True,2.50594190333215,0
True,1.14182375973706,0
True,3.3993954994466,0
True,3.49127272794939,0
True,1.93224881870144,0
True,3.21730769408847,0
True,3.33973403473,0
True,1.71867316474914,0
True,1.30615126709209,0
True,3.37421200185329,0
True,2.16925363685649,0
True,1.59694326816147,0
True,1.10468234850688,0
True,2.21473547193147,0
True,1.29619989908051,0
True,1.65111977170935,0
True,2.61745089162167,0
True,2.97254923999705,0
True,1.44776993722728,0
True,1.38226497731623,0
True,1.83445093451666,0
True,0.902950560522463,0
True,1.78423612057179,0
True,1.10624740403894,0
True,1.49085537925041,0
True,2.2365318836073,0
True,1.73234505730933,0
True,1.47687604637003,0
True,1.81600340100538,0
True,1.31625286212947,0
True,2.00325311596916,0
True,1.60496260456934,0
True,1.44678266585324,0
True,2.16567194638874,0
True,3.82924055477506,0
True,2.75424687169071,0
True,0.966026475317537,0
True,1.14748371707131,0
True,0.932272636596786,0
True,1.1940749799074,0
True,1.53689538239848,0
True,2.0508371414233,0
True,1.01538831129806,0
True,1.19073609667497,0
True,2.05281082205398,0
True,1.62624638848231,0
True,1.07886758916924,0
True,0.898053601521787,0
True,1.43192285054084,0
True,1.28382772306888,0
True,3.39349921890611,0
True,0.729450767634227,0
True,3.85614559738631,0
True,1.92560312436014,0
True,3.9155940236017,0
True,3.8321847181098,0
True,1.87694946258709,0
True,1.86531455601514,0
True,1.06413348646304,0
True,1.56619220765039,0
True,1.31838648551712,0
True,1.83225101726091,0
True,3.16452236586681,0
True,4.68104818750779,0
True,1.16332523782522,0
True,2.8767190452612,0
True,3.60804829384233,0
True,4.07975722903573,0
True,1.06303837338385,0
True,0.853295419258385,0
True,0.742822289105674,0
True,2.25437094128693,0
True,1.41266717232377,0
True,1.37283237303473,0
True,2.47146628375899,0
True,1.64257393146307,0
True,1.90907510064975,0
True,2.87187055645744,0
True,2.87860729441195,0
True,1.79018739346306,0
True,3.0220346248134,0
True,1.18035250728186,0
True,2.16220152111631,0
True,1.73250485282066,0
True,2.3236122869165,0
True,2.52143977185669,0
True,1.96881640811459,0
True,1.77487817062808,0
True,1.83713900022146,0
True,1.2980783302464,0
True,1.72460432292335,0
True,1.4697261951826,0
True,0.935846442749296,0
True,2.11206225799462,0
True,3.54579600318765,0
True,4.42241736608476,0
True,2.04948542875591,0
True,1.27583132976827,0
True,2.0965039310946,0
True,2.03394559558406,0
True,2.13416311062033,0
True,1.0653935398427,0
True,2.83244072281894,0
True,1.99649773332566,0
True,2.01092787898088,0
True,1.31420360080737,0
True,1.28416776529091,0
True,1.44670416602856,0
True,1.40819323034416,0
True,1.69471099392705,0
True,1.2532593624511,0
True,1.39852309315505,0
True,0.720381020221326,0
True,1.92324827429851,0
True,1.6492424047005,0
True,2.15659726956633,0
True,2.17099655764118,0
True,0.757761574518476,0
True,2.47212194582476,0
True,2.81493657222777,0
True,1.25250408498074,0
True,1.83419033336764,0
True,1.15991866660518,0
True,2.20723817357511,0
True,1.49308964978206,0
True,2.26148762782707,0
True,1.51666281641193,0
True,0.796814725475968,0
True,1.24522028956947,0
True,1.3385939819113,0
True,1.51064978150678,0
True,2.35838609892426,0
True,1.65681008024617,0
True,0.969040467737355,0
True,2.52689803042437,0
True,2.5175118324596,0
True,1.25987549786668,0
True,2.43425773668476,0
True,3.1400412108376,0
True,3.56585145249936,0
True,4.24739164165556,0
True,1.55707744833603,0
True,0.707388845948844,0
True,1.53131125761612,0
True,2.17224112185189,0
True,1.82716944179199,0
True,2.88239618140542,0
True,1.24579381904883,0
True,2.49936414112374,0
True,1.41747863794137,0
True,2.3027414614657,0
True,2.97133925270015,0
True,2.14186541113321,0
True,3.4659626767831,0
True,4.27592026733929,0
True,0.811789159227625,0
True,3.63744026632193,0
True,2.84026416394064,0
True,2.11803329985623,0
True,1.14273733198796,0
True,1.28904235938446,0
True,1.8071218662093,0
True,1.56431899547065,0
True,4.07176046094398,0
True,3.60234462053976,0
True,3.63620163966046,0
True,1.71550405062873,0
True,2.27949500454667,0
True,2.56927899937285,0
True,2.43238853740063,0
True,1.96234024295708,0
True,1.3946658478029,0
True,1.5588023732085,0
True,1.86966753238475,0
True,1.75744614173555,0
True,0.91585500207499,0
True,2.94841847168862,0
True,2.54248853263129,0
True,3.51122290452776,0
True,2.31380050156553,0
True,2.03351505587622,0
True,1.21602755242737,0
True,2.4413624189475,0
True,2.15214634071319,0
True,1.12529974330193,0
True,3.74807840745573,0
True,1.94397115120393,0
True,1.16690818968244,0
True,1.94168385135043,0
True,1.6336270747612,0
True,2.55959186409265,0
True,2.018715020866,0
False,1.27227545042523,0.000128070649451166
True,0.951683643209411,0
True,2.30355885425278,0
True,2.24933524278911,0
True,2.91772562090848,0
True,1.59392270963805,0
True,2.09937815082883,0
True,3.10674627444939,0
True,1.53223128967782,0
True,3.16164053155119,0
True,2.00774887393207,0
True,2.78402047648109,0
True,1.38365717117801,0
True,0.914462845817381,0
True,2.07794962052496,0
True,4.189104218591,0
True,1.72798137410116,0
True,3.50604214404059,0
True,2.09829065572427,0
True,0.773052056325192,0
True,1.34829067849646,0
True,0.931271594325271,0
True,1.14013549845646,0
True,3.19749739157604,0
True,1.83109517111,0
True,1.85225401656857,0
True,1.72578673238719,0
True,1.85487171974181,0
True,1.69174825663506,0
True,2.63816286633542,0
True,2.81005578276986,0
True,1.05630828107509,0
True,1.88024766710908,0
True,1.64698958042567,0
True,2.06770773911879,0
True,1.61868221426644,0
True,2.75082724314695,0
True,4.27532065156459,0
True,1.28317689677942,0
True,2.68619119956623,0
True,2.14113370249446,0
True,3.36454498005233,0
True,1.93577198869764,0
True,3.01880464566534,0
True,1.79050802637599,0
True,3.34870833401383,0
True,2.8279945080494,0
True,2.86827506270164,0
True,2.28019786430397,0
True,2.19334577676566,0
True,2.90496562573665,0
True,1.55536583893912,0
True,0.935800854431793,0
True,2.0478195132688,0
True,1.39155989690782,0
True,1.72232757449738,0
True,2.64722704967678,0
True,1.19503541506411,0
True,0.975885784191568,0
True,1.75515317434162,0
True,1.67852096229116,0
True,2.21859900685491,0
True,1.12366942343828,0
True,0.584763548823963,0
True,2.33003783674079,0
True,2.20490328058676,0
True,2.08270787721715,0
True,2.0659795612388,0
True,1.78632035931751,0
True,4.2263785849366,0
True,1.99979003821565,0
True,2.70913813190202,0
True,2.34635770757723,0
True,1.23170259242384,0
True,1.39762413622955,0
True,1.19881492363477,0
True,0.708856825034691,0
True,3.22529458880335,0
True,1.55277129813798,0
True,1.71885455345349,0
True,1.68321352051314,0
True,1.34863741674006,0
True,1.55638472639864,0
True,2.13526381869018,0
True,1.76953554562189,0
True,2.38560064761611,0
True,1.92726027979965,0
True,0.969090706393638,0
True,1.60411307467575,0
True,1.6226077981746,0
True,2.53147514545156,0
True,2.45203256876596,0
True,2.07131162697875,0
True,2.50511389398976,0
True,1.58178638570708,0
True,1.8412095304532,0
True,2.67761975432338,0
True,2.89848896215168,0
True,1.82199103888878,0
True,2.39072043570476,0
True,0.812902130667647,0
True,2.09337628813208,0
True,1.39000447270844,0
True,1.69014882999031,0
True,1.99764527772965,0
True,1.02832320748025,0
True,2.73719729633106,0
True,0.836644340413811,0
True,2.51960674345,0
True,3.02011464615048,0
True,2.59453076375127,0
True,1.08511233172551,0
True,2.19458759341119,0
True,1.01967659300363,0
True,1.56768883640503,0
True,1.16757042641172,0
True,3.01375959868369,0
True,2.10036609591075,0
True,1.41831547824688,0
True,2.18896283458123,0
True,0.883470807303322,0
True,3.94987115993388,0
True,1.05358350585516,0
True,2.23502454253227,0
True,1.27247602008472,0
True,2.7071035710245,0
True,1.75067308860208,0
True,1.40205888237269,0
True,2.19328423075027,0
True,1.53213243253755,0
True,3.41857167124264,0
True,4.14510393984226,0
True,3.65287738862825,0
True,1.50459839182703,0
True,1.5709415234305,0
True,1.31858096916964,0
True,2.05528366134731,0
True,1.99002745297372,0
True,1.97248207864498,0
True,1.96132839100853,0
True,2.05201330396335,0
True,0.856933615871753,0
True,1.31425169791709,0
True,2.20762996571735,0
True,0.995547074587098,0
True,1.35105698365427,0
True,2.23646152512624,0
True,0.885408917603101,0
True,2.75895092848615,0
True,1.38386808434598,0
True,2.20468755780879,0
True,2.29665342570245,0
True,3.10706887094962,0
True,1.54138004232633,0
True,1.02141040589353,0
True,1.53510214126885,0
True,1.36742225642678,0
True,3.29151553182337,0
True,0.925543848966812,0
True,1.45604723280616,0
True,1.57708672437988,0
True,1.30794314999165,0
True,1.04760444069376,0
True,1.21947477630512,0
True,2.02192681061407,0
True,3.34013053936678,0
True,2.46525720638219,0
True,1.78382088640321,0
True,1.81085236128761,0
True,1.45181155427177,0
True,2.16865563419717,0
True,0.853239109090527,0
True,1.7300307898919,0
True,2.56826895717809,0
True,1.70065666146702,0
True,3.87542121320423,0
True,0.718068151608643,0
True,2.32690896990138,0
True,1.30481201186165,0
True,1.15159923847208,0
True,1.9009942368197,0
True,2.00429041980248,0
True,1.43574083823737,0
True,2.86956269892906,0
True,3.14518869700861,0
True,1.78261962071975,0
True,2.1518535029196,0
True,1.86397303221051,0
True,2.74658313290262,0
True,3.23038376511024,0
True,0.602511161689004,0
True,2.48342419789368,0
True,1.55500174125298,0
True,1.62642425251209,0
True,2.56590692864308,0
True,0.898893648388547,0
True,2.17603893156349,0
True,2.89902942637521,0
True,2.137857068996,0
True,1.97667985178292,0
True,1.54960770801648,0
True,0.976231068378617,0
True,1.25547328578707,0
True,1.91139735934099,0
True,2.19220555858965,0
True,2.64069901108466,0
True,1.50477582498697,0
True,2.15372727396256,0
True,1.60813647612118,0
True,1.99995601907189,0
True,1.74689497328,0
True,1.24728685413256,0
True,2.38011901442217,0
True,1.75911689540164,0
True,1.3397361654777,0
True,2.24167168760042,0
True,2.48079987455102,0
True,2.34565804201739,0
True,1.69844051814521,0
True,1.10648860041093,0
True,1.67581727221356,0
True,1.82471463906813,0
True,1.19943857265343,0
True,1.71404604588877,0
True,2.2891945040857,0
True,1.17801930489324,0
True,1.90036311634059,0
True,2.20626901047996,0
True,1.71774044381928,0
True,2.75399840800676,0
True,0.851958887505609,0
True,1.28448936435269,0
True,0.916048301084539,0
True,4.10035376944001,0
True,3.45083148423166,0
True,1.06489801396831,0
True,1.71786758210614,0
True,4.08583291427121,0
True,3.04105236680038,0
True,1.87343949565883,0
True,1.90785399205739,0
True,1.79690543403748,0
False,2.81811394371468,0.000230687806609797
True,3.15258530408181,0
True,1.38649643995013,0
True,1.31615244351303,0
True,1.02953091989122,0
True,3.03471491230555,0
True,2.20096443011682,0
True,1.13759342128573,0
True,2.21431266510542,0
True,1.17616723024541,0
True,1.42177027839169,0
True,1.66602030171651,0
True,2.52916099260673,0
True,2.54826332426029,0
True,3.10664847638779,0
True,0.898214685896235,0
True,0.469605938645516,0
True,1.43376834107068,0
True,1.89352128814993,0
True,1.62433766109204,0
True,1.53677561553956,0
True,2.63380485061126,0
True,2.46510543603896,0
True,1.06884976344203,0
True,2.43557568331466,0
True,4.1337591723585,0
True,2.49066433462878,0
True,1.44942173587059,0
True,2.75131686905646,0
True,0.895431506951406,0
True,0.681717819107464,0
True,2.13453834283746,0
True,1.84950768929243,0
True,0.871967161152862,0
True,3.53540782809243,0
True,2.66923287581941,0
True,2.10499524592554,0
True,2.68119910958726,0
True,4.28082513054047,0
True,1.92091671055343,0
True,1.35864700478245,0
True,1.93471210346393,0
True,4.21064386367927,0
True,1.72869393166775,0
True,1.65154683438897,0
True,2.80447306835397,0
True,3.06033021618479,0
True,2.84199931997779,0
True,1.28139946928972,0
True,2.07986681763183,0
True,1.03354329680355,0
True,1.40795145153763,0
True,1.99787650117331,0
True,2.81462132160236,0
True,2.29251176261214,0
True,1.65270739319806,0
True,0.861225308654591,0
True,2.24309029112495,0
True,2.09067267854919,0
True,1.009678010484,0
True,1.55157656721027,0
True,0.899287494411384,0
True,1.49969329124592,0
True,2.24785299363159,0
True,1.93549426225845,0
True,3.07916059435245,0
True,1.28527839400888,0
True,2.3337510294702,0
True,1.59321424581295,0
True,1.36050294080832,0
True,1.2362442211899,0
True,2.0173435103024,0
True,1.81154033596389,0
True,2.28127809846082,0
True,1.62114511091619,0
True,0.963457022127895,0
True,1.09393711989224,0
True,0.711276118953089,0
True,1.76566536616841,0
True,2.25593393241135,0
True,1.23509761716275,0
True,3.28640304997573,0
True,3.78635564661107,0
True,3.83499318374276,0
True,2.30276674414109,0
True,1.41435449029259,0
True,1.08433137808234,0
True,1.40031153160452,0
True,1.54365860984885,0
True,1.58514290375627,0
True,2.79216474005023,0
False,1.44349364587638,0.000159214611756971
True,3.85611571871865,0
True,2.80848934981,0
True,1.12655683687041,0
True,0.890361975700365,0
True,0.661252088043653,0
True,2.02157917141696,0
True,1.43458989737109,0
True,1.55099243824563,0
True,1.04547755433487,0
True,3.38101919365156,0
True,1.12479596257915,0
True,1.6533369708662,0
True,2.10904664093701,0
True,2.96334607036871,0
True,1.17355330706322,0
True,2.34499725150017,0
True,3.24211686227041,0
True,2.39012663211437,0
True,2.14849503292064,0
True,1.5143321614777,0
True,1.10920564987102,0
True,2.32006242941541,0
True,1.07856533415837,0
True,1.50549026422539,0
True,2.26335021904694,0
True,2.72278756564451,0
True,2.217167311907,0
True,1.96544959802689,0
True,3.22463868359443,0
True,1.82080884551966,0
True,4.20741784819357,0
False,4.64374960418102,0.000311244719678576
True,3.81636306436148,0
True,2.61066872138459,0
True,2.17148992283354,0
True,0.486385730632638,0
True,2.90612614211185,0
True,2.54213727730545,0
True,1.26980320101152,0
True,1.8922593276964,0
True,3.85211038113276,0
True,1.60588642965082,0
True,1.5414215351629,0
True,1.92751246355464,0
True,2.10886967678766,0
True,3.23028367884727,0
True,0.888586129852393,0
True,1.12611131752734,0
True,2.15090180772044,0
True,1.6264170766502,0
True,1.40370271940123,0
True,1.74678902525114,0
True,1.60353422809253,0
True,1.01166424067454,0
True,4.15005167310537,0
True,2.77557710536279,0
True,1.37930980223543,0
True,1.67821295464106,0
True,1.39307182864706,0
True,1.93869320300617,0
True,1.70889846328139,0
True,2.18884524040011,0
True,2.45258025663536,0
True,1.19115133482466,0
True,2.72073616299461,0
True,1.89689591404212,0
True,2.06349147943619,0
True,3.05397119521074,0
True,2.41503538215665,0
True,1.56467819687803,0
True,2.66322128336899,0
True,1.77146772218859,0
True,1.37121998875991,0
True,1.40454689399634,0
True,2.13599065158445,0
True,2.33502058818823,0
True,1.31737333003895,0
True,2.87813885358437,0
True,4.61382848413367,0
True,1.63869577617835,0
True,2.08412600079956,0
True,2.76230030342924,0
True,1.40757178452229,0
True,2.28709696967826,0
True,0.934807376573895,0
True,3.44906702890267,0
True,3.68128989158059,0
True,1.97592775993498,0
True,1.43325300196523,0
True,1.69651772216849,0
True,1.32597952615773,0
True,2.42735208385189,0
True,2.18282543083263,0
True,3.84917046852814,0
True,3.84536570526765,0
True,1.1994305683871,0
True,1.00396474903702,0
True,3.60849458946143,0
True,3.9223924360105,0
True,0.766575441904111,0
True,3.73788559986748,0
True,0.916609630222389,0
True,1.93040837640922,0
True,1.48270680224332,0
True,1.74476956986133,0
True,1.79311515031428,0
True,2.39031559299903,0
True,1.33054497085053,0
True,1.24221232066319,0
True,1.57509360588637,0
True,1.25637677826206,0
True,2.61223924168995,0
True,2.08855826884196,0
True,1.79305781870397,0
True,1.65695414351395,0
True,2.08187390724158,0
True,2.66410442088624,0
True,1.44064373979327,0
True,1.53519010501373,0
True,4.00403750842756,0
True,2.73021558974131,0
True,1.39710701953468,0
True,1.8262421734258,0
True,0.616214246784991,0
True,1.75320831619356,0
True,1.3627205335663,0
True,1.88084035596885,0
True,2.27038212486221,0
True,3.5070394419333,0
True,1.61391122491693,0
True,2.14237444291512,0
True,2.67440482746636,0
True,1.13332865272362,0
True,1.57644538363722,0
True,1.96673825164584,0
True,2.52003629721317,0
True,1.52909765419998,0
True,2.40449640605279,0
True,1.8432465627747,0
True,0.862853165971014,0
True,2.9931508186422,0
True,0.864415400652602,0
True,2.06663482831874,0
True,3.09135149584918,0
True,1.7579915664339,0
True,1.68341621829304,0
True,1.52385555134486,0
True,3.31843311422356,0
True,2.50972037632273,0
True,2.56447079483188,0
True,1.91602575734369,0
True,2.14041673989565,0
True,2.00360074386744,0
True,1.99722799934482,0
True,3.42640711236806,0
True,3.98467395270568,0
True,3.11804370279856,0
True,2.70515291414859,0
True,2.26652364574064,0
True,3.06616111173536,0
True,3.24582280696028,0
True,3.45309578772155,0
True,1.01275937126231,0
True,3.8225105617221,0
True,1.52667889700031,0
True,2.97931378202322,0
True,2.5196733249551,0
True,1.99093202066796,0
True,2.99901644964361,0
True,2.98310302009217,0
True,1.08409692814445,0
True,0.815369362633923,0
True,1.99464990590817,0
True,2.29241039258376,0
True,1.49879210951346,0
True,0.48969469139641,0
True,1.35321746198065,0
True,2.34399292259275,0
True,1.8009347249,0
True,1.37503766198588,0
True,0.938637425221597,0
True,0.964973773723598,0
True,1.64879995962833,0
True,1.10623187636288,0
True,1.15493209551996,0
True,1.43756133199787,0
True,1.54950355261528,0
True,2.71171926495535,0
True,3.76506861726504,0
True,2.93755775002102,0
True,1.35319938327337,0
True,1.62708924908761,0
True,2.18875496778072,0
True,1.35234076515561,0
True,1.34080845543247,0
True,0.830341809060564,0
True,1.6344633660493,0
True,1.09048145832281,0
True,1.17817449737397,0
True,1.04593951489059,0
True,1.02183632267457,0
True,1.70908979790775,0
True,2.02162469666663,0
True,0.668374854634357,0
True,1.14999981572281,0
True,4.2561321590986,0
True,1.42008155451773,0
True,1.7654498719453,0
True,1.13695946060233,0
True,1.65570700722153,0
True,2.0496150683487,0
True,1.63624976215514,0
True,1.08403295641492,0
True,2.20892809967463,0
True,2.50222572629466,0
True,1.26023076948616,0
True,1.76990160787566,0
True,1.64621513652361,0
True,3.53144255297578,0
True,4.12004784967908,0
True,2.88050819764442,0
True,1.58343026906656,0
True,1.58796189729622,0
True,1.84362834116581,0
True,0.779070969856516,0
True,0.980973954430306,0
True,3.10394615093274,0
True,2.56214474010987,0
True,2.812837874194,0
True,1.28440706043781,0
True,2.34420246153744,0
True,2.37129846234409,0
True,1.70280342202576,0
True,0.856126045273848,0
True,2.66641374091959,0
True,2.38085804606115,0
True,1.22568970286471,0
True,2.93671239159421,0
True,1.71082098485981,0
True,3.35843373902489,0
True,3.53748492289317,0
True,1.41948477368721,0
True,1.38055016070635,0
True,1.67737313002362,0
True,3.9242276163837,0
True,1.02837068756661,0
True,2.94044767303854,0
True,1.54178323116897,0
True,3.84996444679881,0
True,1.68378033641312,0
True,1.28953197874,0
True,1.08341554861162,0
True,2.50168342616662,0
True,2.21156959413985,0
True,1.05606955371561,0
True,0.962340422746333,0
True,1.64074402168563,0
True,1.86660730827561,0
True,1.47578651660555,0
True,1.91206974654697,0
True,3.20239744763105,0
True,0.875951455647155,0
True,2.0054245212927,0
True,2.23369724923978,0
True,1.66107110762017,0
True,1.38536159995342,0
True,1.30484627796844,0
True,1.87797006440988,0
True,3.23146188475928,0
True,1.0853417767366,0
True,1.76098443697553,0
True,1.01408494537734,0
True,1.25896217780012,0
True,1.2753046229994,0
True,3.42078349480695,0
True,2.18338049693905,0
True,4.29687871507294,0
True,1.13866637559709,0
True,2.23653979502348,0
True,3.73836802146204,0
True,3.17305415836236,0
True,1.85422548220734,0
True,2.10118858060015,0
True,3.0884441999062,0
True,2.35809697912149,0
True,3.55401467902131,0
True,3.55372078742861,0
True,3.31736451188648,0
True,3.43545339258448,0
True,1.54402740687256,0
True,2.74863213172313,0
True,1.08173771376874,0
True,0.744806896427897,0
True,1.53362867921738,0
True,2.64424638619275,0
True,0.799957327968265,0
True,2.64516062595691,0
True,2.36002244809142,0
True,2.41463278635768,0
True,1.77636650371049,0
True,0.94406674308012,0
True,2.3572659603826,0
True,2.07735559155419,0
True,1.59461707150348,0
True,1.89276833953648,0
True,0.967027210166384,0
True,2.24114987333717,0
True,1.97747044768513,0
True,1.97604599932746,0
True,1.10224870442067,0
True,1.08891566480745,0
True,1.52522456110724,0
True,1.93193299945631,0
True,1.84318929064661,0
True,0.87370282593532,0
True,1.11813544851017,0
True,3.51652224461211,0
True,4.11630362428056,0
True,0.873146482513655,0
True,2.04760610515509,0
True,2.12974877566739,0
True,2.13608933720186,0
True,0.908469081388002,0
True,2.83046589172103,0
True,3.45917807411258,0
True,1.42472253642544,0
True,2.30674407967606,0
True,1.88438575722905,0
True,1.87480951292784,0
True,2.01532652682904,0
True,2.53849770272823,0
True,2.68895654948762,0
True,2.38945675089792,0
True,2.07072582180494,0
True,1.46011262827245,0
True,2.41413165338634,0
True,1.85753066862275,0
True,2.91614637088147,0
True,1.96578911036716,0
True,0.959687782838116,0
True,2.19646818927949,0
True,0.879704932028043,0
True,2.67863418171129,0
True,1.34262121387999,0
True,1.12637194776959,0
True,2.26511577987907,0
True,3.32704038667015,0
True,3.78497614185009,0
True,2.04800598612467,0
True,4.08864814787123,0
True,3.31058811481566,0
True,2.46979824977885,0
True,2.40580131582834,0
True,1.90598753073204,0
True,2.07084853214518,0
True,2.33079115575924,0
True,3.84173905212764,0
True,2.49289594717477,0
True,1.12299563911509,0
True,1.20237735421099,0
True,2.26878956188578,0
True,3.48619112991184,0
True,3.98884476108597,0
True,0.99493242404972,0
True,1.48300415488758,0
True,1.40000907341596,0
True,0.986987309274347,0
True,2.17027868867063,0
True,1.56725691989433,0
True,2.47549721188664,0
True,1.07938665923941,0
True,1.12713743170458,0
True,3.73198667859201,0
True,2.34525951470868,0
True,2.63980407717282,0
True,1.19000338374161,0
True,1.73475282188021,0
True,1.43738454709655,0
True,1.82343708304524,0
True,1.6711637236967,0
True,1.3339310910998,0
True,1.82856253739803,0
True,2.51722487389826,0
True,1.1556185769702,0
True,2.01774582899154,0
True,1.92890870081939,0
True,1.15224682409111,0
True,2.0809400347467,0
True,1.58478118334184,0
True,2.94667921748728,0
True,3.59517537992105,0
True,1.89353757562035,0
True,1.98019362294842,0
True,2.08845864254238,0
True,2.43647377001692,0
True,0.79348921708959,0
True,1.24705878346003,0
True,1.04149981244898,0
True,1.67581829868734,0
True,1.52019945739655,0
True,1.66134965697405,0
True,2.03372337004342,0
True,2.18008530304241,0
True,1.56493758587959,0
True,1.24071728078675,0
True,2.13019592699493,0
True,2.23674906590553,0
True,1.20515367976006,0
True,1.11448048276765,0
True,2.34766591242929,0
True,2.95956069274463,0
True,0.885077050838991,0
True,1.32382393631488,0
True,1.45550388338861,0
True,1.78075106552736,0
True,1.80385684273036,0
True,2.28268330672834,0
True,4.34456485783588,0
True,4.11146443002949,0
True,2.41025630605334,0
True,1.54604274078114,0
True,0.282355063405431,0
True,3.32356514978563,0
True,1.56205257270119,0
True,2.81273701846298,0
True,1.41088638374065,0
True,1.05065406802159,0
True,0.964312892549014,0
True,1.16691531789463,0
True,2.25762591331058,0
True,2.20373618292613,0
True,1.7777605408202,0
True,1.43679080068558,0
True,1.75574705978657,0
True,2.39635485736023,0
True,3.81189962786094,0
True,2.50455962421085,0
True,2.5186157667191,0
True,1.3358256959529,0
True,1.43146250742285,0
True,1.5639161648573,0
True,2.14350400875023,0
True,2.23035953867256,0
True,2.41990018002859,0
True,2.78691506069682,0
True,1.48238014056301,0
True,2.12053617932282,0
True,1.07384949915133,0
True,1.68520295732977,0
True,4.03942581542971,0
True,2.77844554235418,0
True,2.77699483355248,0
True,2.4126392245043,0
True,1.63312782977663,0
True,1.37896478434203,0
True,2.0225506994525,0
True,1.4378595428191,0
True,3.00586546172771,0
True,3.19139485928333,0
True,2.02647776484065,0
True,1.34541270477756,0
True,2.39577994090063,0
True,2.70968243569542,0
True,3.04130779325506,0
True,2.34380498888908,0
True,2.97526853487155,0
True,3.19236897700597,0
False,3.22307845756781,0.000173930422396325
True,3.33707850215706,0
True,1.54019439187916,0
True,1.60550618394217,0
True,0.715510370486642,0
True,1.39380929813299,0
True,1.42729186298041,0
True,1.56603800959294,0
True,1.78214015852202,0
True,1.36241502025156,0
True,2.04131942852767,0
True,1.64336837316913,0
True,2.47694095170253,0
True,1.01434992656107,0
True,1.28454065499537,0
True,1.28470880473784,0
True,1.312936917809,0
True,3.33094641462619,0
True,0.823589359428983,0
True,1.70519159403688,0
True,3.88483720489129,0
True,2.82299249572879,0
True,1.08703238198948,0
True,1.30314962415245,0
True,2.3765685646128,0
True,0.836187351790442,0
True,2.31279397208964,0
True,3.00660485211466,0
True,1.28633995158953,0
True,1.94493575507903,0
True,2.21017016700805,0
True,1.16864196953504,0
True,3.71566961286128,0
True,1.83260505494396,0
True,1.14195150115721,0
True,1.61485323245386,0
True,1.30573477612333,0
True,1.863362382128,0
True,2.22886607385343,0
True,2.60072014350504,0
True,2.45329409948343,0
True,1.74751276732447,0
True,2.41875421267204,0
True,2.39311002023535,0
True,0.720252545420604,0
True,1.73073129323703,0
True,3.27313082337501,0
True,1.10767307247013,0
True,4.28250196643027,0
True,1.96909127606718,0
True,0.930838085897596,0
True,1.41073489804421,0
True,1.36028732051373,0
True,1.42954606237293,0
True,2.49481127396118,0
True,1.47553661310067,0
True,1.44550853500243,0
True,1.37229035846481,0
True,2.17821203554088,0
True,2.30742440574623,0
True,2.27668756773692,0
True,1.63599216522961,0
True,2.03428222894965,0
True,2.5530055333956,0
True,1.65543034017762,0
True,0.82948775938574,0
True,3.30205799184954,0
True,1.8782660845228,0
True,2.2287637455056,0
True,2.16123202216783,0
True,1.67795132278814,0
True,2.35237116999105,0
True,3.41779849169899,0
True,1.42425254396216,0
True,1.74404409730078,0
True,2.17011916709847,0
True,4.35699779456551,0
True,1.7646416064662,0
True,2.8211686726835,0
True,1.52902181491097,0
True,4.04955745385577,0
True,3.44645632595527,0
True,1.3730972725001,0
True,1.70511887891722,0
True,1.02129175114514,0
True,1.99349664576648,0
True,2.90231406768374,0
True,1.34351579491997,0
True,2.85530316712666,0
True,2.84707209709374,0
True,2.04485176092546,0
True,0.83523588916757,0
True,1.13440331279919,0
True,3.1891114150641,0
True,2.06722789943257,0
True,1.45359507152368,0
True,0.999196498898547,0
True,3.4422155791731,0
True,1.33984464517934,0
True,0.92175803480533,0
True,3.51357005169826,0
True,2.30880991114022,0
True,3.29152124303391,0
True,1.31006256269823,0
True,1.61496634951041,0
True,3.14427110267051,0
True,1.18677617639647,0
True,2.00428580806121,0
True,3.46158318954122,0
True,1.78635852928927,0
True,2.21536892102005,0
True,1.80843193275835,0
True,0.864883509775807,0
True,1.92689954986487,0
True,1.27978925698656,0
True,1.04957380892182,0
True,1.65467799773574,0
True,2.17119545172811,0
True,1.41556815035261,0
True,1.97440726351767,0
True,1.68127944952355,0
True,3.43490172826907,0
True,1.62898147795314,0
True,1.95655777101482,0
True,2.38317296540006,0
True,0.588016489590197,0
True,3.91684148679319,0
True,3.59600879259595,0
True,2.4839307912914,0
True,1.43787204179694,0
True,1.22795307001255,0
True,2.67186679533446,0
True,2.61255117849031,0
True,1.42346076371463,0
True,1.15243349562467,0
True,1.66181332321227,0
True,1.41109033377184,0
True,1.34720447294058,0
True,2.86283811723096,0
True,1.3818514678816,0
True,1.55935016035125,0
True,1.1252863642754,0
True,2.56420812184618,0
True,1.13234074891881,0
True,0.987649151633502,0
True,1.89540592150824,0
True,1.33284284980216,0
True,1.64807525952145,0
True,0.919905209009262,0
True,2.42071793723306,0
True,1.33587985814595,0
True,1.77373802232566,0
True,2.66413712593472,0
True,2.23572442951869,0
True,1.78294709138436,0
True,3.33948255429301,0
True,2.05515259309382,0
True,1.79709048692899,0
True,2.03257188345434,0
True,1.52087610614755,0
True,1.86918736357933,0
True,3.57704448111099,0
True,3.35342652171267,0
True,1.23524401551597,0
True,1.39297424402457,0
True,1.16862367491651,0
True,1.40086828440637,0
True,1.40203118266993,0
True,0.948532423062766,0
True,2.05742788377859,0
True,2.85941471130189,0
True,1.2334191122344,0
True,1.36600489912332,0
True,1.27558973991896,0
True,1.66699200323914,0
True,1.16335479105988,0
True,0.974851274073641,0
True,2.61319912476064,0
True,2.16316497609367,0
True,1.60446606186082,0
True,1.12652865682264,0
True,1.74007601848121,0
True,2.14618544267533,0
True,2.59933952600033,0
True,0.936837332171804,0
True,1.08814984769785,0
True,2.7767767755725,0
True,2.67745310905634,0
True,2.82836537323136,0
True,2.51746200571031,0
True,3.32404559320479,0
True,2.11498656502944,0
True,1.43746602175907,0
True,1.18026342027577,0
True,2.08093712120153,0
True,1.53973437087654,0
True,0.78482278003851,0
True,1.17787765652874,0
True,1.03492638445228,0
True,3.34679729440307,0
True,1.42692056251495,0
True,1.34599131731227,0
True,0.986432800021017,0
True,0.555700590622686,0
True,1.37250596884713,0
True,1.69426841756153,0
True,1.63585710193693,0
True,1.60283665150431,0
True,1.4053520443122,0
True,1.05103220525456,0
True,1.43390927065484,0
True,2.24899118892454,0
True,2.71716535342634,0
True,2.24323608988576,0
True,2.56589205186588,0
True,3.77286533811045,0
True,1.66826634839809,0
True,2.3211050922409,0
True,2.26556852159296,0
True,1.51613118223001,0
True,1.1659756577641,0
True,0.717590794659946,0
True,1.34085543878103,0
True,1.58245251488191,0
True,1.73384120663075,0
True,1.24700081536489,0
True,1.06414550445317,0
True,0.884074796512728,0
True,0.966359168146927,0
True,3.23535957356529,0
True,2.87922018849729,0
True,1.96411786477184,0
True,1.61314748026905,0
True,1.14962868142244,0
True,1.37336437059996,0
True,1.89648110863228,0
True,1.77816980996045,0
True,1.57291151412543,0
True,2.57593446294249,0
True,3.27923969583221,0
True,4.49863813393506,0
True,4.50759414610829,0
True,3.85166981391361,0
True,3.94872464498879,0
True,3.22233391965552,0
True,1.31291790385709,0
True,1.7866469972063,0
True,1.45022918935306,0
True,1.3395590458472,0
True,1.83810389173492,0
True,1.29407769233473,0
True,1.30207218487667,0
True,1.81232492771978,0
True,1.70525760471958,0
True,3.43865700923368,0
True,3.78517808651937,0
True,0.836853067409659,0
True,2.15779306736288,0
True,2.98628893618563,0
True,1.75213797258364,0
True,1.93339497607495,0
True,0.776450926863635,0
True,0.848386240478548,0
True,0.877174122574654,0
True,0.951734059179453,0
True,0.941282775026013,0
True,1.33634847980041,0
True,1.59486567938047,0
True,1.55457446841766,0
True,1.50378274685395,0
True,1.0299478907812,0
True,1.13612771115823,0
True,1.71083345639535,0
True,2.4138697638681,0
True,2.40409147008296,0
True,0.91362642131248,0
True,4.28887062471725,0
True,3.18991851248074,0
True,1.11426731616633,0
True,1.44145992897058,0
True,1.79917569558434,0
True,3.68737301685227,0
True,3.75995533160574,0
True,1.54298683373798,0
True,2.36497296618424,0
True,3.69053287179018,0
True,2.59833201440753,0
True,1.01863884195398,0
True,1.33883421270153,0
True,1.662616351344,0
True,0.999755253539621,0
True,2.15922787385243,0
True,2.35322330230361,0
True,1.78361789193728,0
True,1.20911300588666,0
True,1.59487717447868,0
True,0.949530259053903,0
True,3.52809021636905,0
True,3.61197003093831,0
True,3.07094903085217,0
True,1.13907126721704,0
True,0.891391516595355,0
True,0.843905256038156,0
True,2.74796115392397,0
True,2.22051706545086,0
True,2.68777345600524,0
True,3.39281599040649,0
True,1.38774936682427,0
True,1.11085099728972,0
True,2.60383814685607,0
True,2.13992070962123,0
True,2.64769595688224,0
True,2.03104130798309,0
True,2.9678307144474,0
True,2.71840653859179,0
True,1.43977314507026,0
False,2.46606172533388,7.47815366140395E-05
True,2.57138232597724,0
True,1.73363869323813,0
True,1.48831977037393,0
True,3.26733797972402,0
True,1.68643173872839,0
True,1.29585536892165,0
True,3.48038307349474,0
True,0.929292793563831,0
True,1.46377657507105,0
True,1.4262036835697,0
True,1.79974264507116,0
True,2.39275744698163,0
True,3.88883953768156,0
True,3.13055303599998,0
True,4.26502245972224,0
True,2.48076155936419,0
True,1.94619561796026,0
True,2.12712301288295,0
True,2.82903744107339,0
True,2.26125013989236,0
True,0.759331757590996,0
True,1.71732276936333,0
True,1.15333581702507,0
True,2.3981737964916,0
True,1.44851044721612,0
True,2.20929792999881,0
True,1.4624670999351,0
True,1.99146574424379,0
True,1.19667297248028,0
True,0.675787198870225,0
True,2.53730038472582,0
True,2.07846628751208,0
True,1.61707072217358,0
True,2.22187034214727,0
True,1.18266687888937,0
True,1.04464811831797,0
True,1.19839991967572,0
True,2.17551570631282,0
True,1.57556990052477,0
True,1.3333721055378,0
True,1.21213514421025,0
True,1.59691160326519,0
True,1.13444285859318,0
True,1.86591675481139,0
True,1.17371766653906,0
True,2.972946639486,0
True,1.62678604204284,0
True,0.626052500804804,0
True,0.941431878038395,0
True,2.90098789830083,0
True,1.19276211898962,0
True,4.14635450454873,0
True,2.86378073111012,0
True,2.40926456297157,0
True,1.38796130344186,0
True,3.03445358256236,0
True,1.59718640541644,0
True,1.07135890773875,0
True,2.39567848803486,0
True,0.74818055331192,0
True,1.32549967367747,0
True,2.48771679469683,0
True,2.74759825332408,0
True,1.64704143614975,0
True,1.14486611280745,0
True,1.29627562966376,0
True,1.64617933878768,0
True,1.97977026216164,0
True,1.47308422835613,0
True,2.32197673799958,0
True,1.81056410536093,0
True,2.32729578106026,0
True,2.73956954155423,0
True,2.03456127118774,0
True,1.27012822432338,0
True,3.51797643032699,0
True,1.99954097375754,0
True,2.57910905697865,0
True,1.49498691250259,0
True,1.12769480395055,0
True,1.4127891963638,0
True,0.75916172073051,0
True,1.13592526299102,0
True,1.89384948775166,0
True,1.56791799051589,0
True,1.1191171222125,0
True,0.97425537354511,0
True,0.746505738631527,0
True,1.91628774526044,0
True,3.10498323509716,0
True,2.37834981018795,0
True,2.51139562395679,0
True,2.5757208657694,0
True,1.95126825456908,0
True,1.42440869235777,0
True,3.9242714332243,0
True,1.56641167270816,0
True,3.93387888266498,0
True,3.61244170608093,0
True,3.50284575687625,0
True,4.53939424482549,0
True,2.10285401988014,0
True,1.84576247760371,0
True,2.62188784485273,0
True,2.57247747390893,0
True,1.61639581509858,0
True,1.79212025196411,0
True,1.14832785195856,0
True,1.9653830065251,0
True,0.925771065220331,0
True,1.48312555819712,0
True,2.51173133673611,0
True,1.91225825842525,0
True,1.47073526259069,0
True,1.27555548680692,0
True,2.27068037352002,0
True,3.76382107625097,0
True,1.62496604981971,0
True,3.27590816817049,0
True,2.43751837916108,0
True,2.05824301913453,0
True,1.73670381369005,0
True,0.626541855446892,0
True,2.62406805554591,0
True,2.5185032336511,0
True,1.48269064426865,0
True,1.12541948817265,0
True,1.44135675961017,0
True,2.39426405044667,0
True,1.11777497874442,0
True,1.67948779971469,0
True,1.54746206698491,0
True,2.51101442147766,0
True,0.601451042494952,0
True,3.76942344908307,0
True,2.61512074908675,0
True,2.80858929067192,0
True,3.9897267603089,0
True,1.63416997952921,0
True,3.64735068157326,0
True,2.937734402087,0
True,2.11673016193546,0
True,1.88648121686582,0
True,2.18020135649737,0
True,0.679164999002312,0
True,1.47748153420231,0
True,1.46808131941141,0
True,2.89129364313007,0
True,0.592759818893335,0
True,1.91790874010153,0
True,3.46837502378401,0
True,1.23077241092291,0
True,0.623827086454361,0
True,1.02266190091371,0
True,1.53261918956467,0
True,2.64163347735828,0
True,2.54625435402899,0
True,1.9725492345764,0
True,1.13194260809141,0
True,1.70904724390494,0
True,1.51200218739526,0
True,1.04297117597906,0
True,0.855202726580391,0
True,1.4331664282359,0
True,2.31187079425002,0
True,1.48209297562843,0
True,1.76311947580857,0
True,2.48359585017961,0
True,3.035363949932,0
True,1.82998835081349,0
True,1.85073304179094,0
True,3.34443018296093,0
True,1.51696036738127,0
True,0.927788774839198,0
True,1.23438000945593,0
True,0.65170528342731,0
True,2.08288707366585,0
True,1.73086425434583,0
True,2.69600608056504,0
True,2.7488787890261,0
True,2.73145523487641,0
True,2.55596559714546,0
True,2.233221591132,0
True,2.24440749265491,0
True,4.69681992426065,0
True,1.85178089414038,0
True,1.66266393440778,0
True,1.49059700886796,0
True,1.25383312957613,0
True,1.90098414237882,0
True,2.65117970370026,0
True,1.02836056785928,0
True,2.87357618697312,0
True,1.46885310627069,0
True,1.84842162357526,0
True,2.1898611972513,0
True,2.29120519306718,0
True,1.1546346856626,0
True,0.865709438020844,0
True,2.23409691426346,0
True,1.80416814598803,0
True,1.56717752518211,0
True,3.10861715199646,0
True,2.55082407321462,0
True,1.90289522908543,0
True,0.760989735348665,0
True,2.56155787877465,0
True,1.91423473719014,0
True,1.1189029866675,0
True,3.78773108163399,0
True,2.68472550251754,0
True,1.85364017284614,0
True,3.21721567417418,0
True,0.890775852825382,0
True,1.37876319409251,0
True,2.12653101305927,0
True,2.66022023900575,0
True,1.39576300667415,0
True,1.57411237801337,0
True,1.76806229343683,0
True,4.29342386401657,0
True,2.61665920924813,0
True,2.17178594650471,0
True,1.36204777153944,0
True,1.20774823303171,0
True,2.39713059665148,0
True,2.48209565406157,0
True,1.38470600830744,0
True,1.65285384051994,0
True,1.88461384190957,0
True,1.26295317634876,0
True,3.46426039615428,0
True,0.79795853154598,0
True,1.68396114418974,0
True,0.803680191985651,0
True,1.14364073525873,0
True,2.55866048367583,0
True,1.03649594910029,0
True,1.03676798792366,0
True,2.00602112472659,0
True,0.859938066593204,0
True,1.37383118018396,0
True,1.32910185121979,0
True,3.3073061508519,0
True,1.55490977007974,0
True,1.61355112584142,0
True,1.21402789805425,0
True,2.38683435081398,0
True,1.74895008718942,0
True,1.24152000223897,0
True,1.90080056359791,0
True,2.6782181387963,0
True,2.54406921848047,0
True,2.22016235129006,0
True,3.86288525772429,0
True,1.72326694849288,0
True,1.92887831069379,0
True,1.55509560057679,0
True,1.47402247190038,0
True,2.0430097123156,0
True,2.66399523639243,0
True,2.46448999901932,0
True,1.4709957986078,0
True,1.73847406559989,0
True,1.80133590808678,0
True,2.62576940033164,0
True,0.775141655455094,0
True,3.61044238676992,0
True,2.15544206155549,0
True,1.85546691477236,0
True,2.4852118854129,0
True,4.15141231461241,0
True,2.40057039828569,0
True,1.26319510586832,0
True,4.03203287256859,0
True,1.77234127726199,0
True,2.22153925248167,0
True,1.397774319226,0
True,2.00463664712847,0
True,2.84283519330179,0
True,2.04058852628424,0
True,1.22184042723471,0
True,2.70273041738972,0
True,2.90587314231343,0
True,2.78694074535612,0
True,1.71264127817898,0
True,2.07263421955119,0
True,1.19866102071628,0
True,1.0356967989556,0
True,2.17265467582923,0
True,3.99050658745655,0
True,3.20187380281434,0
True,1.65456744690197,0
True,0.748047688955672,0
True,2.6508445927923,0
True,3.20090745863732,0
True,1.39074560021501,0
True,1.34522332723835,0
True,1.41755466876877,0
True,1.21727598834518,0
True,2.21951146242347,0
True,1.11925354366412,0
True,1.28963272660281,0
True,1.40778482866837,0
True,1.10721086346993,0
True,1.99870232910921,0
True,1.89454783687181,0
True,1.27884564080606,0
True,2.53963211284247,0
True,1.43196971322381,0
True,1.96736681265359,0
True,2.9197553538854,0
True,2.26671754611531,0
True,1.98124936688414,0
True,1.05873348201681,0
True,1.66341816982676,0
True,0.845677110494933,0
True,1.06808480580255,0
True,2.11993725884994,0
True,1.22668840669739,0
True,1.16386878595466,0
True,1.2131593046891,0
True,1.70117146695351,0
True,0.977646432104014,0
True,3.05423181385899,0
True,1.12245440075185,0
True,2.18223329627039,0
True,1.30758690074161,0
True,1.64201960258314,0
True,3.63658650119245,0
True,3.3249049895361,0
True,2.55127725974834,0
True,1.74910585019579,0
True,1.27904187967885,0
True,0.842469920243878,0
True,2.79338236842234,0
True,4.13368511711931,0
True,2.77489354097108,0
True,1.47753134783639,0
True,1.29560572834056,0
True,2.83754682636848,0
True,2.9177042783548,0
True,1.24252704539494,0
True,1.12007757797712,0
True,1.52935372462031,0
True,3.17172555572648,0
True,3.02270684467644,0
True,2.30186483328914,0
True,1.32127447453627,0
True,3.04551084496785,0
True,2.69959266508751,0
True,2.72067877815925,0
True,2.50447377569652,0
True,1.12252525345552,0
True,2.2850163136634,0
True,1.27883452080633,0
True,1.44881202157858,0
True,0.828638770372483,0
True,1.38312420696784,0
True,3.29595428908639,0
True,1.30270032492214,0
True,1.59864902620518,0
True,3.79929258729048,0
True,2.42814254321109,0
True,0.793965050345683,0
True,1.29072215856228,0
True,1.8711159946236,0
True,2.1618544861218,0
True,3.00040499304772,0
True,1.7493219631802,0
True,0.790720877354612,0
True,0.84101610719583,0
True,2.24283438449089,0
True,1.65979486223635,0
True,3.07968283171632,0
True,1.44185859398562,0
True,2.22127324662395,0
True,1.8547537563638,0
True,2.67312718198944,0
True,2.74748819402828,0
True,1.57147036626786,0
True,3.69224485594113,0
True,4.03435089712984,0
True,1.1774216949291,0
True,1.20165374541035,0
True,0.874909611651638,0
True,2.02078019485268,0
True,2.13597326918061,0
True,1.71829063168001,0
True,1.57090147687456,0
True,2.79782125121584,0
True,1.21559279955502,0
True,1.62197755266172,0
True,1.27492052989285,0
True,1.79012561678681,0
True,2.39813196058882,0
True,1.6898276377374,0
True,1.0198359353884,0
True,0.785469403164106,0
True,1.49234485560478,0
True,2.24333570542352,0
True,2.24664700082977,0
True,2.45938946464995,0
True,1.24982462587782,0
True,1.763223141065,0
True,1.89821302709342,0
True,2.31162662693468,0
True,2.24167308218948,0
True,1.70709792627283,0
True,1.44703646881235,0
True,3.84332998736817,0
True,1.41840700766393,0
True,1.25249639545543,0
True,2.75456099691065,0
True,2.93600137650819,0
True,1.75013785306344,0
True,1.24989098723936,0
True,1.98565563837905,0
True,1.83763790625191,0
True,1.8526710486336,0
True,1.10188123163609,0
True,3.54491811037165,0
True,3.55989468624789,0
True,1.09830122924368,0
True,1.39852213027661,0
True,1.12182001083219,0
True,2.24928421079525,0
True,0.815149285964389,0
True,2.23038621851106,0
True,2.55800309077704,0
True,2.36287528549196,0
True,2.45545080567112,0
True,1.38191604818064,0
True,1.26025810881977,0
True,2.99647600680441,0
True,3.84049570038461,0
True,3.20655113131215,0
True,1.196170651483,0
True,2.38352468631275,0
True,2.28411004623634,0
True,3.00201054354997,0
True,0.730330485916989,0
True,2.17590398138753,0
True,2.04326584405716,0
True,1.44339983892109,0
True,1.57914608530734,0
True,1.48610086526018,0
True,1.17577531001024,0
True,2.96004753012713,0
True,1.16918530335553,0
True,2.44634411719428,0
True,2.37841496799824,0
True,1.69241575230126,0
True,1.67909228222444,0
True,1.26841517298502,0
True,1.89365130665016,0
True,1.45657073887097,0
True,2.78013931722591,0
True,1.29701848079031,0
False,1.69496686539745,0.000120454220104349
True,1.18383811173294,0
True,1.87724181094468,0
True,2.89986332504216,0
True,3.30102938524667,0
True,2.03110459614708,0
True,2.80261331924193,0
True,2.057217672998,0
True,1.42829722060027,0
True,1.33832646739423,0
True,0.496567236179666,0
True,0.865904405487271,0
True,1.51194518183121,0
True,0.909822839764629,0
True,1.1234428942785,0
True,0.965270954896078,0
True,0.568780669624434,0
True,1.24947789570418,0
True,2.30007525684126,0
True,2.7375755829397,0
True,0.986179784092458,0
True,1.8047349885245,0
True,1.85406117603839,0
True,3.20900828713208,0
True,2.83408361087629,0
True,1.495436589437,0
True,1.07573075437694,0
True,1.15333179132753,0
True,1.29658637530708,0
True,1.75372353360722,0
True,1.30580287316631,0
True,1.69075923856481,0
True,1.80655487158479,0
True,1.33613951838229,0
True,2.49515720790975,0
True,0.822082271241433,0
True,1.59433290839635,0
True,1.25860366517894,0
True,1.30688965740485,0
True,1.83631520700157,0
True,1.16668995293426,0
True,1.72246181657656,0
True,3.15525585607451,0
True,1.91667542034462,0
True,1.80686562566113,0
True,1.67266449547818,0
True,2.1257313559325,0
True,2.63331505330247,0
True,1.07912014787295,0
True,1.74756540800202,0
True,3.79802813618464,0
True,2.52200043210939,0
True,1.72451027707034,0
True,0.672757913460735,0
True,2.68766631648788,0
True,3.73368878448773,0
True,2.5379892310663,0
True,1.87005665773662,0
True,2.43237734316894,0
True,1.28084184695514,0
True,1.0514928757585,0
True,2.15237947047168,0
True,1.98720515069487,0
True,3.17026861305368,0
True,2.35270835081546,0
True,1.08762265766227,0
True,2.01448011578207,0
True,0.853668549983,0
True,1.51233074236287,0
True,3.17483910766284,0
True,0.697601935277755,0
True,2.53808699500488,0
True,1.32552467572303,0
True,2.25825047311524,0
True,1.82520137376263,0
True,1.67395240293342,0
True,1.282974927503,0
True,1.38220718573175,0
True,1.51285872153722,0
True,0.721037894063901,0
True,1.97720753522727,0
True,1.02006924734698,0
True,1.7971013166581,0
True,2.55982299051598,0
True,2.85960023135903,0
True,1.73639435172367,0
True,1.59827728248029,0
True,2.64326426246849,0
True,1.35779982117933,0
True,2.19785746971302,0
True,3.06954140125502,0
True,1.63559004425744,0
True,1.34455334922906,0
True,0.808384160372082,0
True,2.29066232796609,0
True,2.67228251285043,0
True,2.10041615791659,0
True,3.90075371323872,0
True,1.89791513232635,0
True,2.3352691004105,0
True,0.904708891824188,0
True,0.875870061717596,0
True,2.81236568615261,0
True,2.12090601103299,0
True,1.77719926319639,0
True,2.02843054654636,0
True,1.81166950018467,0
True,1.96871966203531,0
True,1.13362113506686,0
True,1.32904586529464,0
True,2.45729618684166,0
True,1.29533978500973,0
True,1.59692113829731,0
True,1.86614147882408,0
True,1.33033047326657,0
True,1.4269394746544,0
True,3.02756990779587,0
True,1.88716928099089,0
True,2.09640249401361,0
True,3.33964003539137,0
True,0.970534037309828,0
True,3.20891288620364,0
True,1.84602617913632,0
True,2.52129712007537,0
True,1.8692421796703,0
True,0.879796982103938,0
True,0.719259567103336,0
True,1.49453022234885,0
True,1.73176690608941,0
True,1.11175805638953,0
True,1.51382900234231,0
True,2.35586464414982,0
True,0.913419505547248,0
True,1.57474155097862,0
True,1.42847882831816,0
True,1.12866183028316,0
True,2.40417267818983,0
True,1.31082465658858,0
True,2.06500200944233,0
True,0.801229475090007,0
True,3.02460232148867,0
True,1.93304288881877,0
True,2.04198235267997,0
True,2.03554675662695,0
True,0.83350396358438,0
True,1.53032658776935,0
True,2.79511006292923,0
True,2.72280254227723,0
True,2.86564906498821,0
True,2.26552998655529,0
True,0.96475875087893,0
True,3.11047246632508,0
True,2.78844948213129,0
True,0.883516950782773,0
True,2.92987166331348,0
True,2.32173551434917,0
True,2.37929384361887,0
True,2.50014115244818,0
True,1.57933552160358,0
True,2.02791970593104,0
True,1.11471416897492,0
True,0.962023108607934,0
True,3.7360740377853,0
True,2.49631283957787,0
True,1.89104137064116,0
True,2.1926172146857,0
True,3.25548412688348,0
True,2.3332669622966,0
True,2.06367273933275,0
True,3.93919832313549,0
True,2.17623089245216,0
True,1.4729069937464,0
True,0.240008406653684,0
True,1.525341974978,0
True,1.76943189517366,0
True,0.807936576238535,0
True,1.78472718271777,0
True,2.83388991826053,0
True,2.29290968213461,0
True,3.7857950279578,0
True,3.48954097970375,0
True,3.70307304971082,0
True,2.5092391610411,0
True,1.24142008172836,0
True,1.43186673994995,0
True,1.9316779198155,0
True,0.830633902282849,0
True,2.07498605978938,0
True,1.91922722546635,0
True,2.86580569559185,0
True,2.86144503117386,0
True,3.72205361448718,0
True,1.9327135592419,0
True,1.25437604966512,0
True,0.894054327318564,0
True,1.09820162985617,0
True,2.89568034838504,0
True,2.76687328520573,0
True,2.29475237452801,0
True,1.93300787717034,0
True,2.49635034279449,0
True,1.66156872869482,0
True,1.5500218321306,0
True,1.34743761214467,0
True,1.38710474519291,0
True,1.1482851549421,0
True,1.18422830963631,0
True,1.16674894318465,0
True,1.02684218021859,0
True,0.954056052917551,0
True,1.97474230271116,0
True,3.10552342462542,0
True,4.71214109626167,0
True,2.93311630315501,0
True,1.41251183606956,0
True,1.99239207880676,0
True,1.65839998709482,0
True,3.01235135216493,0
True,3.59051417624134,0
True,1.01408693648773,0
True,1.67015829425408,0
True,1.91623288100909,0
True,2.6891063531528,0
True,1.1617377819467,0
True,2.09884219731287,0
True,1.0809859486619,0
True,1.91559026425847,0
True,2.33589807971601,0
True,1.89356023267229,0
True,0.749744660724125,0
True,1.69288798771346,0
True,0.852707472954282,0
True,1.48365654380159,0
True,3.43899716767552,0
True,3.19321502432842,0
True,1.61519674526818,0
True,1.71362638478402,0
True,0.845395073532864,0
True,1.35289200980919,0
True,1.92662446780771,0
True,2.97873723022101,0
True,1.4750704764067,0
True,1.5786962733673,0
True,2.2560775490285,0
True,1.9511545126245,0
True,2.63335243416931,0
True,2.97461487568867,0
True,1.10083273180496,0
True,4.06004215799421,0
True,1.71958316374338,0
True,3.59283334670786,0
True,2.25334122268396,0
True,2.68691751042941,0
True,2.96072987258925,0
True,3.44596434691984,0
True,0.694248652292739,0
True,0.995705138786366,0
True,1.29385744043137,0
True,1.45507686689144,0
True,2.61774305275421,0
True,1.16531753301817,0
True,1.00266622879431,0
True,1.10694423225551,0
True,3.05051998960222,0
True,0.842869306070578,0
True,1.65920700312304,0
True,3.01342832323154,0
True,1.78098927365016,0
True,1.79520326514796,0
True,2.27341114222608,0
True,1.12287455524227,0
True,2.17212781725198,0
True,0.762428096050561,0
True,3.22543577681059,0
True,3.37266641437088,0
True,1.37688838547907,0
True,4.11400276239974,0
True,1.50751450924469,0
True,1.70342861945437,0
True,1.93089914961043,0
True,1.21837639305644,0
True,3.07667854540574,0
True,2.48438885050664,0
True,2.55108676190661,0
True,1.62843428815621,0
True,3.28319637227659,0
True,4.52330659381604,0
True,2.20059957534701,0
True,2.96150641079365,0
True,2.30050999214789,0
True,0.753595249089911,0
True,2.78790321478752,0
False,2.62015096717331,0.000157786066893458
True,1.95573539638061,0
True,2.45998506088,0
True,2.8876480025953,0
True,1.36549425816451,0
True,1.29757941367597,0
True,2.47133199163764,0
True,1.62605765830068,0
True,2.79198367673645,0
True,2.06898356111139,0
True,1.06879136841756,0
True,2.3007650035568,0
True,0.510073505264814,0
True,1.38704034353931,0
True,0.910719115292259,0
True,1.54438123933242,0
True,1.70068964567342,0
True,2.1593498122231,0
True,2.00749255592263,0
True,1.85123384156926,0
True,1.21489755862947,0
True,2.85702458753291,0
True,1.58672380930653,0
True,3.67737379159256,0
True,4.15935328944737,0
True,1.53921037184661,0
True,1.96579735420415,0
True,1.54938205461201,0
True,0.951383706662823,0
True,1.70789335507033,0
True,1.6829335312157,0
True,1.44061338093506,0
True,1.45892229639404,0
True,1.9386416601432,0
True,3.74100791083086,0
True,2.91209698982635,0
True,2.32314271564692,0
True,1.74129898378553,0
True,1.80797350161233,0
True,2.03696302521066,0
True,1.821457655377,0
True,2.75478627176635,0
True,3.09583331780204,0
True,2.19598185304233,0
True,2.26537719758014,0
True,0.978480476283693,0
True,1.40034803537342,0
True,2.86606175089476,0
True,0.764879693705169,0
True,1.87551368868442,0
True,2.96712672293008,0
True,0.841716357277239,0
True,3.40371899804054,0
True,1.70998823103401,0
False,1.07009794770958,0.00063728731270759
True,1.62990788907109,0
True,0.726742910152912,0
True,0.700765596994684,0
True,3.48009775080772,0
True,1.2691197880451,0
True,2.1690876165396,0
True,1.36205798969953,0
True,1.50094663702355,0
True,2.23393402002386,0
True,3.65298015951164,0
True,0.912309108146649,0
True,1.87974346681682,0
True,3.61975887476094,0
True,1.92794333814466,0
True,1.57613835137519,0
True,1.32946112015981,0
True,2.41960381594227,0
True,1.38151034087782,0
True,1.339491763503,0
True,1.1196726091337,0
True,1.64664546945511,0
True,4.34064862575123,0
True,1.22780104205964,0
True,1.61689549071834,0
True,1.76676903576258,0
True,2.18822447498372,0
True,2.73347137056644,0
True,2.45386967711791,0
True,1.91699853171896,0
True,2.00999125649086,0
True,1.76922766257241,0
True,1.20180352116609,0
True,1.41093033133891,0
True,0.804966474794495,0
True,1.21687187818752,0
True,2.1147385306289,0
True,4.28053734073434,0
True,2.34562056426656,0
True,1.25422379335916,0
True,2.99446601741125,0
True,3.42982095469496,0
True,1.89748918520127,0
True,1.73540470322806,0
True,2.07525144017523,0
True,2.00500467108065,0
True,2.00587182632058,0
True,1.07381054810324,0
True,1.38195850390092,0
True,0.665672645512478,0
True,2.01522346083912,0
True,2.7410851166395,0
True,4.1842441293223,0
True,1.97977578375606,0
True,1.94356643475523,0
True,0.793578653587655,0
True,1.49625126237915,0
True,3.13603867545139,0
True,1.85888606416448,0
True,1.72446264533019,0
True,2.66725976614986,0
True,1.33020582315205,0
True,2.23163890198871,0
True,2.56017826532703,0
True,1.21653325690565,0
True,2.44529024511982,0
True,1.93151989697173,0
True,1.58374157312913,0
True,1.30046337454982,0
True,1.38346990875887,0
True,3.54205914007752,0
True,1.71025493071418,0
True,1.28011910929591,0
True,1.97475844262292,0
True,1.3626395400117,0
True,2.6224469541954,0
True,2.55151878814344,0
True,1.9149203256317,0
True,1.19946521501321,0
True,0.911639347997019,0
True,4.05085670800955,0
True,2.55377190282805,0
True,2.05423987600337,0
True,1.52831110982142,0
True,3.62141817564837,0
True,2.16554464433354,0
True,0.926022717386169,0
True,3.13716410719724,0
True,1.21767112944022,0
True,1.36211763046315,0
True,1.75982662929035,0
True,2.08228960324102,0
True,1.22077477984191,0
True,1.7187828046393,0
True,3.87606007396811,0
True,2.00591828205979,0
True,1.86871704369972,0
True,1.20261988412015,0
True,2.74023932669954,0
True,3.77574674313275,0
True,2.41190887615196,0
True,1.51294833538117,0
True,1.00750822695352,0
True,0.881560256062811,0
True,3.77927451807352,0
True,3.77908582821832,0
True,0.953709230777738,0
True,3.78717568766137,0
True,2.00794950097215,0
True,1.23578909397515,0
True,3.04720570783222,0
True,1.50178182406841,0
True,2.13433848304589,0
True,1.62561335250241,0
True,1.43587827769613,0
True,1.24056260276131,0
True,0.548899650818588,0
True,2.84029830644863,0
True,2.53546053544128,0
True,1.68754771347265,0
True,1.66204321353176,0
True,2.23526889254089,0
True,2.80448264876649,0
True,1.41176660177671,0
True,1.2648684369514,0
True,1.87999883593175,0
True,1.00403429875634,0
True,0.888354181270839,0
True,1.91256146981502,0
True,1.1268377301355,0
True,2.6374037050465,0
True,1.97861993063849,0
True,3.07670705742803,0
True,1.91235387632851,0
True,1.88523488508928,0
True,1.62073002664237,0
True,2.67277263766252,0
True,1.89125954790306,0
True,1.30560642645098,0
True,1.19285287943222,0
True,3.47777136009144,0
True,1.23208442973949,0
True,1.29918996795518,0
True,1.14624061529619,0
True,3.14296600256551,0
True,0.957567873800019,0
True,1.58413553196989,0
True,1.06442257256533,0
True,2.11291996635997,0
True,3.38403731509871,0
True,3.39333897203645,0
True,0.702130912754355,0
True,3.34560284560018,0
True,1.71467273125966,0
True,1.11245977796893,0
True,1.92615725811893,0
True,1.41362535399959,0
True,2.39416264958028,0
True,2.07470479407424,0
True,1.95347139027786,0
True,1.64873629579078,0
True,1.66656479987902,0
True,0.919939330981914,0
True,1.14668998428362,0
True,1.30878806815263,0
True,1.41124946792573,0
True,1.58897946086154,0
True,1.00614997034031,0
True,1.15114697282698,0
True,1.22549634945533,0
True,1.2054764195772,0
True,2.24240876097193,0
True,1.17233618403904,0
True,3.35491160581564,0
True,3.908630177174,0
True,2.16838567342912,0
True,1.78545297387273,0
True,1.56360093860324,0
True,1.48517006331876,0
True,2.97206629502604,0
True,1.63039397539685,0
True,1.12525000391152,0
True,3.03216135477095,0
True,2.1359563306096,0
True,2.33850765703761,0
True,1.96582563866249,0
True,3.61115990289895,0
True,1.45673037174054,0
True,1.94883824833482,0
True,2.82820935137647,0
True,1.25506127160274,0
True,2.45198487014701,0
True,1.84174242941658,0
True,1.42206845487125,0
True,1.01435403937015,0
True,0.969579541378894,0
True,2.81898959417687,0
True,1.30407707042813,0
True,3.61434366148954,0
True,0.8726410628783,0
True,1.3971116593221,0
True,1.41120320202613,0
True,2.06052107209617,0
True,3.42922555738203,0
True,0.840039013660055,0
True,1.1221568089559,0
True,3.81534239771465,0
True,3.04383216615153,0
True,1.49576233803844,0
True,1.93810813444115,0
True,3.33717147895093,0
True,1.36708398007761,0
True,1.72957186438422,0
True,1.280285982863,0
True,1.39361602997465,0
True,1.35879768825391,0
True,2.75259484991268,0
True,2.8537936431437,0
True,3.20636862538507,0
True,1.74540949598528,0
True,1.4597210044085,0
True,0.913600556738189,0
True,3.44964074899256,0
True,0.91975127297211,0
True,3.13177474545647,0
True,1.01541753624109,0
True,2.89142448152318,0
True,1.92666798760886,0
True,1.2920359690903,0
True,3.74415476100745,0
True,1.44930791122564,0
True,0.91044285528878,0
True,2.5666450859892,0
True,1.98896838082761,0
True,2.29706490235041,0
True,2.25077117985195,0
True,1.8050200368507,0
True,1.88745069842925,0
True,3.24998922394991,0
True,1.41070141180311,0
True,1.49251626365153,0
True,1.76108700255023,0
True,2.45826493257324,0
True,1.96289455046947,0
True,2.55421421391285,0
True,2.92887920250466,0
True,1.26259149943245,0
True,1.72066327576396,0
True,0.871794770055333,0
True,1.78676180187136,0
True,2.76852952783365,0
True,1.40202051833351,0
True,1.49700580909187,0
True,1.84295339377837,0
True,1.7780959903812,0
True,1.83921857121129,0
True,1.39054608245594,0
True,2.00908737823509,0
True,2.47853681266189,0
True,1.13030917710597,0
True,2.18958866889265,0
True,1.89165568271165,0
True,4.01357457405615,0
True,2.03021654736496,0
True,1.05773879401121,0
True,2.82792763019913,0
True,1.82476555403646,0
True,1.40704747743251,0
True,4.0218846486363,0
True,2.85406325026667,0
True,2.00494840572596,0
True,2.01210554784532,0
True,2.97060210692642,0
True,1.15251066094152,0
True,4.40223959037459,0
True,4.19209780889808,0
True,3.81862206979685,0
True,2.26308858668434,0
True,1.1338072509049,0
True,1.32665689738593,0
True,1.21665388128299,0
True,0.816966952816366,0
True,3.32655974102431,0
True,2.69154683638886,0
True,1.49768736911057,0
True,1.19431520831504,0
True,1.55404674607811,0
True,2.46405509773684,0
True,2.97840207678758,0
True,2.01190442615704,0
True,1.07730231678909,0
True,1.90830775075495,0
True,2.62604595312856,0
True,0.924580142239561,0
True,2.86819396467197,0
True,1.70556457998627,0
True,1.09876894486996,0
True,2.69544862247921,0
True,0.584232319275322,0
True,1.51994940083145,0
True,1.03563428227302,0
True,1.38883043767745,0
True,1.51290378599771,0
True,1.77309863302235,0
True,2.84139476408908,0
True,2.28667963477621,0
True,2.28227353671799,0
True,1.86376281331675,0
True,1.33101027547802,0
True,3.06525853478422,0
True,1.04172752187411,0
True,2.46193012718171,0
True,2.58012930095384,0
True,2.15754011616807,0
True,1.44004879566985,0
True,2.68724665938242,0
True,2.04880493206372,0
True,1.34957691882273,0
True,1.20103845484519,0
True,1.64363289610319,0
True,1.19082634226245,0
True,2.14076820051655,0
True,1.06670088712896,0
True,1.82655184870987,0
True,1.3202647445513,0
True,3.25259994735182,0
True,2.47849792936969,0
True,2.05445566447794,0
True,1.96937132830805,0
True,1.4515378542211,0
True,3.20367007432765,0
True,0.692573493880526,0
True,2.58670106479492,0
True,2.04464225050149,0
True,1.51744276157246,0
True,1.66625233132514,0
True,3.94459995925619,0
True,1.7716724381085,0
True,0.747512426241217,0
True,3.46625759042977,0
True,1.23129158507399,0
True,2.14160095658619,0
True,1.65382090356149,0
True,1.86565053203028,0
True,2.19170056696034,0
True,1.31316060609778,0
True,3.59641277363094,0
True,1.43013367226447,0
True,2.97856462451937,0
True,2.6097637190237,0
True,1.04021192689703,0
True,2.36070197860842,0
True,1.08206789441542,0
True,1.71505477109881,0
True,2.34564606952577,0
True,1.75980177348049,0
True,3.50365614866861,0
True,3.06924657831777,0
True,1.24873172402103,0
True,1.53951474284172,0
True,1.84871026756112,0
True,1.68747747583687,0
True,1.50354214173597,0
True,1.24568845806147,0
True,1.91953887293621,0
True,2.07466210342759,0
True,2.70421829830319,0
True,0.723995637818053,0
True,1.79876259684719,0
True,3.09520714973448,0
True,2.61957450430529,0
True,3.10470328581147,0
True,3.04883908640267,0
True,1.64219685586291,0
True,2.85137412640569,0
True,3.5633626669504,0
True,1.05640314121782,0
True,1.17750452643794,0
True,1.12101012740979,0
True,1.21943442764391,0
True,2.86890665423428,0
True,0.884215307063948,0
True,1.64673451496495,0
True,1.75887617013316,0
True,3.37558805376314,0
True,1.57517050350994,0
True,2.45638274340224,0
True,2.45316456441911,0
True,1.69032208855476,0
True,2.13678302040874,0
True,0.726864618198943,0
True,2.10597197897638,0
True,2.20405662019499,0
True,1.07546037148111,0
True,2.76546938430125,0
True,2.27096983674239,0
True,1.58316097959503,0
True,0.991787670015855,0
True,1.62615826623299,0
True,1.40841488314001,0
True,3.04146661549009,0
True,2.4544837066426,0
True,1.70423537894338,0
True,1.20724899989899,0
True,2.82531987171752,0
True,3.64867089482368,0
True,1.62408403862587,0
True,1.79777957523366,0
True,1.85341807844511,0
True,1.63904562403849,0
True,0.739405429508309,0
True,1.07440932434415,0
True,2.01897921725822,0
True,1.63890416282744,0
True,1.1595920484006,0
True,1.89636203139818,0
True,2.0646397372644,0
True,3.92349197780771,0
True,3.10006068831353,0
True,1.87711272532184,0
True,2.34793121909279,0
True,1.43554920964534,0
True,0.923446259373307,0
True,1.82332995662235,0
False,2.07019821080665,9.0211832397113E-05
True,2.55599208959891,0
True,0.885580706662597,0
True,1.83385983765258,0
True,1.30064470123092,0
True,3.15358761564499,0
True,2.81405895947466,0
True,1.81410058330423,0
True,1.88338816228207,0
True,1.86822276043329,0
True,1.18128651759209,0
True,3.20906217484493,0
True,1.8137217067218,0
True,1.44306628953835,0
True,3.37626031577287,0
True,2.86183094134047,0
True,1.81616627309052,0
True,2.00981311583625,0
True,1.49177388713898,0
True,1.94257462420352,0
True,3.31316506607825,0
True,1.17725604626162,0
True,1.45468023155437,0
True,1.625244455508,0
True,0.930431787108371,0
True,4.70409334659285,0
True,1.89958527216719,0
True,1.93364183144964,0
True,0.922482850240962,0
True,3.28189555648207,0
True,3.30364868212008,0
True,2.91851263154725,0
True,1.21838029918009,0
True,0.965630433048856,0
True,3.10376996982271,0
True,1.13779040023195,0
True,1.2642693190849,0
True,2.75033050019249,0
True,3.66496792700376,0
True,2.05442435824069,0
True,1.97964845339714,0
True,1.58051105843157,0
True,1.61965359934094,0
True,1.78286879941221,0
True,0.867907786148438,0
True,1.04271509588068,0
True,0.899454191562861,0
True,1.25369585359886,0
True,1.37578058992862,0
True,1.08809816159871,0
True,1.71193313100072,0
True,1.74514741853376,0
True,1.92377307643522,0
True,1.60336748383076,0
True,1.58222541624951,0
True,1.00109871531758,0
True,3.98684799596867,0
True,2.54878699334813,0
True,1.39093290137016,0
True,1.02766407171456,0
True,1.79225408075642,0
True,1.65453665911965,0
True,1.79160676498433,0
True,3.17579915314041,0
True,2.00125217281108,0
True,1.8787718514678,0
True,2.95343527794169,0
True,1.26638943425752,0
True,2.11834316786516,0
True,1.03986853010142,0
True,0.790116527759253,0
True,2.4400524360699,0
True,1.4342116489396,0
True,1.53839010825975,0
True,1.91000654377438,0
True,1.87613365038889,0
True,3.26054927981396,0
True,2.28829444963584,0
True,3.0420363717627,0
True,2.76558243853181,0
True,1.50302657354992,0
True,2.13333311521563,0
True,2.2987076261748,0
True,3.43479949668673,0
True,0.710520435965475,0
True,1.95651709601483,0
True,2.27232915772206,0
True,1.594473207357,0
True,1.89528419737189,0
True,1.57798062660718,0
True,2.01863122736604,0
True,2.50023372138048,0
True,1.0530528211673,0
True,1.40242242056641,0
True,2.41955833255413,0
True,1.71123199305121,0
True,1.01748948552535,0
True,0.874791620000576,0
True,1.32271629800193,0
True,0.809607948796949,0
True,1.49143959250764,0
True,2.21029511453118,0
True,3.02135879956112,0
True,2.17331530548928,0
True,1.63349517247996,0
True,1.06070420778581,0
True,0.749744902603941,0
True,0.979370278513322,0
True,1.55400198299889,0
True,1.13913573471938,0
True,2.18808254585314,0
True,1.76908178303006,0
True,1.92881764902554,0
True,2.17871114023228,0
True,2.14451483000326,0
True,1.81624548671308,0
True,2.03883060966255,0
True,2.04401467308015,0
True,1.37778908085589,0
True,0.980843904286493,0
True,2.76127994703267,0
True,2.46592132305609,0
True,0.831257795876432,0
True,1.9488895382593,0
True,1.09245327997949,0
True,1.9325942212748,0
True,1.70796383033712,0
True,1.93539517555086,0
True,1.6382133746899,0
True,3.77804825257251,0
True,3.38099007338414,0
True,2.18777954979066,0
True,1.7911640765129,0
True,3.00847951145147,0
True,4.00177068297159,0
True,1.00867438761574,0
True,1.89205268959776,0
True,2.07648226717649,0
True,1.25603714630311,0
True,1.33263535430189,0
True,1.03062551211178,0
True,1.40614463881872,0
True,1.72229079048245,0
True,2.28193374635331,0
True,2.01819612110287,0
True,2.65271788769929,0
True,2.00283027297365,0
True,1.09290159447282,0
True,1.95814226343383,0
True,2.2337798454767,0
True,1.6450838095293,0
True,1.22528116556612,0
True,1.63095291128834,0
True,1.27629346740766,0
True,0.681468829182394,0
True,2.23854450287525,0
True,1.50098361390288,0
True,2.6242725314757,0
True,1.93181756618075,0
True,1.22507999653201,0
True,1.80593126768009,0
True,0.676552864917657,0
True,1.2058323576901,0
True,2.27571219380138,0
True,1.50488875306915,0
True,1.95368994758111,0
True,0.955271020643864,0
True,2.61195497803816,0
True,2.3742257660458,0
True,1.56442515607788,0
True,1.38904174991193,0
True,1.37760437253437,0
True,1.77954744695228,0
True,1.62427094401728,0
True,4.20455137455116,0
True,1.59505349167179,0
True,1.14441944911401,0
True,2.71003955812355,0
True,1.53576773794761,0
True,3.3089648935169,0
True,1.58274639641401,0
True,1.01500209389304,0
True,2.05662981605313,0
True,2.37245837269152,0
True,1.42270479312172,0
True,3.41481111914575,0
True,1.8008109899019,0
True,1.80860719286923,0
True,2.02723314343658,0
True,2.56068868494142,0
True,3.63270870238248,0
True,2.65816529615218,0
True,1.63317285098169,0
True,2.94111838573715,0
True,2.67127210284482,0
True,1.0270677512773,0
True,1.09740634688676,0
True,0.999304782003678,0
True,1.7444046283488,0
True,2.85424625754605,0
True,3.33169844706428,0
True,0.889495551611873,0
True,1.55788827499887,0
True,1.5741240786058,0
True,1.30068942851717,0
True,1.57681487185135,0
True,2.01022548296617,0
True,2.73694326688415,0
True,2.0778652474828,0
True,4.58179363266227,0
True,3.43481678399709,0
True,1.23469476260719,0
True,2.95663331876646,0
True,1.00132006704291,0
True,3.38730408573877,0
True,1.65775475694611,0
True,1.01631917691513,0
True,1.42016014091299,0
True,2.20877520683848,0
True,1.31796015841753,0
True,2.10439549556175,0
True,1.92499233981757,0
True,2.19529425149673,0
True,4.23313749804175,0
True,3.76757692934758,0
True,3.48258309164027,0
True,1.58550110815861,0
True,2.82362905830757,0
True,2.47933315635769,0
True,1.32718086186054,0
True,1.76070617328204,0
True,2.67037873352335,0
True,2.26516095875897,0
True,3.53264592161398,0
True,1.47472645005713,0
True,1.3546505294074,0
True,3.03355631378468,0
True,1.43645910223208,0
True,2.23458872265336,0
True,2.15556686456182,0
True,2.7500289075682,0
True,2.86036778554848,0
True,1.89024085652021,0
True,3.44709069993674,0
True,3.71067131602696,0
True,1.66450846533172,0
True,2.32628125075696,0
True,3.21000828768796,0
True,1.16166711663549,0
True,0.808034508554393,0
True,1.26296103261652,0
True,1.64814933665756,0
True,2.70052415148724,0
True,0.818593530017171,0
True,2.48859674976996,0
True,1.18145529249911,0
True,1.57816503695676,0
True,2.29348782083056,0
True,1.92541630007991,0
True,1.12997095551125,0
True,1.74806857459485,0
True,3.5596323974362,0
True,1.39187510208795,0
True,0.904429498556261,0
True,1.84371027404809,0
True,0.776443266348417,0
True,1.17661515765988,0
True,1.76273225223896,0
True,3.0380549335264,0
True,1.04733303316295,0
True,2.30136844482888,0
True,1.90304190983039,0
True,0.965845124896382,0
True,0.998731915924203,0
True,2.42222561942996,0
True,1.49060955816775,0
True,1.70933049831237,0
True,1.61545617769151,0
True,2.87877795443121,0
True,0.961113209402378,0
True,1.64217614476515,0
True,1.42885135498813,0
True,1.57587976048331,0
True,1.60083219404201,0
True,3.13916122688203,0
True,1.76257499013838,0
True,2.72755210674519,0
True,2.91557156825728,0
True,1.76190812642399,0
False,1.30208565280967,0.000370064469893849
True,3.18733564283848,0
True,1.99269081598746,0
True,2.71085345229333,0
True,1.63134217176723,0
True,1.29233135231406,0
True,1.08624233876244,0
True,3.00233291808619,0
True,1.566641724448,0
True,1.51221660074178,0
True,1.23314551402496,0
True,0.812744311053348,0
True,2.12614650217646,0
True,4.08926193029464,0
True,0.731071853325729,0
True,1.52902793356217,0
True,1.09150689910911,0
True,2.25041484700171,0
True,1.73129321363108,0
True,2.86144218312676,0
True,1.60668988490693,0
True,1.28212007827088,0
True,1.93289241382509,0
True,1.92584532717304,0
True,1.50405748797781,0
True,2.33893982028497,0
True,1.14011445724043,0
True,4.15159388761832,0
True,3.105914491705,0
True,1.7929819670291,0
True,1.4098278193804,0
True,1.56115200729243,0
True,1.04474741733253,0
True,2.36230591798126,0
True,2.43985802283484,0
True,1.69544479450564,0
True,1.94763675871564,0
True,3.16475915779625,0
True,1.29452125267353,0
True,1.47002898492814,0
True,1.66281846503032,0
True,2.45657030608899,0
True,2.37882201256518,0
True,1.11122460145086,0
True,0.964874429004528,0
True,1.55577996167232,0
True,2.47845129830842,0
True,1.57688383776346,0
True,2.32241975900794,0
True,3.4267733719912,0
True,4.11365542582983,0
True,0.769536704155465,0
True,3.23944714780243,0
True,1.34968245312073,0
True,1.33745066117709,0
True,1.23526037238652,0
True,3.34785644217665,0
True,1.02769879457634,0
True,2.61141594243014,0
True,1.93935238084632,0
True,1.82592766279501,0
True,1.49317941898978,0
True,1.45612609910419,0
True,1.32142915180895,0
True,4.6172370676958,0
True,3.87444796494419,0
True,4.00975923097025,0
True,2.71331537870585,0
True,1.51957641411373,0
True,1.74112681641826,0
True,1.27826982458044,0
True,2.77951638766343,0
True,2.37614267746369,0
True,2.38774069683156,0
True,1.05925538793533,0
True,2.01668727093937,0
True,2.08568878157295,0
True,1.54908917716567,0
True,1.46873645231054,0
True,1.51096622399421,0
True,2.60265525179092,0
True,1.78343680440525,0
True,2.84999759364592,0
True,3.58728736193243,0
True,0.789618990306872,0
True,1.17189569870502,0
True,1.48293988780787,0
True,1.89134994020652,0
True,0.766447134878185,0
True,3.26186473859955,0
True,1.21169649794438,0
True,2.77048616145622,0
True,1.4254787192691,0
True,4.04404929320441,0
True,1.96367150146031,0
True,1.19117695087458,0
True,0.80461687905071,0
True,1.09100260560764,0
True,1.89049309409518,0
True,0.753825213925315,0
True,2.68265835666021,0
True,2.28023940434229,0
True,1.18958420994967,0
True,2.21780439995297,0
True,1.48605521024968,0
True,1.03368962681573,0
True,1.88810385549758,0
True,1.96430384083926,0
True,2.03860949978999,0
True,1.66281074499366,0
True,0.628885394210586,0
True,2.74100420532129,0
True,2.08495820744166,0
True,1.35814118916339,0
True,1.4044203620445,0
True,1.63340178701652,0
True,3.93340523797244,0
True,3.2969307884449,0
True,0.733213827620613,0
True,2.07468798574937,0
True,0.932101308210125,0
True,1.34470303804584,0
True,1.05547898337864,0
True,2.75186520828854,0
True,1.45456734807618,0
True,1.02435563884107,0
True,2.28433970302125,0
True,2.49519947501799,0
True,2.71587626316851,0
True,3.49667052835724,0
True,3.60719055433547,0
True,2.96162431808111,0
True,2.89616514656856,0
True,1.79045403163208,0
True,0.622386924180888,0
True,4.16372497150133,0
True,1.52203804868389,0
True,1.81194740065768,0
True,2.79657508029233,0
True,1.50906041117649,0
True,2.04940283186601,0
True,1.97966654064282,0
True,2.0130105630574,0
True,2.71447687847708,0
True,2.0930910625055,0
True,1.79822215218061,0
True,1.12127312426127,0
True,2.26125063044191,0
True,2.15644074670576,0
True,1.18181075533024,0
True,2.08695744660318,0
True,1.39680924693697,0
True,2.63669523391601,0
True,1.40134134228665,0
True,1.74288907372988,0
True,1.80387605505352,0
True,2.03253200509447,0
True,1.75457121090553,0
True,2.69754939323198,0
True,2.55642744897986,0
True,1.5749874684395,0
True,3.17953392564391,0
True,3.38856366394319,0
True,2.56438877096974,0
True,0.854842867848772,0
True,1.2642985518615,0
True,1.57975370650998,0
True,2.85664452051176,0
True,1.26061436290292,0
True,0.992050153000123,0
True,1.06678376900567,0
True,2.75531203068292,0
True,1.53234575729659,0
True,1.90290335889776,0
True,1.78589787584121,0
True,1.44562925273539,0
True,3.13626673930975,0
True,2.36441782422746,0
True,2.09587220163455,0
True,0.572777170220992,0
True,1.65460926614477,0
True,2.93661220311163,0
True,1.10102787576628,0
True,1.74325467697709,0
True,0.9215011868113,0
True,2.11243480248826,0
True,3.28241323962692,0
True,1.53480324283957,0
True,1.31181491858444,0
True,1.24304541516035,0
True,2.07747870159776,0
True,1.17585750127945,0
True,0.89133603228712,0
True,1.14861795357694,0
True,1.37831923671713,0
True,1.05813173410402,0
True,1.02029086750851,0
True,0.601163368204458,0
True,1.28122317914163,0
True,2.12655357276765,0
True,1.87283258929106,0
True,1.15882950622857,0
True,0.793010880700777,0
True,1.73701383377158,0
True,1.25493326115931,0
True,1.6384072522991,0
True,1.68848878573712,0
True,3.86627776931475,0
True,2.29963424859921,0
True,1.62366888544613,0
True,1.96190549698739,0
True,1.35367210570536,0
True,2.03215886285613,0
True,0.921257585892905,0
True,1.8535228501359,0
True,1.20079728394057,0
True,1.35413927676601,0
True,2.55261854388477,0
True,1.26040999510707,0
True,1.94959687659964,0
True,1.86582513992714,0
True,1.01599592143621,0
True,1.78374813729917,0
True,2.03308469524262,0
True,1.32276133350652,0
True,1.86461439761671,0
True,1.42048738545187,0
True,1.49634170470403,0
True,1.00675889965441,0
True,1.7489704717213,0
True,1.60450446323248,0
True,1.57784971767301,0
True,2.10368352020363,0
True,4.02872546949278,0
True,3.16676588304011,0
True,1.80885152536155,0
True,1.24186933229644,0
True,2.12553491520648,0
True,4.48764176042348,0
True,3.15760183657389,0
True,1.34336298457504,0
True,1.25408227232568,0
True,2.30044920352838,0
True,3.40503231052558,0
True,1.52445208717479,0
True,1.30332008045028,0
True,1.12570267580936,0
True,2.26834149811514,0
True,1.44723566483949,0
True,0.778817007489503,0
True,2.62085370866674,0
True,1.51364360855862,0
True,3.85813837360282,0
True,2.67073896081214,0
True,3.16987165164092,0
True,1.56854826928057,0
True,2.1751791412574,0
True,1.52296082689562,0
True,1.5859501742375,0
True,1.13657189774444,0
True,2.0031391313843,0
True,2.32834520205107,0
True,1.09370940832389,0
True,1.02648917471417,0
True,0.979877674090049,0
True,1.92148966993979,0
True,1.6835668895326,0
True,0.657788751764777,0
True,1.75348704662662,0
True,3.29588288390323,0
True,3.86735256101691,0
True,0.879932106599636,0
True,2.20385231769417,0
True,1.09335886132952,0
True,1.86768477862355,0
True,1.2684490532554,0
True,0.913180933049299,0
True,1.35522329108768,0
True,1.43544178333997,0
True,1.34254201225403,0
True,1.96467668363973,0
True,1.56775670800462,0
True,4.217237125376,0
True,1.37953285258315,0
True,1.72996738337338,0
True,1.6379262076935,0
True,1.42767319396838,0
True,1.9070669157876,0
True,2.34802189122586,0
True,0.991233122755944,0
True,1.19859708987366,0
True,2.10407661303264,0
True,4.49667691874973,0
True,3.38349953890619,0
True,0.905428080066636,0
True,3.47232574925932,0
True,1.90169547435739,0
True,0.740224484119698,0
True,1.2543336256996,0
True,1.20037186287353,0
True,0.817097594485458,0
True,1.70478244865988,0
True,2.38296442751392,0
True,1.78831835434252,0
True,2.25943860418871,0
True,2.18627739170617,0
True,2.72975392955131,0
True,3.68740050058643,0
True,2.30079986296764,0
True,2.05203415335602,0
True,1.27074529526806,0
True,1.66132492742819,0
True,1.16649470326407,0
True,1.55403501997334,0
True,0.766202509765851,0
True,3.29157700477176,0
True,0.998205083198361,0
True,2.51067336013432,0
True,1.56772485500092,0
True,1.09070012217351,0
True,1.66785341677082,0
True,1.26708091855133,0
True,1.11211564404299,0
True,1.48976127322343,0
True,4.30557786920269,0
True,0.657109676110118,0
True,1.16277857141412,0
True,1.33078165831522,0
True,2.13663711444195,0
True,3.3650080419293,0
True,1.92724279594546,0
True,2.17635334159918,0
True,1.25267167850804,0
True,1.32761005016945,0
True,2.06502965786422,0
True,1.21372448428923,0
True,1.59047556624536,0
True,1.86190126917143,0
True,3.94995589991711,0
True,0.485239120198778,0
True,2.82327829043741,0
True,3.1650875723482,0
True,3.96724122564497,0
True,2.63891107565083,0
True,2.10917365917955,0
True,1.38439269846049,0
True,3.70450530170829,0
True,1.97463969120995,0
True,0.87003526342685,0
True,1.72165266939573,0
True,0.725048066816558,0
True,3.49734058219172,0
True,1.61668442374373,0
True,2.26172574390933,0
True,0.654604654040707,0
True,3.20631684545987,0
True,4.15214528387775,0
True,2.48665835665766,0
True,1.92915637395791,0
True,3.45364240516532,0
True,4.1876807204193,0
True,3.75032808539214,0
True,2.11058350909781,0
True,1.315287509356,0
True,0.855423019045148,0
True,1.92619528722635,0
True,1.10484845231741,0
True,2.49451361745666,0
True,3.99738162239314,0
True,3.28132848275311,0
True,0.604254582442581,0
True,1.65191888787429,0
True,1.68080554777098,0
True,1.43253743336457,0
True,2.95044295654029,0
True,2.31830454726954,0
True,2.63821872347976,0
True,1.15269050583747,0
True,1.31697179904371,0
True,2.67831869001043,0
True,1.61283780320812,0
True,0.776616986050258,0
True,2.49866683182566,0
True,4.07744077547392,0
True,1.45041332249192,0
True,0.76559002789028,0
True,1.23366294347503,0
True,0.911592221874248,0
True,2.63443578661859,0
True,2.15669680346561,0
True,3.33940798199382,0
True,2.73447351466137,0
True,0.998939734997772,0
True,2.19019862635658,0
True,1.42938352873258,0
True,2.59399940727388,0
True,1.34084498049292,0
True,1.58747284536965,0
True,3.22085666754396,0
True,1.64185244546635,0
True,0.871905807683816,0
True,3.00186497971291,0
True,0.967894767548266,0
True,1.12100695044944,0
True,2.03172635393412,0
True,2.25046939040383,0
True,2.15653400106062,0
True,1.74506667298404,0
True,1.07771353802281,0
True,2.69083735218983,0
True,0.746147655486716,0
True,1.82870794653748,0
True,1.6574369853067,0
True,0.769419571221087,0
True,1.97194727936089,0
True,1.79232969735271,0
True,2.89760926594737,0
True,1.75667264918482,0
True,3.45426845663705,0
True,2.47044539223908,0
True,1.25726599395085,0
True,0.88734308759716,0
True,1.81794294982845,0
True,2.2039235829873,0
True,2.58587863775336,0
True,1.44475371391794,0
True,1.12327296979865,0
True,1.74768898426888,0
True,1.30737727309458,0
True,3.13424269259992,0
True,2.09028212978635,0
True,1.4160591137142,0
True,1.84030353777232,0
True,1.54254650769244,0
True,1.22250840825442,0
True,2.07560265482249,0
True,1.98345479815512,0
True,0.835327078271811,0
True,0.875266747716553,0
True,1.62252651970913,0
True,1.82771524148084,0
True,1.19266594047204,0
True,4.01914965530649,0
True,2.66358404358459,0
True,2.59460186341271,0
True,3.81189637624408,0
True,1.49201440817307,0
True,1.69454733206735,0
True,1.17463812619487,0
True,1.35586808674593,0
True,1.5071069814027,0
True,1.33967779878056,0
True,1.23067116042587,0
True,1.18225385718358,0
True,3.92186899125038,0
True,2.52234219601312,0
True,1.48254327098762,0
True,0.577160047074183,0
True,3.55419461212221,0
True,1.01051371157804,0
True,1.89139805442523,0
True,2.24196972742887,0
True,4.49957724232762,0
True,1.84295712839023,0
True,0.966429836049823,0
True,1.58858349518049,0
True,1.47471277389591,0
True,1.97039228086824,0
True,2.32107695415815,0
True,1.883495902953,0
True,2.6191210240231,0
True,1.13539137786636,0
True,1.43537949010379,0
True,2.40292810443718,0
True,2.64883650585068,0
True,1.10327832258913,0
True,2.33804470530463,0
True,2.58570723105845,0
True,0.744466527107195,0
True,3.88528322022699,0
True,0.782408934332846,0
True,1.80124422031199,0
True,1.15984943745344,0
True,3.15438445451827,0
True,1.14751649906991,0
True,1.98716732808557,0
True,1.33822074641568,0
True,1.23937147533554,0
True,0.913798651775839,0
True,0.991293218542789,0
True,2.02999983298457,0
True,1.32125490926985,0
True,3.39711987160995,0
True,1.25404839075165,0
True,2.02925670417151,0
True,2.19371261720223,0
True,1.42081840236959,0
True,1.34881849595232,0
True,1.223470755722,0
True,1.21069182458633,0
True,2.06051018465578,0
True,3.26485327270654,0
True,1.5006266899055,0
True,1.48856284472735,0
True,1.42780873883202,0
True,1.35010849145115,0
True,1.84111079110767,0
True,2.31147339902496,0
True,1.21562561265333,0
True,1.68366688776384,0
True,2.10178754368398,0
True,2.37245246895921,0
True,1.4260072554148,0
True,2.20514928042731,0
True,1.89506262980763,0
True,1.87326983599197,0
True,1.20880202823248,0
True,1.08120482929242,0
True,3.70671514291925,0
True,1.04987061629526,0
True,2.46599961605543,0
True,2.58753548768543,0
True,2.51809047297003,0
True,1.71206080824276,0
True,1.17517613456615,0
True,1.43572647602243,0
True,2.12008364567916,0
True,1.56363029737786,0
True,1.28913466080434,0
True,1.46132578874173,0
True,1.09635828769707,0
True,2.33282926403257,0
True,2.72501859458009,0
True,2.36721682586695,0
True,1.61535578274643,0
True,3.9303390202077,0
True,2.82527131662996,0
True,3.27525207371362,0
True,2.08390276962985,0
True,3.01708612555029,0
True,2.2752698494867,0
True,2.79568714130116,0
True,0.798705843805177,0
True,2.68780817257616,0
True,2.68432175981318,0
True,1.95359365833158,0
True,1.82710563008263,0
True,1.10809879599171,0
True,1.39206308658526,0
True,2.59027994296334,0
True,2.75079284077515,0
True,1.9341588349631,0
True,3.71437585247375,0
True,1.51223300863112,0
True,1.79174126251719,0
True,1.87868562148982,0
True,2.69488419535179,0
True,1.11256227981149,0
True,3.0010281008741,0
True,2.45648520046605,0
True,1.48827456704443,0
True,1.13819653974694,0
True,1.25156495608006,0
True,1.50210192694803,0
True,0.796137875922041,0
True,1.4966766875683,0
True,1.60552393568612,0
True,1.56421596830718,0
True,0.934374024581278,0
True,1.73158702271516,0
True,1.81943283045895,0
True,1.18056489327629,0
True,3.00455928739965,0
True,1.77133758947268,0
True,2.28413051161016,0
True,2.74130196030635,0
True,1.69010220427013,0
True,0.64150729569625,0
True,0.644701412606823,0
True,2.11731242464764,0
True,0.660773298461998,0
True,2.68142282181721,0
True,1.07727101712051,0
True,2.23180046332614,0
True,1.0195915534011,0
True,1.2552034541145,0
True,1.19705616088097,0
True,1.6438264934083,0
True,1.95775437895796,0
True,1.98730241301314,0
True,1.14067794799122,0
True,3.75611209416729,0
True,2.88698499525001,0
True,2.91230724834326,0
True,3.16084966238114,0
True,3.45020967823722,0
True,2.84955855027079,0
True,1.73787794383499,0
True,1.33420689251409,0
True,1.47093344182047,0
True,1.43456138927681,0
True,3.4389794510432,0
True,1.52257189512255,0
True,1.77277617720311,0
True,1.42515665865223,0
True,4.39819295846026,0
True,1.23786160649762,0
True,2.00381699003911,0
True,2.87219206694178,0
True,3.1153000672774,0
True,1.63576528777393,0
True,1.18373996579517,0
True,1.0689047266553,0
True,1.40716875708841,0
True,2.64205026704289,0
True,1.26653608448049,0
True,1.28712996008433,0
True,1.70086395019599,0
True,2.49925643294919,0
True,3.65762080347631,0
True,2.29032414674457,0
True,1.17684402961874,0
True,1.37001360349396,0
True,1.65342539174761,0
True,0.904479062913172,0
True,1.47510045796473,0
True,0.971101517691485,0
True,1.11073794896658,0
True,0.929564111667516,0
True,1.81553190233772,0
True,2.91570369240017,0
True,2.70082351931789,0
True,1.1857362922326,0
True,0.743558051494183,0
True,2.34598022987207,0
True,1.14829762394978,0
True,2.26907161221458,0
True,2.13184601841238,0
True,1.85561081996712,0
True,1.41808653212491,0
True,1.05696669406841,0
True,1.5687487032843,0
True,2.56625789462091,0
True,1.29183924393421,0
True,1.61035040236469,0
True,1.41039493951405,0
True,3.46593214367371,0
True,3.73786284035158,0
True,0.920716129302206,0
True,1.940988075444,0
True,2.75108441583801,0
True,2.24975248752414,0
True,1.98223175159697,0
True,2.41930237357565,0
True,2.22763579012689,0
True,1.09776753780968,0
True,2.52924093257724,0
True,1.97334028092704,0
True,1.43384454726547,0
True,2.60681040712236,0
True,1.91014575848983,0
True,2.3887432499941,0
True,1.28927259509999,0
True,3.73113361538603,0
True,0.951008451067821,0
True,1.99723962409662,0
True,0.838024131013112,0
True,1.1353417354469,0
True,2.33228253185335,0
True,1.98171485299791,0
True,3.04800618291766,0
True,0.98104878185134,0
True,1.38719650957254,0
True,1.13863472776132,0
True,1.10693352188069,0
True,2.03353938413165,0
True,3.02280378866563,0
True,2.40542034460441,0
True,0.696579777373434,0
True,1.29330845807643,0
True,0.968055333290268,0
True,1.44175848400117,0
True,2.02750635016291,0
True,3.07827886890698,0
True,2.02743650320198,0
True,0.979363278264879,0
True,1.2018805662516,0
True,1.67218523559194,0
True,0.832250872550536,0
True,1.60133654300736,0
True,1.60351088535701,0
True,1.72014566758202,0
True,1.74122126135047,0
True,2.16659118182654,0
True,2.48496597401566,0
True,0.958909259825745,0
True,1.15236425970753,0
True,2.22657807072779,0
True,2.45348975671715,0
True,0.591560851408524,0
True,1.30957801443095,0
True,1.72963502181627,0
True,1.18147305273576,0
True,1.04186560721734,0
True,1.12382290413641,0
True,1.57785562050283,0
True,1.39629640666191,0
True,2.3168381068801,0
True,1.54558784195699,0
True,1.71519192967673,0
True,1.51157426727796,0
True,1.43903816226964,0
True,1.38468346788568,0
True,1.5690308574204,0
True,1.34994661232478,0
True,1.77913028420366,0
True,3.07969804831395,0
True,3.11764271099193,0
True,0.822126487518885,0
True,1.35831868113307,0
True,2.51422938484529,0
True,1.83091305259065,0
True,4.15819509299913,0
True,1.61113076217,0
True,1.52312841047076,0
True,1.36554583611442,0
True,1.19084401148581,0
True,1.17776695201962,0
True,1.36508484483288,0
True,1.79921247322715,0
True,1.39815812518239,0
True,1.4891827062721,0
True,3.8560734792745,0
True,2.7767144994575,0
True,4.06380851735723,0
True,1.42911896605948,0
True,1.29199077432304,0
True,2.74575654088923,0
True,1.09716146109014,0
True,1.53964539461912,0
True,2.56898852770815,0
True,2.06901220532773,0
True,2.693877995947,0
True,1.54686968923291,0
True,2.06974597775357,0
True,2.25664371555826,0
True,1.45613380104767,0
True,1.87186582946219,0
True,1.55377256567518,0
True,1.23486909404762,0
True,1.89364438035277,0
True,1.74760518321414,0
True,0.937960501432015,0
True,0.676241925030973,0
True,2.21681636883784,0
True,2.11138922200377,0
True,2.61312979376811,0
True,2.91745439493614,0
True,1.46064367349526,0
True,2.93807599813055,0
True,3.18970569435721,0
True,2.25082283337495,0
True,1.35427259173794,0
True,1.20900770103045,0
True,1.63423544460404,0
True,1.79235684516229,0
True,1.38788618502162,0
True,1.09444368043841,0
True,2.19592754639196,0
True,1.56326407746133,0
True,1.55738023010947,0
True,1.38730271361133,0
True,1.77257722005764,0
True,1.14467071305412,0
True,1.67476012889953,0
True,1.78100991648462,0
True,1.33899076406344,0
True,0.802857671047621,0
True,1.72827799432888,0
True,2.14183137557773,0
True,0.679867725728296,0
True,2.00768082573333,0
True,1.38150390161279,0
True,2.02985466297673,0
True,1.6243448601848,0
True,1.49614560688525,0
True,3.93595634286055,0
True,2.51371792778544,0
True,1.34386814680293,0
True,1.69380596808312,0
True,0.935619761419446,0
True,2.01327954109664,0
True,1.76576366776654,0
True,3.48488461614866,0
True,1.5130035448303,0
True,1.32923708371614,0
True,2.50214027035468,0
True,2.34847007137751,0
True,1.1341783879694,0
True,2.30492481483957,0
True,1.96969952060839,0
True,3.58440955111517,0
True,2.59804180197681,0
True,3.37294300599112,0
True,1.708841704337,0
True,1.9721231978489,0
True,2.52241126070375,0
True,1.82807528793317,0
True,2.08088547292444,0
True,2.24011455058533,0
True,1.25957548371243,0
True,2.38266878088541,0
True,1.51711788285666,0
True,1.53402480897121,0
True,1.17725735657342,0
True,2.11279955946285,0
True,2.4698672245176,0
True,1.31753516496423,0
True,1.73171116966607,0
True,1.17515654639628,0
True,2.57961130831028,0
True,2.04554314798712,0
True,1.66232692958499,0
True,1.41706552053493,0
True,2.43402968300734,0
True,1.69347217858329,0
True,1.66216209691511,0
True,1.20001612617747,0
True,2.5581649549765,0
True,1.57582873201171,0
True,2.14944463420687,0
True,3.59473670065278,0
True,0.970733226267319,0
True,0.770527840803179,0
True,1.05758799892932,0
True,1.39376647556687,0
True,1.60294876818077,0
True,0.714261467725629,0
True,3.60875327657704,0
True,2.04395449390833,0
True,1.472461984771,0
True,2.09251799963833,0
True,2.35615581657905,0
True,2.02229127895037,0
True,1.04968950084748,0
True,1.05265910568623,0
True,1.79996323098635,0
True,2.08333615292796,0
True,2.47494753921035,0
True,1.85558334069835,0
True,2.58616472064674,0
True,1.23268050439417,0
True,2.48976365363528,0
True,3.80710099913614,0
True,2.13121158853878,0
True,0.940374769845411,0
True,1.50321054764256,0
True,2.39602115095173,0
True,1.37911023488819,0
True,1.3673726587737,0
True,1.149413728327,0
True,1.83889191420681,0
True,2.02641375150246,0
True,1.93893839561846,0
True,2.76699021882698,0
True,2.17958016215482,0
True,1.19905190351314,0
True,2.88410383899376,0
True,1.87135764208488,0
True,2.30464924633458,0
True,2.15109487973266,0
True,2.42906706618599,0
True,1.01005954061861,0
True,0.951131265054735,0
True,2.68273568799935,0
True,1.82332433502422,0
True,1.15306034026835,0
True,2.43617898918037,0
True,1.03706595477887,0
True,2.34438941667291,0
True,2.49115485110536,0
True,1.56914439458925,0
True,1.96131790875701,0
True,1.75890307611062,0
True,3.19279046803263,0
True,2.05128109047661,0
True,2.34844493964264,0
True,1.47629261789569,0
True,3.17894106954695,0
True,2.56620870798162,0
True,3.2045437658479,0
True,3.73921877681952,0
True,1.37168125206513,0
True,0.767330675272276,0
True,1.46842476187236,0
True,2.36668450555284,0
True,2.40694865699919,0
True,2.79656708676631,0
True,2.0405035632514,0
True,1.36631258845399,0
True,2.30228318214661,0
True,2.15178859968061,0
True,1.26862452561488,0
True,1.37517429403852,0
True,1.61818305548973,0
True,1.36292878562893,0
True,2.04810038563496,0
True,2.29397819158959,0
True,4.40958965451235,0
True,4.06229173950404,0
True,1.17124001105657,0
True,1.91313050316526,0
True,0.936785228207221,0
True,0.855770248067851,0
True,1.07188200655368,0
True,2.01388616179616,0
True,1.85871436445018,0
True,2.21845496635837,0
True,1.44493955610924,0
True,3.98737081727975,0
True,1.18690770616579,0
True,1.64751877897233,0
True,1.13642954126706,0
True,0.961244542219342,0
True,2.24911352779704,0
True,1.56298518553538,0
True,1.48777966728764,0
True,2.9045186707595,0
True,1.79679087916444,0
True,1.72603627636262,0
True,1.16863524668792,0
True,4.21693682220709,0
True,1.39998202813373,0
True,1.7309110739222,0
True,2.04049250620973,0
True,3.24914358453888,0
True,3.45710570438982,0
True,1.41513656139188,0
True,4.25755561755656,0
True,0.83179466324015,0
True,1.36694734593287,0
True,2.4811130966422,0
True,2.66690036638092,0
True,1.83914928537962,0
True,1.05525458546845,0
True,1.30496330605677,0
True,2.04278586772314,0
True,2.0837101288299,0
True,1.97113945604449,0
True,1.65702622566465,0
True,1.99199331495483,0
True,1.6099652829728,0
True,1.54209907630926,0
True,2.52996964805369,0
True,2.27828687687534,0
True,3.30553337355907,0
True,1.89177005099199,0
True,1.92622766208739,0
True,2.64000524962822,0
True,3.45581325886352,0
True,2.37686420389978,0
True,2.26689856582791,0
True,0.849675268899461,0
True,2.21156460644333,0
True,1.02042869475433,0
True,1.17134843722514,0
True,1.72360747587743,0
True,1.89204478184283,0
True,2.25678591920795,0
True,1.61525230980928,0
True,1.50247563248817,0
True,3.35533079537127,0
True,2.53629345470716,0
True,1.25759487350469,0
True,1.04358303115505,0
True,2.18470337055793,0
True,1.91722835715443,0
True,0.858828629216557,0
True,3.67296084320292,0
True,2.33903463636087,0
True,1.28651064951732,0
True,2.46096807117669,0
True,2.55444600569593,0
True,3.59649310289653,0
True,1.97898908001305,0
True,0.697528793630581,0
True,1.80088305044136,0
True,1.92841304808686,0
True,1.95016113159829,0
True,2.09769510366679,0
True,2.64029315627707,0
True,1.02885101352768,0
True,2.54842453370918,0
True,1.6179877328309,0
True,2.589271374983,0
True,2.73231213703456,0
True,0.836050314549515,0
True,1.08042932074088,0
True,1.7338176755885,0
True,2.22186857672824,0
False,1.4933935157276,0.000108521966276137
True,1.40555071247254,0
True,1.09943042655429,0
True,3.92178539506014,0
True,1.98465522614504,0
True,2.15668397744779,0
True,1.40018942117655,0
True,1.4517618983893,0
True,2.30797328039759,0
True,2.01582812917657,0
True,2.09002414901125,0
True,1.22059969401224,0
True,1.03420506831962,0
True,1.64932278908794,0
True,2.28846269795779,0
True,1.64856202044814,0
True,0.988730829808282,0
True,2.16600774705492,0
True,1.44304048200497,0
True,1.60440641908016,0
True,1.45413909594114,0
True,1.35213703584531,0
True,2.67136302055824,0
True,2.26190411222392,0
True,4.28443942742025,0
True,1.78519495337595,0
True,2.54589320676542,0
True,1.14266638459739,0
True,1.3385569403877,0
True,2.71830532608421,0
True,2.56805860024984,0
True,2.56386577918351,0
True,1.84361227143623,0
True,1.2201112295704,0
True,1.21493232848974,0
True,2.18008880922845,0
True,2.53600451009311,0
True,2.41257156473445,0
True,1.60758270107594,0
True,1.78376616566042,0
True,2.37237397767251,0
True,1.65913930512632,0
True,1.49934085303959,0
True,1.69616329605579,0
True,2.09815591631038,0
True,1.67837388858896,0
True,1.49780229426021,0
True,1.42539758057158,0
True,1.0862922516332,0
True,0.950184328663825,0
True,2.71772090431918,0
True,2.3810733722166,0
True,1.4311513136533,0
True,1.441387715668,0
True,2.15764758111787,0
True,1.49369796444195,0
True,2.34813588203313,0
True,3.11918724962544,0
True,0.854403062275233,0
True,2.28809529122815,0
True,0.959125063013414,0
True,0.990759267099609,0
True,1.77381068505795,0
True,1.59394693370921,0
True,1.04190658748192,0
True,1.0873861142466,0
True,0.997361009825913,0
True,2.13325371017997,0
True,2.22290678983683,0
True,1.81507889737347,0
True,1.1367546017076,0
True,1.11441973058634,0
True,2.16360931578096,0
True,1.30802246851426,0
True,1.05861667586902,0
True,1.23462126877318,0
True,1.06244520329052,0
True,1.17184193629638,0
True,0.923492799232106,0
True,3.36567877790805,0
True,2.05356663544758,0
True,1.88992185501859,0
True,2.90506963998765,0
True,1.3263027784219,0
False,2.50405149053387,0.0008453162224691
True,2.13838770552175,0
True,2.78899175571938,0
True,1.30589582356709,0
True,1.36730177705869,0
True,1.48448603778335,0
True,0.903159880101023,0
True,2.89197980286217,0
True,2.58982387761604,0
True,1.83274595038484,0
True,2.33900524930678,0
True,1.73811030052409,0
True,1.12009976485747,0
True,1.09360308093179,0
True,1.23383756884993,0
True,1.60385376381749,0
True,4.55128092682914,0
True,2.08848913871487,0
True,1.46987825145662,0
True,2.85694452672116,0
True,0.825335025467732,0
True,3.20379630510224,0
True,1.2366173252006,0
True,2.21636355688438,0
True,1.6953358523564,0
True,1.22572179426119,0
True,1.15961109029043,0
True,0.595531068467625,0
True,1.79693061183197,0
True,3.38463044395272,0
True,1.73154747378701,0
True,1.00705521677505,0
True,2.70472636528975,0
True,1.6030750093925,0
True,1.63107458750934,0
True,2.46470338239717,0
True,2.42278785233762,0
True,1.60151063993213,0
True,0.728663145425827,0
True,1.41600170311884,0
True,3.7460919044563,0
True,2.16078107877361,0
True,2.58033376489638,0
True,2.43598585479697,0
True,2.6730417644,0
True,2.0011703863683,0
True,1.43366932512119,0
True,1.12417220546474,0
True,1.22370690780768,0
True,4.13528481166409,0
True,2.68602510317195,0
True,2.29911485249705,0
True,2.25514470315361,0
True,1.01905365681945,0
True,2.14777867611611,0
True,2.13484147748886,0
True,3.38713228167047,0
True,2.36696676998074,0
True,2.69918738739788,0
True,3.72529812500948,0
True,2.00517163706146,0
True,1.9113601895519,0
True,2.16278625342577,0
True,2.17458048934018,0
True,2.26664423956527,0
True,1.89171152221179,0
True,1.10817195215529,0
True,1.50883209669442,0
True,1.86125018056402,0
True,1.68153642205276,0
True,0.738585467550803,0
True,1.03384621118285,0
True,1.60536314919309,0
True,2.00517620808576,0
True,3.66713966696295,0
True,2.4522319059385,0
True,1.67025128354314,0
True,0.961816313221091,0
True,1.99325333578069,0
True,3.34260380314804,0
True,1.83003121318419,0
True,0.877522071109352,0
True,2.52956403865469,0
True,1.39473741428884,0
True,1.47657704984342,0
True,3.27061512918125,0
True,1.38063615395423,0
True,1.81812461051683,0
True,2.92498819925296,0
True,2.94535844828481,0
True,1.95175987193348,0
True,1.78637972749405,0
True,0.879792817998133,0
True,1.61904551216782,0
True,2.28368289337029,0
True,1.76027774824066,0
True,2.10425727057389,0
True,1.72091754761067,0
True,2.46966793518975,0
True,1.64359482055578,0
True,1.63071298066346,0
True,1.29510391355672,0
True,2.12357563118414,0
True,3.49455275966525,0
True,2.23487981378175,0
True,1.28524146758683,0
True,1.53404691945277,0
True,0.68436204836884,0
True,0.961513455520326,0
True,2.02781416201321,0
True,1.13355945235054,0
True,1.56543546645622,0
True,3.00059348314425,0
True,1.44331757859467,0
True,1.7098754379861,0
True,1.49065754398861,0
True,2.17629077244674,0
True,3.01851399556134,0
True,1.79115873057904,0
True,1.99746672282852,0
True,3.22181856695318,0
True,1.3175845623783,0
True,1.76249656639264,0
True,2.30814626738704,0
True,0.959483423584438,0
True,1.91102802677379,0
True,1.70358351199769,0
True,1.00604461809661,0
True,1.41347018645936,0
True,2.44386103864924,0
True,1.47468484235002,0
True,1.97042288801743,0
True,1.89286700734588,0
True,2.24981866894312,0
True,1.71904387977734,0
True,2.16061096776541,0
True,2.42971783741589,0
True,1.23537777560518,0
True,0.972365026703332,0
True,1.23090632948722,0
True,1.58585760920584,0
True,1.95397353944278,0
True,2.18375609087147,0
True,1.22518583719685,0
True,1.55868203717277,0
True,1.09251389972889,0
True,1.69852859339614,0
True,1.68376929465261,0
True,1.80832671342634,0
True,1.94905072197523,0
True,0.659165316423388,0
True,0.697599060491816,0
True,1.94454321327937,0
True,1.85067892092898,0
True,2.66334685252221,0
True,1.36342116537613,0
True,1.28808748940542,0
True,1.10476569703783,0
True,2.42095969225302,0
True,1.75418317826915,0
True,2.23602040556449,0
True,1.36247194357111,0
True,2.22645233414926,0
True,1.35148246424985,0
True,1.36254795520138,0
True,1.4181847511589,0
True,2.08164798375988,0
True,1.0409415240814,0
True,1.5467765914074,0
True,4.54376977981899,0
True,2.50105480208138,0
True,1.50486965974032,0
True,1.26259402513641,0
True,1.67845477312369,0
True,1.97074991468507,0
True,0.971153318840129,0
True,3.53375631726623,0
True,2.61479592027834,0
True,2.44822646525471,0
False,3.80488620889806,0.000122769456159223
True,1.34459421222501,0
True,1.1825561013911,0
True,1.33557813201404,0
True,2.88611915327496,0
True,2.90687045430328,0
True,2.20197737665483,0
True,1.19747444814704,0
True,1.68653837521653,0
True,0.853050073343377,0
True,3.41019853840227,0
True,1.90682185780596,0
True,2.82828034462205,0
True,2.66405180838425,0
True,2.6846191664912,0
True,3.10316939030009,0
True,1.69075548975429,0
True,2.67222134896023,0
True,3.5222332473166,0
True,0.694188605298424,0
True,1.15350368109856,0
True,1.12093361793881,0
True,2.05786518157047,0
True,3.055835587101,0
True,2.67578816182521,0
True,3.41524855386627,0
True,1.81914475199765,0
True,1.4935864585819,0
True,0.76118800888814,0
True,1.97936796903024,0
True,2.45141383413371,0
True,1.27605566024686,0
True,1.9963150598748,0
True,2.51747463913146,0
True,2.14226527585693,0
True,1.66830260846143,0
True,2.04451568095899,0
True,2.39800360416702,0
True,1.3996231170116,0
True,3.635952994441,0
True,3.01143125283896,0
True,2.35218863757052,0
True,1.38290307261054,0
True,1.96954997894985,0
True,1.687645945856,0
True,2.63000431534114,0
True,2.27761582884281,0
True,1.15891443160899,0
True,2.53326699342701,0
True,2.39712795214402,0
True,2.04913188406865,0
True,4.12616253211787,0
True,1.93159372371999,0
True,1.16409798463285,0
True,3.35490493143141,0
True,2.28030790623102,0
True,1.08517154900452,0
True,1.28069321925752,0
True,2.35559755450858,0
True,2.07179790238781,0
True,1.20416694691591,0
True,3.45747934744487,0
True,2.38769855058649,0
True,1.65199640290423,0
True,0.993319671030441,0
True,2.1879368278268,0
True,2.34712867570584,0
True,1.76904830926105,0
True,1.77949163967044,0
True,2.13588633030179,0
True,1.73912727401013,0
True,1.29263909240867,0
True,1.3145503350432,0
True,3.37543881384035,0
True,2.18225304261371,0
True,1.31264736060724,0
True,0.796636765504867,0
True,1.63089166136566,0
True,2.2865256677834,0
True,1.79826963386713,0
True,1.04764443951612,0
True,3.76414349874017,0
True,2.42927798420841,0
True,3.00254981706844,0
True,0.946510129093275,0
True,1.57896160770367,0
True,3.01295406749541,0
True,1.78499403393275,0
True,1.70909928317535,0
True,1.88350371283815,0
True,0.967509371915618,0
True,1.27373203691343,0
True,3.78435133433182,0
True,3.98674631781292,0
True,1.44372026662472,0
True,1.37071405959453,0
True,1.17046049928651,0
True,2.91306605372791,0
True,2.0731785710136,0
True,2.10360130120876,0
True,1.16413385906982,0
True,3.32489493250938,0
True,4.35765693252198,0
True,2.10604287914133,0
True,1.96447924478674,0
True,1.79552730013411,0
True,3.06955630799029,0
True,1.91983764206776,0
True,0.865325728756004,0
True,1.79718544273964,0
True,2.55083372152153,0
True,1.94264372389438,0
True,1.67661788473076,0
True,2.20013366510884,0
True,2.72615824609076,0
True,1.10993866165844,0
True,1.11895152908047,0
True,2.61084487272334,0
True,2.6186444716191,0
True,2.02307841160237,0
True,1.40788044132439,0
True,1.17509162032984,0
True,3.39739595901143,0
True,0.936306474318851,0
True,1.59975288332878,0
True,2.35142443347303,0
True,1.72150978152803,0
True,2.59734328424722,0
True,2.61111339996213,0
True,1.20779990938091,0
True,2.31409619447874,0
True,1.77613186276136,0
True,2.04451136946591,0
True,1.54151248842293,0
True,1.02077522985307,0
True,2.42401433787371,0
True,2.85357432727075,0
True,2.66782616948704,0
True,2.62442610095895,0
True,1.37102784423314,0
True,1.03410904635352,0
True,3.53616278061427,0
True,1.39396144297803,0
True,1.2870659653053,0
True,2.66972647798892,0
True,3.39476626867588,0
True,0.868564226357527,0
True,3.48633878787497,0
True,2.54206190381366,0
True,1.79421103246379,0
True,1.57049672876995,0
True,3.67943068631515,0
True,2.29754474150264,0
True,1.7171713503721,0
True,3.85321974598165,0
True,2.60360190890375,0
True,2.01572114356403,0
True,1.35675080525331,0
True,0.961442390306613,0
True,1.10957595173207,0
True,2.04039127926312,0
True,2.09287677625256,0
True,2.05190286521753,0
True,0.920445463404041,0
True,1.11251655057119,0
True,0.833973240010224,0
True,1.59145851348386,0
True,2.25732311858809,0
True,2.61302989531777,0
True,1.02270137962082,0
True,0.886117590272274,0
True,1.50667979067571,0
True,1.64810408805916,0
True,1.96715054408814,0
True,1.59075905930743,0
True,1.89295425138449,0
True,3.45133874319808,0
True,2.75248395037345,0
True,1.40254702326036,0
True,3.6180776025962,0
True,2.9220244714054,0
True,1.97383665171284,0
True,1.27665364345104,0
True,1.28423904618923,0
True,1.55837031084467,0
True,1.92564116973299,0
True,1.88162319319607,0
True,1.41434500988911,0
True,1.70693322951003,0
True,1.02857935111385,0
True,1.37610405195472,0
True,2.04868222480396,0
True,1.31333483935705,0
True,1.33262933860043,0
True,1.65257414719154,0
True,1.58670473717725,0
True,2.95106503998421,0
True,2.64844245272292,0
True,1.12353438534377,0
True,2.10635569811478,0
True,2.97573384510148,0
True,2.29040008715678,0
True,2.4737925655321,0
True,2.82486125336536,0
True,2.61864219288575,0
True,3.5093466443044,0
True,1.24857991758086,0
True,1.44964996157138,0
True,2.53247847294261,0
True,0.912978465423541,0
True,2.12004418170787,0
True,2.00879602447629,0
True,1.70896100722395,0
True,1.40699831073536,0
True,1.58954116920995,0
True,1.972422370207,0
True,1.3866021771584,0
True,2.19488787075164,0
True,1.76651614615989,0
True,1.86397932649984,0
True,2.10737514006511,0
True,1.95428291002778,0
True,1.62143000126956,0
True,3.03671241753187,0
True,2.49135813972545,0
True,1.10850436142034,0
True,2.74989668258938,0
True,2.3945002811906,0
True,1.90143254779304,0
True,2.39460594958706,0
True,2.82468424883019,0
True,1.70834100408927,0
True,1.8135090565818,0
True,0.69058366947375,0
True,2.19030075401616,0
True,2.13287959967272,0
True,1.3765974100472,0
True,0.903084038705421,0
True,1.08781647419475,0
True,0.725175831094195,0
True,2.20910462311354,0
True,2.36415740596269,0
True,0.659583305145982,0
True,2.01168936158181,0
True,3.57129072813893,0
True,3.01644643504739,0
True,1.02142549500083,0
True,1.36378521937037,0
True,2.12742895636183,0
True,1.94390280916543,0
False,2.40570227378175,0.000419185908026064
True,3.39976811230196,0
True,2.3981488653209,0
True,2.19626621338607,0
True,2.02326198325361,0
True,1.71160509210806,0
True,1.99310176939235,0
True,3.23996361957276,0
True,1.61591061902511,0
True,3.25753374019136,0
True,2.85437801498712,0
True,0.735864384886776,0
True,2.72907955404199,0
True,1.27105421789748,0
True,3.43284557440288,0
True,1.67581966550245,0
True,2.77867532520397,0
True,2.18790083351681,0
True,2.04535830917949,0
True,2.20144864757339,0
True,1.99686321532521,0
True,3.62328071462717,0
True,2.34419046383726,0
True,1.23456417051609,0
True,1.22757766291074,0
True,1.43183495135164,0
True,1.82769313379465,0
True,2.10386922489564,0
True,1.19019866747863,0
True,2.09256519665846,0
True,2.37458783550935,0
True,0.758464224803036,0
True,0.943871727722559,0
True,3.42642837532442,0
True,2.97387712190529,0
True,1.71297423548395,0
True,3.10716605672703,0
True,1.35369418054986,0
True,3.63837546114443,0
True,3.54030675014293,0
True,1.47075198125233,0
True,1.69322015380839,0
True,2.52596506538897,0
True,2.23846197757767,0
True,2.51951229730784,0
True,0.582092912912454,0
True,1.53803096188371,0
True,2.92395348388314,0
True,1.1086730905808,0
True,1.51756777896691,0
True,1.16362137047508,0
True,1.49346854149776,0
True,2.09677290137,0
True,1.55516714101926,0
True,2.24280447654472,0
True,2.34321917109605,0
True,2.25722881967763,0
True,3.447571705285,0
True,1.1953223917821,0
True,1.85497032602527,0
True,1.74577161427968,0
True,3.05642038034492,0
True,3.62859740412653,0
True,1.68664272572993,0
True,0.598622676674799,0
True,3.66214187830783,0
True,0.950417424953077,0
True,2.10401035714849,0
True,1.75867183480963,0
True,1.95974020818589,0
True,2.18574738435732,0
True,1.65794221980952,0
True,1.1831158470521,0
True,4.07982779718702,0
True,1.7021329250363,0
True,1.42748217713274,0
True,1.62727368197439,0
True,3.46997178880615,0
True,1.59311869498565,0
False,4.05950408745317,0.000132862220118105
True,4.03587221140453,0
True,1.48897732940021,0
True,0.972202048334701,0
True,0.962297439576128,0
True,1.43170774432658,0
True,2.963558358619,0
True,1.90324966737848,0
True,2.48766588431274,0
True,2.28601623859238,0
True,3.77524348726593,0
True,3.33372390367398,0
True,1.82298732526995,0
True,1.30781421928277,0
True,2.21868880645404,0
True,1.63404762357289,0
True,1.50998188575726,0
True,1.93066246100812,0
True,2.30593997672109,0
True,2.55241503009004,0
True,1.52609968526772,0
True,0.684367178599509,0
True,1.12091766288831,0
True,2.16137975139744,0
True,3.50913709255496,0
True,1.59439672240406,0
True,1.34915120745311,0
True,0.962216283104278,0
True,2.06821459497454,0
True,1.46504345522965,0
True,1.102098620851,0
True,1.95017625475593,0
True,1.76455583424074,0
True,1.74292892913028,0
True,1.91861414017399,0
True,1.01496798814532,0
True,1.66891542209927,0
True,1.46494588179006,0
True,1.76918966800933,0
True,1.99289660345146,0
True,1.57255008953244,0
True,3.64100317366483,0
True,3.90311484847722,0
True,2.97964416048695,0
True,2.68530237853146,0
True,2.10696500907487,0
True,1.52840493367095,0
True,0.823955539300666,0
True,1.57375607171885,0
True,1.72787709124525,0
True,1.25253028332266,0
True,1.27328211657925,0
True,1.85718135736915,0
True,2.7017277842709,0
True,1.58817893626957,0
True,1.41217090328986,0
True,1.28788401268548,0
True,0.791205943824214,0
True,1.22029638589296,0
True,3.47938672992329,0
True,2.0468988941201,0
True,1.24298535144348,0
True,3.03737165127785,0
True,2.5009154622607,0
True,1.55660154023611,0
True,2.97165553788284,0
True,1.14543837770078,0
True,4.15551894896739,0
True,1.96166094591375,0
True,2.27284223460971,0
True,1.42516395899703,0
True,1.56822718827746,0
True,1.12734409373196,0
True,1.44574141542998,0
True,2.89126701596431,0
True,2.9732720724118,0
True,2.19552954261919,0
True,3.62020409490007,0
True,2.26337332924133,0
True,1.23688983928753,0
True,1.24166401025253,0
True,1.27008380668425,0
True,3.19189327050962,0
True,1.62734971845698,0
True,3.6122820842425,0
True,1.82404809821637,0
True,1.17469049035713,0
True,1.45815410804242,0
True,1.43093500589654,0
True,2.22704524674599,0
True,0.948231873928103,0
True,1.50005882142515,0
True,2.75694521817755,0
True,1.54021443316466,0
True,1.39526435306519,0
True,1.45711860521934,0
True,2.40544147090847,0
True,2.47191247006985,0
True,0.954906207988011,0
True,3.92085417238855,0
True,1.10082332261029,0
True,1.30347780339099,0
True,1.38018412834416,0
True,3.76544100333601,0
True,1.65817114408755,0
True,3.55107763309828,0
True,1.08370228871594,0
True,3.41079425158969,0
True,2.48915474037264,0
True,2.61575772248904,0
True,1.93777630079797,0
True,1.86607962301071,0
True,2.55024958379335,0
True,1.17605417916707,0
True,1.14888296233852,0
True,1.19760200800713,0
True,1.09194940186112,0
True,1.58073471327966,0
True,2.36265823660835,0
True,2.93446424469421,0
True,2.20557733653943,0
True,1.84161612883537,0
True,1.58720588099356,0
True,1.28503860960243,0
True,1.84917120810676,0
True,1.48785214780848,0
True,1.65053512467143,0
True,0.972430045343893,0
True,3.67918168293556,0
True,1.51638809390059,0
True,2.24889269503727,0
True,1.6598839210111,0
True,3.47910371779599,0
True,3.52546584075169,0
True,3.13708821613543,0
True,2.82432685535019,0
True,3.76691617451737,0
True,3.78291145089733,0
True,1.1694694075788,0
True,1.48525135309637,0
True,1.80544911664154,0
True,1.79939552710932,0
True,1.36393347071889,0
True,1.87213382130462,0
True,1.56268708706746,0
True,1.64224660501631,0
True,2.09099209472244,0
True,1.53983617440648,0
True,1.77255621186222,0
True,2.67285477963956,0
True,2.80636819575826,0
True,2.17718341644065,0
True,1.9708417278574,0
True,0.951538434814005,0
True,1.79250024974222,0
True,1.75206274722955,0
True,1.70137529354522,0
True,3.55295946148295,0
True,2.43252521300988,0
True,1.73118186103603,0
True,2.20599486858826,0
True,1.31702016349279,0
True,0.932284312324294,0
True,0.631346223932604,0
True,1.01141572866187,0
True,1.12843435587656,0
True,1.07283609493309,0
True,2.41436956156646,0
True,2.34836432726831,0
True,2.4528721083436,0
True,1.81877009096037,0
True,0.910815751767472,0
True,1.1660428377853,0
True,0.83156838555827,0
True,2.34675690478224,0
True,2.56373502246957,0
True,2.21987430753763,0
True,1.91397474022463,0
True,1.95207054487485,0
True,2.79842045152953,0
True,1.72827374357917,0
True,2.67804278604989,0
True,3.17323368979582,0
True,1.12502434574432,0
True,1.48424035228058,0
True,1.17092735794346,0
True,1.0275604951276,0
True,3.2189607507733,0
True,2.14685495663959,0
True,2.17071536867536,0
True,2.16571717676545,0
True,1.0865988397621,0
True,1.9389839979056,0
True,1.64219534876872,0
True,1.49827244924492,0
True,3.62229513429487,0
True,2.35901490092664,0
True,1.84253854111847,0
True,1.6163434750571,0
True,0.926212141393179,0
True,0.997001115003883,0
True,1.32730697639553,0
True,1.63136650536444,0
True,1.81748909080071,0
True,1.17211364785501,0
True,1.57109584155799,0
True,0.677835245403632,0
True,1.2106364524148,0
True,0.841027926561088,0
True,2.60532510479081,0
True,1.55033870324354,0
True,1.4116564768069,0
True,1.52683607125583,0
True,1.1301695659131,0
True,1.55557928492416,0
True,2.30659022506512,0
True,1.86080642881583,0
True,1.42957578667966,0
True,2.19433527823812,0
True,1.04842683544017,0
True,1.91695561741468,0
True,2.16811903927826,0
True,1.96699766648441,0
True,2.57243565683784,0
True,1.80505537196524,0
True,2.48540913532618,0
True,1.77821117471288,0
True,1.95839643553448,0
True,1.13826158053988,0
True,1.51897773548546,0
True,1.38209471084418,0
True,1.49010244345279,0
True,1.66854419825244,0
True,1.19152631811751,0
True,2.81556029474636,0
True,2.21951079140294,0
True,3.49450296810919,0
True,3.28044141374147,0
True,1.58882803451237,0
True,2.02525641664432,0
True,1.80452425435449,0
True,1.53318266666157,0
True,2.49056632662485,0
True,1.73441232227891,0
True,1.26161998800377,0
True,1.10618106859719,0
True,2.28576927533569,0
True,1.00401436478832,0
True,2.15166113512564,0
True,1.31641743657698,0
True,1.70777412051701,0
True,1.9459117270179,0
True,0.969083012354178,0
True,2.44518009620507,0
True,1.79549479662595,0
True,1.62683063807593,0
True,2.39583214684884,0
True,1.94691890706228,0
True,1.55117862924616,0
True,1.89895947774668,0
True,2.59501082210393,0
True,2.58319054920587,0
True,0.778335762104849,0
True,2.24474176354711,0
True,3.18532435406063,0
True,3.6648935724488,0
True,4.58811404506263,0
True,2.52779598165446,0
True,1.6758064340783,0
True,1.36014490569234,0
True,1.32351958365488,0
True,2.44434645184556,0
True,3.57943175749407,0
True,4.05098318643547,0
True,1.26767827918523,0
True,2.04435389244347,0
True,1.82986792607521,0
True,1.40761164441231,0
True,1.91393528434765,0
True,1.25379156531199,0
True,2.13505992048703,0
True,3.16299109378953,0
True,3.06591189482565,0
True,3.41714343793414,0
True,3.51866256674302,0
True,3.19080558171916,0
True,1.39363889639144,0
True,2.9972365559719,0
True,2.48619071366038,0
True,2.42259251702636,0
True,1.85092591821929,0
True,1.6792230185645,0
True,1.76318482978077,0
True,1.25882386206916,0
True,2.63055111651482,0
True,2.51331009296864,0
True,1.32100573832856,0
True,1.29773869288895,0
True,1.05538672396794,0
True,1.56390129762364,0
True,3.62973592584171,0
True,0.949533632946995,0
True,1.07433691862185,0
True,2.1187055960033,0
True,0.853129383633001,0
True,0.768107014590907,0
True,1.79059984227137,0
True,3.42168039388509,0
True,2.0139400230159,0
True,1.34916568471903,0
True,1.76063522752547,0
True,2.68660993326379,0
True,2.85277869887206,0
True,0.794792690552376,0
True,2.94521957261,0
True,1.51325762109641,0
True,1.050023442412,0
True,1.50866428107022,0
True,1.32785471128591,0
True,0.687124765919084,0
True,1.71170133219039,0
True,1.06322446416301,0
True,1.00804055748732,0
True,1.98056636795297,0
True,1.27079608451175,0
True,4.08959243734413,0
True,4.3199902546012,0
True,1.80998562301159,0
True,2.31864318829487,0
True,1.0617383112902,0
True,0.843650360666861,0
True,1.11820347928738,0
True,0.846470173193546,0
True,2.78041196419034,0
True,3.30404172587437,0
True,4.28105848699557,0
True,1.01695754329795,0
True,3.98504420502877,0
True,1.88380137433244,0
True,1.68535525746764,0
True,0.863277969990707,0
True,1.89022778719067,0
True,0.508172049172037,0
True,1.05809475310657,0
True,2.56499318987259,0
True,1.97761178824819,0
True,1.21917361814409,0
True,2.00304989938956,0
True,1.35523312295872,0
True,2.68754667719325,0
True,1.87048845615686,0
True,2.1098621760116,0
True,2.59768932678208,0
True,2.82410668069213,0
True,2.23332162514575,0
True,1.23546015548102,0
True,3.38136197782247,0
True,2.42699498749697,0
True,0.337246820103934,0
True,2.3747329128822,0
True,2.75319388762342,0
True,2.70662971065541,0
True,2.27182135551599,0
True,1.45699954179303,0
True,1.03983206677161,0
True,1.64093301144239,0
True,1.02977575282728,0
True,2.30440403736419,0
True,3.14695475883901,0
True,1.66708225325822,0
True,0.781718715178445,0
True,1.81222341366256,0
True,2.3244441013452,0
True,3.26828306346507,0
True,2.08605047726928,0
True,0.947956681591289,0
True,1.21748705283161,0
True,1.12495092323645,0
True,0.971278214810631,0
True,1.33970326848499,0
True,4.18912550067664,0
True,1.35426484550486,0
True,1.85914911995244,0
True,2.4450018238129,0
True,0.822372152554498,0
True,1.74968267596181,0
True,2.66115149699464,0
True,2.21780790073679,0
True,1.51906435522047,0
True,1.0176545042687,0
True,0.980186013277153,0
True,1.2635898355735,0
True,0.888891577560885,0
True,1.77356505467393,0
True,1.94380150886914,0
True,1.41602766469054,0
True,2.2278856543375,0
True,2.02873186397785,0
True,2.8092625392322,0
True,1.5129958739621,0
True,1.21710332977436,0
True,1.70089119925324,0
True,1.98958421004625,0
True,1.5237565416308,0
True,1.54979537279831,0
True,0.788127031994203,0
True,1.90029869872368,0
True,1.4947954849213,0
True,2.49564767404494,0
True,2.11576645229188,0
True,3.32175933660936,0
True,1.80066675411357,0
True,1.25798496407177,0
True,0.782472177862119,0
True,1.75032894038532,0
True,1.48956030174128,0
True,0.849583026086757,0
True,2.02908538626151,0
True,2.13530436676816,0
True,1.98749870913559,0
True,1.49860434591669,0
True,1.61836103561761,0
True,1.88165556631373,0
True,2.28578481624434,0
True,1.23097768210498,0
True,2.36750567739138,0
True,2.38313745536565,0
True,1.10223122006015,0
True,3.75796390554811,0
True,2.49212968706063,0
True,1.2034249175726,0
True,1.92360223106588,0
True,2.36199392465661,0
True,2.13888434286959,0
True,2.55567812151647,0
True,3.74155161208063,0
True,4.31594541849263,0
True,1.25124198314623,0
True,2.40358376914607,0
True,3.41110757078151,0
True,1.6704653170455,0
True,1.27975047220949,0
True,2.64956260701941,0
True,2.67694517231235,0
True,1.33417400653753,0
True,0.830298192109843,0
True,1.24484624303286,0
True,2.48036661388005,0
True,1.25147695292099,0
True,2.4521292003858,0
True,2.36053055866651,0
True,3.25360062759152,0
True,2.14392391164956,0
True,1.89959111418714,0
True,1.7078043234356,0
True,1.03780400936023,0
True,1.72189814306191,0
True,2.37596495576241,0
True,1.56599725209258,0
True,2.60215961418383,0
True,2.84724710810115,0
True,1.80177611545821,0
True,2.02162486843708,0
True,2.74098492410482,0
True,0.629636197386264,0
True,1.30110808169878,0
True,2.82608948402767,0
True,1.45033446330849,0
True,1.18895692363234,0
True,2.92260543137994,0
True,3.53775532094921,0
True,4.53350400920333,0
True,0.99448793131526,0
True,2.33859891120667,0
True,3.68529645163388,0
True,1.68905880915048,0
True,1.29402935368666,0
True,1.73397223316998,0
True,0.88042573621329,0
True,2.44462644837357,0
True,1.12893944840305,0
True,1.0105720359237,0
True,1.31085920609183,0
True,1.09603591490384,0
True,1.68661790830359,0
True,1.98170656400685,0
True,1.55348454691957,0
True,1.76617129523532,0
True,1.99730165152123,0
True,1.81603563847328,0
True,1.8097763062358,0
True,2.10737459825188,0
True,1.86996506316465,0
True,1.80404791371322,0
True,2.0907782439605,0
True,2.14321190371417,0
True,1.72819719076535,0
True,3.05670202043007,0
True,1.73839824196438,0
True,4.10628048893004,0
True,4.17685420506165,0
True,1.68712638188648,0
True,2.21508104029469,0
True,2.33981158807664,0
True,2.70279987042419,0
True,0.807864563386392,0
True,2.09216608300298,0
True,2.7449639437974,0
True,1.36167456337164,0
True,1.0558205817026,0
True,1.88755089599738,0
True,4.51680157824787,0
True,1.35715985784607,0
True,2.93447804699037,0
True,2.53752817868767,0
True,1.33715848264934,0
True,1.91470383963949,0
True,1.65273538135472,0
True,2.00201834372732,0
True,1.20999020652904,0
True,0.927928399594318,0
True,1.76144038897477,0
True,1.71933809386699,0
True,1.37712964128767,0
True,2.55505177964196,0
True,1.46659647552389,0
True,3.09593807363272,0
True,1.69780709394322,0
True,1.24512215093773,0
True,1.3499157757653,0
True,1.40159182162682,0
True,1.7192259027867,0
True,2.04869907720652,0
True,0.700283637606672,0
True,2.09903414072188,0
True,0.999160083752687,0
True,1.35833931030346,0
True,1.68017564747433,0
True,1.72501858536576,0
True,1.89477786999109,0
True,1.75167322350738,0
True,0.769624771243448,0
True,2.17620843805299,0
True,2.57365249892683,0
True,1.8219585143792,0
True,2.30439341773308,0
True,1.92836417058125,0
True,1.44621975178725,0
True,1.33043573915572,0
True,0.912040504058039,0
True,1.50789697737212,0
True,1.2802119245028,0
True,2.38181623539218,0
True,1.53141345868757,0
True,2.22245788723239,0
True,0.886314973825969,0
True,2.5368122213974,0
True,2.35668503071766,0
True,1.98432514056731,0
True,1.80238987199164,0
False,1.83158989840269,0.000301508331737782
True,2.77764956838803,0
True,1.00659805994546,0
True,0.656765335693128,0
True,1.13051337317398,0
True,1.35490498450833,0
True,1.81305657451618,0
True,1.27673457723942,0
True,2.21046080906779,0
True,1.47498393171226,0
True,1.10767708968163,0
True,2.05722513124833,0
True,1.70844669102067,0
True,1.60723722618052,0
True,1.5459664685609,0
True,2.10016431942784,0
True,1.15690373358198,0
True,1.0912684157966,0
True,1.00289632946251,0
False,0.985691881757097,8.9964676391871E-05
True,0.84681822359794,0
True,2.38042791740354,0
True,1.79700627024718,0
True,1.45685877650559,0
True,1.30414994142687,0
True,2.11926350053191,0
True,2.39955024674611,0
True,0.914234113975439,0
True,1.6185866188461,0
True,1.75601084643355,0
True,3.2584188295909,0
True,2.00508375771628,0
True,1.84133569784786,0
True,4.29104196752791,0
True,1.97542828201867,0
True,1.99490727649002,0
True,1.35890083717688,0
True,4.09589204385985,0
True,2.60284048879311,0
True,1.45253766628399,0
True,1.18168563312992,0
True,2.15542853876225,0
True,1.12376489060722,0
True,3.75992377575747,0
True,1.40714537494299,0
True,2.02971037298754,0
True,0.977367478453626,0
True,1.77702059544016,0
True,2.38687887269425,0
True,2.16140964447499,0
True,1.53248838768555,0
True,1.06671002026379,0
True,1.34330536855837,0
True,1.41518205036791,0
True,1.11944040430548,0
True,1.90183160317191,0
True,1.39397346763339,0
True,3.87173133189491,0
True,3.51568938779268,0
True,2.58941545077242,0
True,2.18198649964108,0
True,1.67014592613233,0
True,3.34208136658939,0
True,1.9355145595077,0
True,1.04535538449801,0
True,2.62235910624739,0
True,1.25788595386567,0
True,2.17668620035307,0
True,1.46214237448397,0
True,2.0192847018671,0
True,3.89279243320063,0
True,1.57880061684574,0
True,1.82361450141127,0
True,2.16807445538703,0
True,2.18248849193288,0
True,2.25969430322765,0
True,2.20317432926832,0
True,3.49229698229381,0
True,1.24001384218113,0
True,2.16203860909403,0
True,2.68538647950307,0
True,3.41908115426825,0
True,1.86861442728554,0
True,2.0933052839259,0
True,3.71274552520224,0
True,2.20514382575982,0
True,0.769283614746406,0
True,1.13672965827037,0
True,1.74866829548695,0
True,0.94961350112162,0
True,1.155465192352,0
True,1.34703129102701,0
True,1.80888037517405,0
True,0.981774061509891,0
True,1.8775699142729,0
True,1.02625794367936,0
True,1.08618795398842,0
True,1.66379314480016,0
True,2.8560462409795,0
True,0.964888577149752,0
True,2.41464094362187,0
True,2.36358083259259,0
True,2.02872161410575,0
True,1.10562957930434,0
True,2.03420964843464,0
True,2.78915188757275,0
True,3.04745278062917,0
True,2.49974626973072,0
True,2.07479334616709,0
True,1.43237557177889,0
True,1.22662303783286,0
True,3.5894089535714,0
True,1.12359209610316,0
True,1.01180238545287,0
True,2.37510075181156,0
True,1.68884943011489,0
True,1.66484690668717,0
True,1.29352876528226,0
True,1.26542685592918,0
True,1.12068625708565,0
True,1.7215014383535,0
True,0.720613536812842,0
True,2.23779685132823,0
True,1.38783378584266,0
True,2.28190922917164,0
True,1.1115078556218,0
True,1.13035614087946,0
True,2.20840220663863,0
True,1.27678268090493,0
True,2.42715938637824,0
True,2.6172329416813,0
True,0.966422392768696,0
True,3.84384591477958,0
True,2.39024708640122,0
True,1.41640382595307,0
True,3.94064699215039,0
True,2.73278949504453,0
True,1.78764256677639,0
True,3.06745024488473,0
True,1.47198222617615,0
True,2.28447787428961,0
True,2.95590986658322,0
True,2.22377542523661,0
True,1.38023888698526,0
True,1.04474582341812,0
True,3.03310236564594,0
True,2.22090562763809,0
True,2.74253325786069,0
True,0.788983781717826,0
True,1.65599543596024,0
True,3.02539708244106,0
True,1.32638268851429,0
True,1.93467134442112,0
True,2.78008099817659,0
True,2.04539177967266,0
True,2.6560098001067,0
True,1.90179294195876,0
True,1.04708714737757,0
True,2.94935909271522,0
True,1.50573656830866,0
True,1.48941060091907,0
True,2.35758387639818,0
True,2.02652099254898,0
True,2.22120235149533,0
True,0.866647407366819,0
True,0.772498212754493,0
True,0.696666050924798,0
True,1.39502907938634,0
True,2.57676613724998,0
True,2.16721033356108,0
True,1.25033248719945,0
True,1.07602637770508,0
True,1.39331192799291,0
True,1.03223699812278,0
True,1.38943606260244,0
True,1.08486968058654,0
True,2.45397940169123,0
True,2.38082326144618,0
True,1.22929664746695,0
True,1.20821000986543,0
True,1.65873938891354,0
True,3.43630856718864,0
True,2.26030364533252,0
True,1.57472104870084,0
True,2.88321410536705,0
True,1.8400057946134,0
True,1.50507138835986,0
True,1.46886111171801,0
True,1.49720321116563,0
True,2.16203676783316,0
True,2.49550022006466,0
True,2.40217918134063,0
True,2.04118122110929,0
True,2.51272040214486,0
True,2.01070623326065,0
True,1.21934538545979,0
True,1.36679095615427,0
True,0.756327470269543,0
True,1.16725096270541,0
True,2.75362948552829,0
True,2.14451492459809,0
True,2.08245398474743,0
True,1.25800290610993,0
True,1.51282278600461,0
True,2.98573633949536,0
True,1.08529214694779,0
True,1.08738690374532,0
True,1.16266258535883,0
True,1.43216947328233,0
True,2.10884909984978,0
True,1.68577220452058,0
True,2.33927530479691,0
True,1.65566616046627,0
True,2.89100157260599,0
True,2.63024649042073,0
True,3.0064684197692,0
True,1.43914311316033,0
True,1.33139491728866,0
True,1.67798977763533,0
True,1.31104404061244,0
True,1.26243523792854,0
True,2.17657000415818,0
True,2.16103587142288,0
True,1.40545267516582,0
True,3.31420842101897,0
True,2.98053357566184,0
True,3.43926057009616,0
True,1.98904695202837,0
True,1.49956415440118,0
True,2.66087307899201,0
True,3.11463410818054,0
True,1.71495567121318,0
True,1.5040384198088,0
True,1.31821701332095,0
True,0.955127027764077,0
True,0.982607539018198,0
True,3.68581137608898,0
True,2.51998625491749,0
True,0.672196065996082,0
True,2.15756108715116,0
True,2.97013218352481,0
True,1.55608442020456,0
True,1.44407876256186,0
True,1.76707402049133,0
True,1.43751284303386,0
True,1.78354896523955,0
True,3.58965417291501,0
True,3.80633818151734,0
True,2.4023579490293,0
True,1.09266523254112,0
True,2.03180532239889,0
True,1.32756486827377,0
True,3.40714004363788,0
True,3.06248334318519,0
True,1.1274152256411,0
True,3.84668922487631,0
True,1.70904156675178,0
True,1.21940738883377,0
True,2.3230561190575,0
True,2.00457266259413,0
True,2.41970971824886,0
True,1.92138278003929,0
True,2.34704702784644,0
True,4.40438043634886,0
True,1.01662951711982,0
True,1.1073387116292,0
True,0.894265550091831,0
True,1.96660926325426,0
True,2.50673412020483,0
True,2.64030246163503,0
True,0.744588592831765,0
True,2.39735455579629,0
True,2.76053818913541,0
True,1.62935505846036,0
True,1.02392505373014,0
True,1.47172213266822,0
True,1.28536972815275,0
True,0.681177156546744,0
True,0.965721423287597,0
True,1.66838219273988,0
True,1.9224056285775,0
True,1.38787969225421,0
True,0.897591504404794,0
True,3.19782639758828,0
True,2.76825161867235,0
True,2.63461313000177,0
True,1.58815298152428,0
True,2.94503326080822,0
True,2.31628290388495,0
True,2.20435774902877,0
True,1.69743312024618,0
True,2.68684197515881,0
True,1.279402428327,0
True,1.6820281552513,0
True,1.62679897281879,0
True,0.94195151553645,0
True,2.2163510607321,0
True,2.51692388175195,0
True,2.33129475272286,0
True,2.4753867455597,0
True,1.8791362171751,0
True,3.1073804447466,0
True,1.60898991067765,0
True,1.28558671683917,0
True,1.28936618901861,0
True,1.62720700371744,0
True,3.06770088261904,0
True,3.86488774039642,0
True,1.91267366742844,0
True,2.15540173024332,0
True,2.53793003974773,0
True,2.81925972105232,0
True,0.988167701600706,0
True,1.57298078264624,0
True,1.17888419411396,0
True,1.58570007769603,0
True,0.823551124920695,0
True,1.32531672959067,0
True,1.50241125250871,0
True,1.51423178838547,0
True,2.06054887691963,0
True,1.09817452854988,0
True,1.31302152216887,0
True,2.67167261014445,0
True,1.76680557709223,0
True,1.04060004109066,0
True,2.6161849512982,0
True,0.932665068121785,0
True,1.4623047369325,0
True,2.20331745688251,0
True,1.92197176188278,0
True,2.78114547804961,0
True,2.24802534276717,0
True,1.71023084568501,0
True,2.49184844187852,0
True,1.98273427517874,0
True,0.85738751554169,0
True,1.40457898543628,0
True,2.04840248445014,0
True,1.80921349603605,0
True,1.07281083001581,0
True,1.4534616488969,0
True,1.00758732015942,0
True,1.67669133284621,0
True,1.18401930337603,0
True,0.890960739279985,0
True,1.54925506559123,0
True,1.23238360412046,0
True,1.96368089986836,0
True,1.51517675763546,0
True,2.06469916965352,0
True,0.661215295351968,0
True,1.36211610597996,0
True,3.16434388668269,0
True,2.86250312002812,0
True,1.67979507283956,0
True,0.921299952522565,0
True,1.25004879907229,0
True,1.62432882542947,0
True,2.30450104845966,0
True,2.70508099172105,0
True,2.05105287254204,0
True,1.23986409024447,0
True,1.89630626110199,0
True,1.99437632105986,0
True,2.97081708066421,0
True,1.05067841407055,0
True,1.69771195678909,0
True,2.40910986684481,0
True,2.01466597569651,0
True,1.41055827332828,0
True,0.732130826521192,0
True,1.7132666100582,0
True,1.0627866792589,0
True,2.86732728289504,0
True,2.81446800608731,0
True,1.6267569064029,0
True,2.95073617581531,0
True,2.9557769254767,0
True,2.6742704305425,0
True,1.20195315184973,0
True,1.9405910941409,0
True,1.42674897510275,0
True,1.23464102801296,0
True,0.92500111461677,0
True,4.01503640321731,0
True,1.35213790107262,0
True,3.43072556881801,0
True,2.64184750738688,0
True,2.45403885288858,0
True,2.20549044192152,0
True,2.52173845622958,0
True,1.58404940066378,0
True,3.85716269821137,0
True,1.72918067752346,0
True,1.2407605796624,0
True,2.34079039809973,0
True,0.849015195078438,0
True,2.03703889965856,0
True,2.63243806620438,0
True,1.99631583264215,0
True,1.06265265444088,0
True,0.891885067532742,0
True,2.99835752151128,0
True,2.44295187644976,0
True,2.59418384167351,0
True,2.74236162812862,0
True,1.48955928437628,0
True,1.72247379076246,0
True,2.52803996039498,0
True,2.27439721202522,0
True,3.12248478521725,0
True,1.81613406054482,0
True,1.8949139886287,0
True,2.06731365991801,0
True,1.1097741745858,0
True,0.933627134294547,0
True,2.32591134977696,0
True,1.51038174009411,0
True,1.24818188189084,0
True,1.6900803064957,0
True,1.20647008547389,0
True,1.32862062246969,0
True,1.27669150691369,0
True,0.83583228514629,0
True,1.54017763777323,0
True,2.6301158960515,0
True,2.02561606234655,0
True,2.45854648026731,0
True,2.98215713287206,0
True,1.75539937310179,0
True,3.13294447508952,0
True,2.38760986953665,0
True,0.989116333887809,0
True,1.51655460867332,0
True,0.793374847684205,0
True,0.794073276598067,0
True,3.36109494376426,0
True,1.80924245132603,0
True,1.60861967284066,0
True,1.58726484911169,0
True,1.85783390088803,0
True,3.14493183209985,0
True,1.39511932212334,0
True,2.22406138317656,0
True,1.3983113684195,0
True,2.10194867936763,0
True,1.91212313232975,0
True,1.46656001843582,0
True,2.8791147312124,0
True,1.23647386209447,0
True,2.63948802720301,0
True,1.39310297280417,0
True,1.21587699565017,0
True,1.33827473647045,0
True,1.68167480169937,0
True,1.33702963646689,0
True,1.77089362889478,0
True,3.9466018657367,0
True,2.79670023896938,0
True,2.51295705910696,0
True,2.81325486431558,0
True,2.22498233776501,0
True,1.78628921428753,0
True,1.29616906233253,0
True,0.80844536341078,0
True,1.53048622407208,0
True,2.26077849991337,0
True,1.66045321170636,0
True,2.52394927221514,0
True,1.46489156437978,0
True,2.369717821695,0
True,0.636539922768765,0
True,1.55625480257217,0
True,2.65266892337781,0
True,1.5990053980588,0
True,1.60434015568163,0
True,1.66913349423917,0
True,2.91378549295724,0
True,1.81790078565238,0
True,2.30315889361655,0
True,1.64028501956879,0
True,1.29214379883476,0
True,2.18124479543516,0
True,1.95234908422292,0
True,1.7466089571646,0
True,2.21219831260454,0
True,2.19091063832335,0
True,0.592179998461827,0
True,1.29990254312789,0
True,0.859782791058067,0
True,2.3792887440928,0
True,2.7302866569746,0
True,2.3170677273851,0
True,1.05336084468378,0
True,2.05070984001946,0
True,4.10457498016161,0
True,2.13515192273839,0
True,1.50248125369674,0
True,1.71714119904383,0
True,1.46250489417233,0
True,1.35580734166571,0
True,1.86222722118055,0
True,0.592290873559287,0
True,2.62949630028709,0
True,1.35686506766895,0
True,2.07899763762488,0
True,1.36702983221211,0
True,1.26174525107924,0
True,2.80378348226477,0
True,1.24138560988438,0
True,1.56481235569589,0
True,0.846790628974113,0
True,1.96966526857743,0
True,0.989976251223527,0
True,1.63905675140433,0
True,2.03577459377633,0
True,2.16515720584925,0
True,1.84711766514831,0
True,2.53456824860643,0
True,1.67648390652901,0
True,1.04131067729104,0
True,1.30529422639386,0
True,2.39529292256219,0
True,1.40318655160667,0
True,1.69434473226909,0
True,2.45846540823812,0
True,3.32668675018472,0
True,4.23647044580191,0
True,1.8470124611407,0
True,2.56606225368741,0
True,1.23897876415485,0
True,0.705709154117015,0
True,1.77202661936063,0
True,1.12909256897647,0
True,1.51303443844229,0
True,3.29073360923207,0
True,1.42703470599004,0
True,0.906717800001613,0
True,2.66760986124394,0
True,1.52325962967605,0
True,1.8053430201945,0
True,2.44814760598047,0
True,2.91884074310635,0
True,1.06803579034297,0
True,3.2890431372529,0
True,1.24962724972072,0
True,2.47573033717284,0
True,1.03102640366735,0
True,1.3014539018182,0
True,0.919816950626796,0
True,1.46982670340268,0
True,2.74378046257298,0
True,2.64460996348837,0
True,1.48802690897983,0
True,2.88077646672762,0
True,1.73006898544473,0
True,2.4461017199717,0
True,2.05140993597758,0
True,1.22097693858492,0
True,0.708153678113197,0
True,1.98658395645984,0
True,1.08994449770855,0
True,1.43793696215367,0
True,3.60901924881577,0
True,3.41453548015604,0
True,3.47157795430447,0
True,2.01390242158028,0
True,1.40660842101664,0
True,1.1439964736482,0
True,1.41723649172306,0
True,3.01163450978398,0
True,1.42194132512091,0
True,1.4971504209268,0
True,0.928062908067624,0
True,1.9427239264968,0
True,2.76489412599834,0
True,2.64197592750705,0
True,1.55802323682057,0
True,0.719719393613995,0
True,1.38563208084805,0
True,4.47769128801594,0
True,2.58074909602402,0
True,1.45665516228615,0
True,1.39289571268951,0
True,1.83148594602519,0
True,0.621538340393507,0
True,2.21456429146037,0
True,1.79682869100514,0
True,1.51659115874224,0
True,2.50022412432421,0
True,1.07151588350128,0
True,2.37002253706897,0
True,3.76961405716279,0
True,1.70016032972516,0
True,3.1219170745849,0
True,1.29860078592943,0
True,3.42040337812725,0
True,2.56441738509219,0
True,3.81905186570218,0
True,2.62507090115848,0
True,2.80863420503361,0
True,1.28047059006229,0
True,1.80998665047338,0
True,1.31558107184269,0
True,1.94924915411707,0
True,1.32143581721719,0
True,1.07448641138904,0
True,1.93702560235666,0
True,2.52586591483269,0
True,1.85871754420213,0
True,1.10717257326865,0
True,1.7402273183345,0
True,2.63176947063855,0
True,2.00089716589836,0
True,1.90154126311458,0
True,1.23499250505284,0
True,3.05583661770439,0
True,1.99737703144655,0
True,0.930736800111707,0
True,2.31654132351105,0
True,1.24467281928286,0
True,1.11621469981389,0
True,2.43287745355424,0
True,1.26938413761372,0
True,1.19312485471246,0
True,0.978201764700222,0
True,1.35489603118818,0
True,2.23729041386182,0
True,1.02062893750183,0
True,2.31190166327457,0
True,1.63118449755689,0
True,1.52836985731526,0
True,1.4315976868118,0
True,1.17013707322613,0
True,2.28538800920873,0
True,1.46850829028049,0
True,1.58481052561295,0
True,2.0657390978146,0
True,0.966180047783242,0
True,1.61746026388878,0
True,2.73471600889018,0
True,3.94186035050623,0
True,2.00481799030656,0
True,1.48936985180282,0
True,3.00849366703212,0
True,1.45757417607855,0
True,2.48194271387854,0
True,1.14864639710516,0
True,3.20207153799026,0
True,2.13761397348466,0
True,2.3333716549269,0
True,3.33950548500663,0
False,1.84760256839675,0.000510754451400367
True,1.99938949364001,0
True,0.673876147353645,0
True,1.49395885923828,0
True,2.09883063385605,0
True,2.04233303593153,0
True,1.36670505267926,0
True,1.7433281217673,0
True,1.84071283144381,0
True,1.50129719231618,0
True,2.51610309418015,0
True,1.0803748499142,0
True,1.17650017377651,0
True,1.60847066081708,0
True,0.954449876533993,0
True,3.56206698823664,0
True,3.1486593430484,0
True,1.10451998923429,0
True,1.26857640276082,0
True,3.16373369988972,0
True,3.10555456693169,0
True,4.0193317794622,0
True,1.67214094596968,0
True,1.07831258203858,0
True,3.23232915691313,0
True,1.54429903206818,0
True,2.37670445459192,0
True,1.90442091282313,0
True,1.16233489265412,0
True,1.46429383172168,0
True,1.67027699025835,0
True,0.793389912167652,0
True,3.21735059860561,0
True,1.02979518504992,0
True,1.33231645616571,0
True,2.53534641626195,0
True,1.54112782076887,0
True,1.07107896796218,0
True,1.14684167399257,0
True,1.11635391217771,0
True,1.9280715133352,0
True,2.15216122804604,0
True,1.63076205338387,0
True,3.52542604135698,0
True,1.78597803574316,0
True,1.51996747912011,0
True,0.794481795699878,0
True,2.13941367622846,0
True,1.13082132009833,0
True,2.185522457817,0
True,2.47740750030195,0
True,3.37094622253496,0
True,1.59181530818848,0
True,2.35108684396296,0
True,1.82041320272147,0
True,1.30666942430964,0
True,1.39203577932476,0
True,2.12067835507005,0
True,3.82720397926282,0
True,2.79068070351891,0
True,2.81120785537397,0
True,2.26193905026612,0
True,2.05888926803642,0
True,1.39582091724906,0
True,1.01663439391693,0
True,2.58974790148643,0
True,1.44081290572242,0
True,1.42895481795891,0
True,1.27520205152083,0
True,1.65582729576601,0
True,2.97926163867559,0
True,3.82823845796768,0
True,2.67439726500841,0
True,2.6072554818004,0
True,1.76876785366383,0
True,1.24601223954708,0
True,1.7118397529312,0
True,1.91878903009048,0
True,1.78501105043418,0
True,1.50003214792771,0
True,1.37335534224913,0
True,2.27003585191931,0
True,2.4566441604049,0
True,1.17202981745947,0
True,0.896991015406395,0
True,2.84914595780524,0
True,1.94972765518436,0
True,1.95256163630691,0
True,3.69787286776637,0
True,0.959489325512455,0
True,3.19999325156487,0
True,1.9225745853426,0
True,1.09369294257704,0
True,2.02461972924582,0
True,1.41379143424992,0
True,3.18057894088495,0
True,0.816274586193499,0
True,2.99157647614267,0
True,3.58959906741167,0
True,1.6394214467542,0
True,1.90170177515178,0
True,1.00063178987291,0
True,1.81040288391051,0
True,1.96558953672472,0
True,1.11363168607222,0
True,1.33477334550683,0
True,2.05821850943372,0
True,2.27186275155012,0
True,1.93953592053251,0
True,1.73749902716611,0
True,1.8522630417484,0
True,2.14409355976164,0
True,2.63767471879586,0
True,3.3061407539416,0
True,1.43821327704631,0
True,2.93874423156385,0
True,2.36096214800232,0
True,4.16231583419064,0
True,2.0851542658249,0
True,2.14047099771328,0
True,1.50229615994141,0
True,1.74389146003133,0
True,2.433045734413,0
True,3.53398032939325,0
True,2.96051022835419,0
True,1.08033915374901,0
True,2.98213343678979,0
True,0.790317891155425,0
True,1.38629889232665,0
True,1.25507397575841,0
True,0.747032612306833,0
True,2.82107712419121,0
True,2.99699720579552,0
True,2.79675789029569,0
True,1.68427581106328,0
True,1.39428619051148,0
True,4.00524002370878,0
True,0.837465241885294,0
True,2.85758200863331,0
True,1.44373573724051,0
True,3.5124477959862,0
True,1.55002266876103,0
True,2.30863585619629,0
True,1.22819111412968,0
True,1.50320136731737,0
True,2.34799246421754,0
True,1.94677243526424,0
True,1.44154419014006,0
True,1.34877178831458,0
True,1.71548100985798,0
True,1.35779139834798,0
True,1.41452915444996,0
True,2.44375908098752,0
True,1.80567394258114,0
True,1.42474870913631,0
True,1.64607830332883,0
True,1.44722119770237,0
True,1.05775476779422,0
True,1.61423335387639,0
True,1.79688749627023,0
True,3.94346913901388,0
True,1.43565936762401,0
True,1.77657923652007,0
True,0.992641663403653,0
True,0.980329543892195,0
True,1.1101729106178,0
True,0.722995233987685,0
True,2.09344592192251,0
True,1.06464765813857,0
True,1.41568749960449,0
True,1.84116756360998,0
True,0.924273602106514,0
True,3.44065683546438,0
True,2.71930540043434,0
True,1.29624483389513,0
True,1.30997166211789,0
True,1.03257048569532,0
True,1.28027041206386,0
True,1.38543239639537,0
True,1.4551733834348,0
True,1.42338849557459,0
True,1.98992517774703,0
True,2.76342465989143,0
True,3.58362982376161,0
True,4.00289990201277,0
True,2.60812952810766,0
True,1.55148994201951,0
True,1.93170939905463,0
True,2.02625419971138,0
True,3.2831453183051,0
True,2.74117343137398,0
True,0.918337623444777,0
True,1.2833544677629,0
False,1.08052749099156,7.56839898753984E-05
True,2.84741235611974,0
True,1.39959244621539,0
True,2.87094260026479,0
True,3.26970845648935,0
True,1.77871755215047,0
True,2.03204740673272,0
True,2.49118346890818,0
True,1.64280928623881,0
True,1.49824120335867,0
True,1.79474600450374,0
True,1.31699394622451,0
True,2.75770779565649,0
True,0.832926280084583,0
True,1.0104785540449,0
True,1.35802059364402,0
True,1.56139012177074,0
True,3.79684846715076,0
True,2.88741257842115,0
True,1.77471974396603,0
True,2.39721668980401,0
True,2.74568318674555,0
True,2.27343070460891,0
True,1.38905772930585,0
True,1.6086758614915,0
True,1.59675370643026,0
True,0.766009955041593,0
True,2.143681394123,0
True,2.64821992493458,0
True,2.45737536201571,0
True,1.76382894780723,0
True,2.16163502653205,0
True,2.42354952552188,0
True,2.91611224292982,0
True,3.29213253666612,0
True,2.00491834884759,0
True,2.50513808260798,0
True,1.55574033634014,0
True,2.09955237829049,0
True,2.16718086811251,0
True,1.43258308390112,0
True,0.923343087802844,0
True,0.492484122488015,0
True,2.00679235805573,0
True,1.28176969903274,0
True,1.48652832978291,0
True,1.16311210567784,0
True,1.07313993633472,0
True,4.00307501941865,0
True,2.5025710753618,0
True,1.13764577959366,0
True,1.26609713372685,0
True,1.22776278014587,0
True,0.908660668197285,0
True,0.918330666125438,0
True,1.61814936096486,0
True,2.07331627411465,0
True,1.50621693989291,0
True,3.6951448623099,0
True,2.75726964833062,0
True,1.47595024917558,0
True,2.13104934815991,0
True,1.16013060427461,0
True,2.57984089044781,0
True,0.922363624500323,0
True,0.898409842395751,0
True,1.22447123396364,0
True,3.15603113970645,0
True,0.991730451672464,0
True,1.89056312562521,0
True,1.98526818976668,0
True,4.10861351817647,0
True,4.1349091137995,0
True,0.965513873448904,0
True,2.33297534001164,0
True,0.871232169237589,0
True,2.25007165867822,0
True,2.10519304790159,0
True,2.94663378073159,0
True,1.86091734353303,0
True,2.17014546973954,0
True,1.24881922111589,0
True,0.699205516720183,0
True,0.629878274230303,0
True,0.88487647509463,0
True,1.79662196780233,0
True,1.9292526596185,0
True,1.4524056394744,0
True,2.26708087822853,0
True,3.50040410940614,0
True,2.14786688192693,0
True,3.17359831946556,0
True,0.804751334486888,0
True,1.11689625873902,0
True,2.01189769360772,0
True,1.46334430761207,0
True,2.03015800533917,0
True,1.50835923796977,0
True,1.40701675210571,0
True,1.14601449649904,0
True,1.59492834327212,0
True,1.35471364136047,0
True,2.62360903049154,0
True,1.80611021767053,0
True,1.28844863565551,0
True,1.71110247544345,0
True,2.20597344874784,0
True,1.04301377636137,0
True,0.980169737708602,0
True,2.75394767178149,0
True,1.62192960713958,0
True,1.64254126518425,0
True,2.48391402457305,0
True,3.7653657193195,0
True,3.02772632544604,0
True,0.952210593482564,0
True,1.35443536175816,0
True,1.45843045457031,0
True,1.99244578145223,0
True,2.37268212545904,0
True,2.99788510324623,0
True,2.21968640969781,0
True,2.82144475050767,0
True,2.79227368536021,0
True,2.15716616053398,0
True,1.06218517999993,0
True,3.43771031470479,0
True,1.94443650918356,0
True,1.59777763364542,0
True,1.69975177075929,0
True,1.83846154796379,0
True,1.45550585292731,0
True,1.30885965230726,0
True,2.91240455560855,0
True,1.51635722846501,0
True,2.02389863294869,0
True,1.41248146369547,0
True,0.977550019663441,0
True,0.925876070041027,0
True,3.71141932196289,0
True,2.30089081173266,0
True,2.55724233834746,0
True,3.79892818928548,0
True,1.57422429093235,0
True,1.32330615972244,0
True,3.23175267412664,0
True,1.07784763644796,0
True,1.21156277922701,0
True,0.493641174076417,0
True,2.06315127049437,0
True,2.47017023311203,0
True,4.31066242498363,0
True,3.62750696441416,0
True,1.82761157074362,0
True,2.16795397267437,0
True,2.81312540468837,0
True,1.76703113057429,0
True,1.33421726786565,0
True,1.57403485067248,0
True,3.75368329020512,0
True,1.58859582472791,0
True,1.02984437646319,0
True,2.57912937675623,0
True,2.97524071265463,0
True,1.23147152771242,0
True,2.95285555699383,0
True,2.49425733862402,0
True,0.779938437028235,0
True,1.14123958481512,0
True,2.26533614548972,0
True,3.19473262776756,0
True,2.86608258229405,0
True,2.94219742761541,0
True,1.56030709175187,0
True,1.11187762496258,0
True,2.08928442526741,0
True,0.879549778114007,0
True,3.07768427285405,0
True,4.45094590295729,0
True,2.50838590591778,0
True,1.3150914609077,0
True,3.30414469755187,0
True,2.80226499001564,0
True,2.31084933787098,0
True,0.919553582198854,0
True,1.2995974449462,0
True,1.42028668477254,0
True,3.92514296292647,0
True,1.84444772116241,0
True,1.46478770921041,0
True,1.98377285150938,0
True,1.5209893787741,0
True,2.51116362987756,0
True,1.65921256008745,0
True,2.06237098287951,0
True,2.95277985710158,0
True,2.65550306136294,0
True,1.37274345789603,0
True,1.18782940333054,0
True,1.71995558293335,0
True,3.47150830221963,0
True,0.813386041677703,0
True,0.812184339836029,0
True,1.011199539306,0
True,1.61230120630997,0
True,3.75183305351848,0
True,1.59474206239051,0
True,0.804654800223289,0
True,1.47350329486069,0
True,1.71601074163846,0
True,3.32370855805877,0
True,3.42506675308741,0
True,1.64467235058118,0
True,3.3827467856518,0
True,0.975123817355773,0
True,1.85197467646258,0
True,1.53037795938962,0
True,2.58011772882418,0
True,1.48346552582903,0
True,1.66608145533662,0
True,2.07561356664196,0
True,1.50443848744767,0
True,1.06186843704249,0
True,2.06603892381599,0
True,0.752275132951997,0
True,2.36783651487248,0
True,1.60572217396898,0
True,0.813502880418672,0
True,1.40948806483232,0
True,1.08599987706695,0
True,3.62322065387801,0
True,1.25511700398751,0
True,1.60924710107076,0
True,1.57807466097259,0
True,1.56237853987473,0
True,2.24176860408228,0
True,1.78208127742237,0
True,2.11931561179369,0
True,1.86790821473624,0
True,0.869606491228703,0
False,3.51101085879534,0.000174160083041721
True,1.18692125813014,0
False,1.51116487171083,0.000236729147602198
True,1.11814570952716,0
True,0.971823014239924,0
True,1.64528611068737,0
True,2.94980060296927,0
False,2.85366658873804,0.000270685417295995
True,0.876169849183117,0
True,2.11036573444571,0