Success,Time,Fitness
True,1.80704966480415,0
True,3.7736226500164,0
True,3.34077122796422,0
False,1.43880892695959,8.34174618883692E-05
True,1.42128701900918,0
True,1.33737844911478,0
True,1.38024632571935,0
True,1.04832859802666,0
True,1.48418428809448,0
True,1.25119646620264,0
True,2.31441599960495,0
True,3.91236338117922,0
True,2.77673879988922,0
True,1.61350058712764,0
True,1.64866819205391,0
True,1.41281988478863,0
True,2.39849350989926,0
True,3.29644484679382,0
True,2.67746367154647,0
True,1.30945600453765,0
True,1.48130561996747,0
True,1.55187010213866,0
True,2.75199867237436,0
True,1.70188513870065,0
True,2.8972220758446,0
False,1.24063516516243,0.000704121643676684
True,1.5075525613099,0
True,1.41754231046363,0
True,2.06962359693888,0
True,2.92236348874821,0
True,1.24176949048889,0
True,1.47088620434331,0
True,3.82200003610479,0
True,2.09002387828791,0
True,1.86169461404384,0
True,3.14788523310975,0
True,1.77403339651408,0
True,1.08280985029161,0
True,4.19463981300291,0
True,1.85843203544118,0
True,3.46541820150713,0
True,1.30454182881727,0
True,1.10362438614622,0
True,2.134792481964,0
True,2.75729620809113,0
True,1.04987492290098,0
True,1.50215997921241,0
True,2.35578268030979,0
True,1.27213534772281,0
True,3.93914940449245,0
True,2.42389592694244,0
True,1.06761133125496,0
True,1.84841342138562,0
True,0.842107787284694,0
True,2.96360270342828,0
True,4.10643710406354,0
True,0.89586062572038,0
True,1.7426066772075,0
True,1.20327800862712,0
True,2.10497107394535,0
True,0.384880882616628,0
True,3.10032278275476,0
True,1.61702128967847,0
True,1.03082002750104,0
True,2.24972867815902,0
True,1.77805891024887,0
True,2.9865080286445,0
True,1.71877127820198,0
True,1.49952801234457,0
True,3.61522774858455,0
True,3.13200604629424,0
True,1.58829670916887,0
True,1.0540466547103,0
True,1.8625098712465,0
True,3.39740178047003,0
True,2.48693361114989,0
True,0.829318757866344,0
True,1.12264025735205,0
True,3.19699509452171,0
True,2.73562714619002,0
True,2.36496387666774,0
True,1.63320823614487,0
True,0.590836335261858,0
True,0.731281770226353,0
True,1.22719952163255,0
True,1.34978952297332,0
True,3.91146713665813,0
True,1.32225770572659,0
True,1.53345788445271,0
True,1.93464506646911,0
True,1.22875911525362,0
True,1.47648068164851,0
True,1.51712848052245,0
True,1.05238980667253,0
True,2.69738011640219,0
True,2.92218383574976,0
True,1.35508486805381,0
True,1.81745921593501,0
True,2.23789556747808,0
True,2.6098823223829,0
True,2.39889759205818,0
True,1.39700724339683,0
True,1.88792255396776,0
True,2.58047394584281,0
True,1.2818668538982,0
True,1.30631318124209,0
True,1.13349136073565,0
True,3.10573217570346,0
True,2.95562328663629,0
True,1.61471221343464,0
True,2.36212492743333,0
True,3.5084372781488,0
True,2.54792184801745,0
True,2.55913571983087,0
True,1.39577336987401,0
True,1.71364581247126,0
True,3.12761595548732,0
True,2.49480856043598,0
True,2.39636003777489,0
True,2.32926512824319,0
True,1.95418979864458,0
True,1.03753476040624,0
True,0.927079886597463,0
True,1.68801385164314,0
True,1.09527556892001,0
True,1.3088215500458,0
True,1.74205993272395,0
True,1.19491022021509,0
True,2.01179257645583,0
True,3.44206926315423,0
True,4.46378763498505,0
True,2.95980050791386,0
True,1.58608893316454,0
True,3.55732351530702,0
True,1.52614556707784,0
True,2.92271559701764,0
True,2.9522784148647,0
True,1.39591764349152,0
True,1.03891690940641,0
True,0.947437332257292,0
True,1.73887716296089,0
True,1.31539486976706,0
True,1.87782424508342,0
True,1.85525118998826,0
True,1.39693431064201,0
True,1.71673774024081,0
True,1.93189029853933,0
True,0.892131160267753,0
True,1.97626366034453,0
True,2.29776981654885,0
True,1.40551267086772,0
True,2.10022868137259,0
True,2.51570264583361,0
True,1.95261602900351,0
True,3.69232217272626,0
True,3.89230903865477,0
True,1.97966080373496,0
True,1.42595203657045,0
True,1.69682670419312,0
True,2.41580826470023,0
True,2.20229384379567,0
True,1.77991248178814,0
True,2.16617573382103,0
True,3.1829635570367,0
True,1.56546071686817,0
True,1.26284251604341,0
False,2.20553145363621,0.000166351722899942
True,1.01291180391606,0
True,2.23456699046196,0
True,1.74924894899565,0
True,2.23474887311256,0
True,2.57116601483846,0
True,1.43568286923312,0
True,1.47689103387187,0
True,1.07165680003337,0
True,1.00695706184677,0
True,2.91904657497191,0
True,3.08519578564468,0
True,1.5126780348289,0
True,1.678771970908,0
True,1.55303269499471,0
True,1.46042787611471,0
True,2.22920619821273,0
True,0.811109322342394,0
True,0.751190254525675,0
True,2.52727232830169,0
True,1.16274207659064,0
True,2.35416853494167,0
True,1.78697438588318,0
True,1.61064423694127,0
True,1.56462895435871,0
True,2.19801183473166,0
True,4.2083967985518,0
True,3.26576590525365,0
True,1.81520559854039,0
True,0.939234003237511,0
True,0.475795083709844,0
True,1.00392883916667,0
True,2.78577261811521,0
True,1.71152061091663,0
True,1.58129943821648,0
True,1.97728554059507,0
True,1.50592185734167,0
True,2.27141120266377,0
True,1.82182241567058,0
True,3.05133756511109,0
True,3.55650299814638,0
True,1.46090368796253,0
True,2.16231544154416,0
True,1.73679238370221,0
True,1.39747182849659,0
True,1.08464517390194,0
True,1.13492745377393,0
True,1.47725602628619,0
True,1.15092488599411,0
True,0.978248767524152,0
True,1.18886675636571,0
True,1.51546476499469,0
True,2.37644357714252,0
True,1.35036124433445,0
True,2.03553081474499,0
True,1.60176762862931,0
True,1.68829190148199,0
True,2.7579588168073,0
True,1.43324415359484,0
True,3.08376042727198,0
True,1.3775974557188,0
True,1.02082651226377,0
True,1.20268991475975,0
True,3.20770781416407,0
True,2.03969832689615,0
True,1.83182085242473,0
True,2.37594626654463,0
True,1.17341820263512,0
True,0.595231182529657,0
False,1.46035701998023,0.000102245840532613
True,1.12228136149866,0
True,2.74633094358362,0
True,1.27822700869837,0
True,2.48374322185747,0
True,1.24365145210332,0
True,2.20713397929481,0
True,1.89630968402843,0
True,1.95232466541718,0
True,1.02629769840333,0
True,2.51235303918934,0
True,2.10933738587369,0
True,1.68253159496972,0
True,0.918887464816979,0
True,1.30143273926124,0
True,1.2679111007957,0
True,2.86599916135607,0
True,2.76927635402676,0
True,1.8943421352762,0
True,1.77779616737256,0
True,1.10915342831725,0
True,1.38641023378171,0
True,2.0153071264662,0
True,1.30161312787201,0
True,1.1025549670108,0
True,1.19391957118334,0
True,1.57466096142169,0
True,2.54019545346727,0
True,2.12943657085641,0
True,2.30555770784079,0
True,2.12003993317083,0
True,3.17331617865884,0
True,2.00145001447822,0
True,3.14085180018681,0
True,3.42203410812854,0
True,0.979523751125157,0
False,1.27984696239545,0.000357417438879451
True,1.83313604872741,0
True,2.74199803100752,0
True,3.43570500966465,0
True,0.900749866022843,0
True,1.5499984871562,0
True,2.17319275589043,0
True,2.24233511384773,0
True,2.66917740630095,0
True,1.19184956249923,0
True,2.40040792862755,0
True,2.1023510522752,0
True,2.66856558363496,0
True,3.39265181283896,0
True,1.86238641901383,0
True,1.80780015733516,0
True,1.13229296042103,0
True,1.33906288578005,0
True,1.93505696594468,0
True,2.15602949298979,0
True,1.76361274236217,0
True,2.24216032130561,0
True,1.50058846541402,0
True,2.02414917301646,0
True,1.29947777993887,0
True,0.731432792017801,0
True,3.56046487376496,0
False,2.47036022531285,0.000552314505468417
True,0.600439847812155,0
True,3.35518133759633,0
True,2.56141558340164,0
True,3.70892376596051,0
True,3.75376919237628,0
True,1.64607181162904,0
True,1.88332979780618,0
True,1.03928852932013,0
True,3.52711417501872,0
True,1.87891439749499,0
True,1.25383029269457,0
True,2.50266534737515,0
True,1.42431278383226,0
True,1.63634170584975,0
True,1.92889275091583,0
True,3.01046143359013,0
True,3.04420383555987,0
True,2.57811501274532,0
True,2.59998543085519,0
True,1.26099940664663,0
True,1.59361799368951,0
True,3.93661161713406,0
True,2.5485392842556,0
True,1.73808531380426,0
True,2.14958945447465,0
True,2.06283736953267,0
True,2.06260293109556,0
True,1.25835232401949,0
True,1.87862777252205,0
True,2.12489329407708,0
True,2.22461207356998,0
True,1.1792426230056,0
True,2.29541146231702,0
True,1.44526075339134,0
True,2.60440681696005,0
True,1.20410232739408,0
True,3.32185749057658,0
False,3.63946686435798,7.50282092525907E-05
True,3.73238286235022,0
True,3.3580179002411,0
True,3.45736863452875,0
True,3.43816722176135,0
True,2.25582647224535,0
True,2.35421438268533,0
True,3.41234262008607,0
True,2.18803412392628,0
True,1.88367444101178,0
True,1.13597925572784,0
True,0.94144434515952,0
True,0.994974427657754,0
True,1.63046365056589,0
True,1.02013974132426,0
True,2.84501780833824,0
True,0.941046912390173,0
True,1.58832061626341,0
True,1.2449150327634,0
True,1.07177882472985,0
True,2.66899206185203,0
True,1.16230852842344,0
True,1.50340329741276,0
True,1.20986590118021,0
True,0.801751030657097,0
True,1.84642952413783,0
True,0.720811432358575,0
True,1.05269078037251,0
True,1.7106145715533,0
True,2.62050714868615,0
True,0.996710121817879,0
True,3.7646087721685,0
True,4.38279992865359,0
True,2.75254812798879,0
True,2.1485122106311,0
False,1.0418170443445,0.000771635144630276
True,2.01770631359505,0
True,1.7523224512561,0
True,1.10462089803372,0
True,1.60825099125741,0
True,1.53970818070925,0
True,2.35320399104171,0
True,2.01667022542179,0
True,2.45971140656967,0
True,1.68074068314292,0
True,3.66962179487448,0
True,2.99560139133549,0
True,2.47146699613726,0
True,2.91766713293309,0
True,1.97159532477569,0
True,1.98104321667414,0
True,1.23644738857103,0
True,1.64566089046451,0
True,2.07628637123032,0
True,0.980220222682046,0
True,2.34030749093069,0
True,1.82293743291626,0
True,2.21458253809426,0
True,2.40465238237031,0
True,1.76003914598753,0
True,2.35127648434338,0
True,1.61632929424499,0
True,1.34078066436614,0
True,1.86219697767034,0
True,2.08809490509586,0
True,1.51439493847738,0
True,2.76079462836004,0
True,0.977685629815954,0
True,1.08416999551052,0
True,1.9991282918695,0
True,2.49985997228478,0
True,1.62717221868914,0
True,1.2585924422304,0
True,0.729611957574953,0
True,2.3658062068359,0
True,1.32688519722735,0
True,2.05323296430423,0
True,1.26153362236515,0
True,2.3775385102094,0
True,2.55466960128803,0
True,0.730104913859757,0
True,1.80042484603372,0
True,1.63014987656396,0
True,1.55175684984454,0
True,0.987882309006387,0
True,1.25351838490877,0
True,2.27841224709223,0
True,0.970924404040967,0
True,1.77628108264184,0
True,1.83967743100575,0
True,1.88156276095281,0
True,3.95773130862186,0
True,0.694127824224159,0
True,0.80973473986576,0
True,1.58678573254176,0
True,1.7889752486752,0
True,2.1564317716556,0
True,3.16010919142658,0
True,1.50995594516906,0
True,0.817383669953741,0
True,1.96739339871382,0
True,0.874117080459845,0
True,0.910319751815798,0
True,2.25321856069707,0
True,1.49727004850967,0
True,1.08210467997267,0
True,1.04313803884518,0
True,1.3539088622787,0
True,1.31618870337088,0
True,1.68973386008175,0
True,1.82990079740319,0
True,1.79754234405877,0
True,1.90342933920438,0
True,1.6655861484127,0
True,1.38162300870426,0
True,2.58520117493346,0
True,1.0690818053564,0
True,2.47794052702862,0
True,1.26034564131767,0
True,3.18172844737125,0
True,2.67042549185498,0
True,1.5398538679412,0
True,0.73296393072258,0
True,2.12472222935534,0
True,2.26585059072887,0
True,1.26425326657689,0
True,2.09952842313548,0
True,2.08831756936848,0
True,2.72598514563343,0
True,3.75550991473244,0
True,1.90348035648202,0
True,1.50855504219297,0
True,1.28614054705168,0
True,1.13469104988491,0
True,1.98517344390911,0
True,2.77336642260843,0
True,4.00595883866291,0
True,0.958324889353966,0
True,1.11902063758854,0
True,1.05125303943186,0
True,4.07474822693729,0
True,2.0083121696289,0
True,1.05557423531768,0
True,0.609212563703239,0
True,2.99886002452436,0
True,1.05552145952026,0
True,2.62025229375966,0
True,1.44454226460474,0
True,1.87304269602993,0
True,2.18287547901889,0
True,2.21304290570958,0
True,1.68888118983073,0
True,0.938282502180379,0
True,1.72778180936328,0
True,2.30525467198256,0
True,4.52502237474633,0
True,2.97556522750439,0
True,2.68788354037987,0
True,1.92627334481817,0
True,2.92902290354111,0
False,3.2311430559865,0.000200448500792446
True,3.73688187484419,0
True,1.3009609995544,0
True,2.41983006161062,0
True,0.799970639718287,0
True,1.88304867799099,0
True,2.41353494626839,0
True,2.11649280577947,0
True,2.97663355348872,0
True,3.04580778264184,0
True,2.75437742179147,0
True,2.23368241332056,0
True,2.95458255270852,0
True,3.51610148348436,0
True,1.44148544350443,0
True,0.928297534016377,0
True,0.720377317668191,0
True,1.85517422780336,0
True,2.94093277623235,0
True,1.77657140179039,0
True,1.0205523904215,0
True,0.81548849454036,0
True,1.56932820762156,0
True,1.10031905947814,0
True,0.805903908563641,0
True,1.22623398006169,0
True,2.52499421280323,0
True,2.49585058753828,0
False,1.04266377975465,9.40166186695591E-05
True,1.99855641111834,0
True,2.5946077320941,0
True,3.0176315755023,0
True,1.93052874301273,0
True,1.3393983101172,0
True,1.96029545548278,0
True,1.43044693481842,0
True,0.836386702947044,0
False,4.32307105647827,0.000281119772135017
True,2.19508911126238,0
True,1.98203261223485,0
True,1.53034205126368,0
True,1.64788839176382,0
True,2.74040712286985,0
True,1.89107043610984,0
True,2.20323933134684,0
True,1.3914309653568,0
True,3.24507100624459,0
True,0.979557193357635,0
True,0.850192840070069,0
True,1.83208241486695,0
True,1.75286597983801,0
True,2.46119348955062,0
True,1.09897674133906,0
True,2.11909434827342,0
True,1.83202708241822,0
True,1.9769114755669,0
True,0.75330294190612,0
True,2.45445165956198,0
True,2.60960548702064,0
True,0.74795002179758,0
True,0.846760744154907,0
True,1.42707594613755,0
True,0.903466578718825,0
True,0.96932204451149,0
True,2.15531166977518,0
True,1.1285975843599,0
True,1.39803715432751,0
True,3.94789755874102,0
True,2.48087353726956,0
True,1.5243303760288,0
True,1.66105170950996,0
True,2.16855697266859,0
True,1.87216052444593,0
True,1.78669262718433,0
True,0.801101776106765,0
True,0.984759484350719,0
True,2.17110926860748,0
True,1.76796832653623,0
True,0.714542003220106,0
True,1.81100706785967,0
True,2.55431420866523,0
True,2.36229542733781,0
True,1.27873993956706,0
True,1.4517021038146,0
True,1.15353495926588,0
True,1.73140540183289,0
True,0.934091915313711,0
True,2.57101210791717,0
True,2.49395667614387,0
True,1.25838926214574,0
True,1.50981207619241,0
True,1.52021723004542,0
True,1.55052406087453,0
True,1.79151187529219,0
True,1.8909954044577,0
True,1.89385493395412,0
True,2.4588064166179,0
True,1.19961775316777,0
True,1.56113367349911,0
True,1.28424987709903,0
True,1.17415486771937,0
True,1.14832981704529,0
True,0.630311278881405,0
True,1.75412993710953,0
True,2.2539175485787,0
True,1.79234841756216,0
True,1.90619705372941,0
True,2.26197328848244,0
True,2.8331803900091,0
True,1.27119346871513,0
True,1.35993100112124,0
True,2.28190014488579,0
True,1.52793323537193,0
True,2.1497062262847,0
True,1.91343306907473,0
True,1.6100295679398,0
True,1.8472665801455,0
True,2.46385438147484,0
True,2.09935357683458,0
True,1.5026981434615,0
True,1.7368162707885,0
True,2.80206781882197,0
True,4.16994917464067,0
True,1.45633401013449,0
True,2.69318627271214,0
True,3.17684955418242,0
True,1.89282014700236,0
True,0.967811097522014,0
True,2.31482495466876,0
True,2.99734372646592,0
True,2.5927576551271,0
True,1.64193714203287,0
True,1.51730720761684,0
True,1.33229897187119,0
True,1.18224031469808,0
True,4.49161527058247,0
True,0.939720276480192,0
True,1.02860303008751,0
True,1.68882150145571,0
True,1.65922202771405,0
True,2.17678209845864,0
True,1.85569213821882,0
True,1.59240915499114,0
True,2.07941332847555,0
True,2.36335122756424,0
True,2.04667534328842,0
True,3.22342838243279,0
True,1.5971490201936,0
True,1.41126703100505,0
True,2.21540135339536,0
True,1.17212816681804,0
True,1.82205652720305,0
True,0.835584942091298,0
True,2.89277783004756,0
True,1.11577762165414,0
True,1.61833158061493,0
True,2.4839945959095,0
True,1.25802251914809,0
True,1.89479311646855,0
True,1.25190109317986,0
True,0.213776816680671,0
True,4.06652127711526,0
True,2.19858684195166,0
True,1.37162180973793,0
True,1.4711447865335,0
True,0.997071940369559,0
True,0.767129030919594,0
True,0.850604547610115,0
True,1.05731686517567,0
True,3.93712194974588,0
True,2.24725870563252,0
True,3.55534296765051,0
True,3.34402765775108,0
True,1.82365963377384,0
True,2.47596256826214,0
True,2.530601685478,0
True,1.67673600106589,0
True,2.87450098374797,0
True,0.738019049845976,0
False,3.12454087878132,0.000305040994874346
True,3.31778987655829,0
True,3.20527835474288,0
True,2.13523635859255,0
True,2.46149305457188,0
True,3.75888292491756,0
True,1.97111469487155,0
True,2.10869534539006,0
True,1.44135305527129,0
True,1.59554064156456,0
True,1.51259488656673,0
True,2.08899365812859,0
True,1.75861357346385,0
True,1.35071771946351,0
True,2.03442677252082,0
True,1.82987491300871,0
True,0.80040706525294,0
True,2.20603435619375,0
True,1.49310750962268,0
True,2.86032687717738,0
True,2.23134923594314,0
True,3.85342322866155,0
True,1.81531266877439,0
True,2.35154681827104,0
True,1.86511249061774,0
True,2.26641461562504,0
True,0.680099324291926,0
True,2.9240427323627,0
True,2.67810251999463,0
True,1.71568552727962,0
True,2.71859837457514,0
True,0.667168585158501,0
True,2.54626456392306,0
True,1.02366848507393,0
True,2.94070564088165,0
True,2.94871704696819,0
True,3.98520207517359,0
True,2.24621088585748,0
True,1.439586714718,0
True,1.48901303021032,0
True,4.00195023484053,0
True,1.83637803199049,0
True,2.79053578511324,0
True,2.08921350037437,0
True,3.56800539003454,0
True,1.05656845090571,0
True,1.8531504174203,0
True,2.31472588574493,0
True,1.45659513831681,0
True,2.62280579264262,0
True,1.85603602091545,0
True,2.1229367491917,0
True,1.06737777423532,0
True,3.27820526116959,0
True,1.71293663863106,0
True,3.44627012364296,0
True,2.97364311547918,0
True,2.51762158954821,0
True,0.861639292523555,0
True,1.39218234335329,0
True,2.28317753130609,0
True,1.78666163066147,0
True,1.64059594629051,0
True,1.90961886974209,0
True,3.91287063814922,0
True,3.11185990034182,0
True,1.22530274518309,0
True,1.07697813548005,0
True,1.0924595790155,0
True,3.50776763248851,0
True,2.02050435501292,0
True,1.86608664112616,0
True,1.23504324941732,0
True,1.72354899253829,0
True,1.33107626934945,0
True,1.70773560399209,0
True,2.93887099061388,0
True,3.40032174026109,0
True,1.04946498165105,0
True,2.43503219232206,0
True,1.53043654797025,0
True,0.931114734697931,0
True,1.37247385259908,0
True,1.71619284078836,0
True,2.58241679070134,0
True,1.32904530765292,0
True,2.26189397035411,0
True,1.07360468310267,0
True,0.759276847437532,0
True,2.1262076922949,0
True,2.14607331181765,0
True,1.17453928522329,0
True,2.13391701886914,0
True,1.56441444930217,0
True,1.46889674779454,0
True,2.76213519455024,0
True,1.15100310200528,0
True,1.10595329968666,0
True,1.75925216766771,0
True,0.920887180345126,0
True,1.59536698545675,0
True,3.43057928628531,0
True,2.0094755304998,0
True,1.31678315447417,0
True,1.86742853494664,0
True,1.53654290174442,0
True,1.1422143645663,0
True,1.57746647625857,0
True,1.2796278844644,0
True,1.54781766098863,0
True,1.58770912974679,0
True,2.9448603260029,0
True,1.83752139707518,0
True,1.89144205411065,0
True,1.28031485237856,0
True,1.90905829017136,0
True,2.28113841186142,0
True,3.50062046841376,0
True,3.31177808030188,0
True,1.80786726759547,0
True,1.51574924549269,0
True,1.52515680489831,0
True,2.79604607972926,0
True,3.01183477754566,0
True,1.10612478180339,0
True,1.60087646677104,0
True,0.953772224126164,0
True,2.55777967183893,0
True,2.77579514694723,0
True,0.887997189250796,0
True,2.66009042397871,0
True,3.70016082004893,0
True,1.54696021657564,0
True,1.59664303894937,0
True,1.79656609142438,0
True,2.25515219424905,0
True,4.18668152518276,0
True,1.92814937795617,0
True,2.64311009301529,0
True,1.99388173025996,0
True,1.78931727626062,0
True,1.40548111026658,0
True,1.69111211832785,0
True,1.57284988021717,0
True,3.28626488727843,0
True,2.40687832218825,0
True,2.42012815768063,0
True,3.30720886830722,0
True,2.26961894721512,0
True,1.04732915228009,0
True,2.87453514604893,0
True,1.54690767521354,0
True,1.31042568222614,0
True,1.19113260092055,0
True,2.79910164355241,0
True,1.14881757792861,0
True,3.14725370518554,0
True,3.6367369268764,0
True,1.95456436684062,0
True,2.50887557714428,0
True,2.37518535630541,0
True,2.45487349785546,0
True,0.750591899359171,0
True,2.56422056267963,0
True,0.955415484058297,0
True,1.89874381251334,0
True,2.24441280317063,0
True,3.58669439158006,0
True,1.13092523357358,0
True,1.91600804408937,0
True,1.81974911468385,0
True,3.96677376431589,0
True,2.12896357674868,0
True,0.877785177253576,0
True,2.14909180697734,0
True,1.26451777890574,0
True,1.17341999317962,0
True,1.27037673242789,0
True,2.89018308877936,0
True,3.10425761698438,0
True,2.34084035039781,0
True,1.20921865696338,0
True,3.9854786161175,0
True,2.19842044054229,0
True,1.1339251467609,0
True,1.54696631919566,0
True,1.21709423257645,0
True,2.79388649221453,0
True,0.68034765455324,0
True,2.9555414950732,0
True,1.86587447731072,0
True,2.6153917681475,0
True,3.27560523860767,0
True,1.0553990946486,0
True,1.8114614768542,0
True,1.76050171577002,0
True,1.56758473958745,0
True,1.76397668808354,0
True,2.42436325626893,0
True,3.02554072856252,0
True,0.771908672251394,0
True,1.86724487176152,0
True,2.38968255771672,0
True,2.44741047550243,0
True,2.28873924221385,0
True,2.58291211344571,0
True,1.6838146910074,0
True,2.05843746990755,0
True,1.63994498819911,0
True,3.2834119328251,0
True,2.93797332904654,0
True,1.78401873723904,0
True,0.837509503323075,0
True,0.68551910635511,0
True,2.05506778760332,0
True,2.22122528385404,0
True,1.76053791849821,0
True,2.41804922973792,0
True,1.46436822433022,0
True,2.21399184761587,0
True,1.19615179735178,0
True,3.36130016264172,0
True,1.36741752791096,0
True,0.969202680546987,0
True,2.33855638692155,0
True,1.84860378090001,0
True,0.726316965150597,0
True,2.5045576961557,0
True,2.06848431122974,0
True,0.865956134420717,0
True,0.972054902209056,0
True,1.25389569225394,0
True,2.83286437711075,0
False,2.63739122640409,0.000523260127129902
True,2.85403890103813,0
True,1.67751593035365,0
True,1.96050031489223,0
True,0.657982496331835,0
True,2.46794965947492,0
True,3.96697806901765,0
True,0.905931993540209,0
True,2.27779061614762,0
True,2.18760197570422,0
True,0.995100920027135,0
True,3.02194459861417,0
True,0.936345092410995,0
True,1.65220245759089,0
True,1.79216563918837,0
True,1.37670783303663,0
True,1.51458843875092,0
True,2.00725976138805,0
True,2.31291360898655,0
True,1.89459722595963,0
True,1.66120910640445,0
True,3.3447716316837,0
True,2.24245828430263,0
True,3.18379327617271,0
True,1.84769856803357,0
True,1.69350927931575,0
True,1.96198286891054,0
True,0.844261082855553,0
True,1.29424214430517,0
True,2.91188528108417,0
True,2.6038647780017,0
True,0.883303757448317,0
True,2.35187986477089,0
True,3.14887582013728,0
True,1.8797689773169,0
True,1.02032966130001,0
True,1.86877266661344,0
True,2.52676905495371,0
True,2.73130053314944,0
True,2.36091973125805,0
True,2.70499208972262,0
True,2.22110028123689,0
True,3.52768577239796,0
True,4.39188790902909,0
True,2.33108680758559,0
True,1.86657158070594,0
True,1.26177674447251,0
True,1.65986608367264,0
True,1.79554193233536,0
True,0.962414733644338,0
True,1.99158726416722,0
True,1.13535864110239,0
True,1.4660598567457,0
True,2.28336756867526,0
True,1.6552181148638,0
True,3.22770593795911,0
True,2.95782677544569,0
True,1.70856631110788,0
True,2.15135081667654,0
True,1.38593472868736,0
True,2.30493494759494,0
False,1.63867223967661,7.6069110924912E-05
True,1.04607251986715,0
True,3.14215694120873,0
True,0.799945941180787,0
True,1.610542682853,0
True,1.34605257541168,0
True,0.946064189242418,0
True,3.07184027206306,0
True,1.35997511142657,0
True,1.41029145319188,0
True,1.56917287025583,0
True,1.72510664521467,0
True,2.31080818459802,0
True,1.38553089349147,0
True,2.82213974074836,0
True,4.13051628167846,0
True,2.12499154039854,0
True,3.39827602182673,0
True,2.19347546502495,0
True,2.19250411944523,0
True,2.89295814172523,0
True,1.76920799528458,0
True,1.27378882552898,0
True,1.75143989853669,0
True,2.05323855886257,0
True,2.63736820849807,0
True,1.36820382244687,0
True,1.55362844247803,0
True,2.05715213113727,0
True,3.91791708329462,0
True,2.0439104855089,0
True,2.05576993295763,0
True,2.30538426880917,0
True,0.939399673661575,0
True,1.10916421579391,0
True,1.61474785226579,0
True,2.7808296905177,0
True,1.01809877920046,0
True,2.93056600331494,0
True,2.09031827183559,0
True,2.06363989209727,0
True,1.44691789823157,0
True,1.42768163664056,0
True,1.17576328947394,0
True,0.907753496931303,0
True,1.75343343661481,0
True,2.60082010934205,0
True,1.63328352041092,0
True,1.86673659131301,0
True,2.43334751270767,0
True,2.06456387291249,0
True,2.50521054593545,0
True,2.79660623369058,0
True,2.59948244519526,0
True,1.61978232911429,0
True,3.25417428659187,0
True,1.99189276534672,0
True,0.982724566869783,0
True,0.860597409858801,0
True,1.95841483865616,0
True,2.8882637384551,0
True,2.05843985585608,0
True,1.76909507608396,0
True,2.03564050447664,0
True,0.906191244424944,0
True,0.807938179981362,0
True,1.16948677936685,0
True,1.27723616774137,0
True,1.1089719385322,0
True,1.30363915325047,0
True,2.45649576486295,0
True,3.12846436776856,0
True,1.09629827988764,0
True,1.41240079006539,0
True,1.12905963982347,0
True,1.0050908483007,0
True,1.70940062277422,0
True,0.575885202217445,0
True,2.27756222764839,0
True,1.40960761888385,0
True,1.2886297433477,0
True,2.57232746354771,0
True,3.71419381672003,0
True,3.19500160029156,0
True,1.44934634646873,0
True,1.44793084639393,0
True,1.85662660249528,0
True,3.60797805280312,0
True,3.61112731615723,0
True,1.50498181327997,0
True,1.50996496594223,0
True,2.34566550249711,0
True,3.29534697972041,0
True,1.71128283646114,0
True,2.8530767470042,0
True,3.40319943917324,0
True,1.99863386673872,0
True,1.69268542920807,0
True,0.920024930393082,0
True,0.832369717210717,0
True,1.22249093582762,0
True,3.97791914315339,0
True,4.07074836207952,0
True,1.28938217311345,0
True,2.28406206030908,0
True,1.14301543223988,0
True,1.83051987426774,0
True,2.20005316209874,0
True,2.58190091999548,0
True,1.98156698256189,0
True,1.09287784241145,0
True,3.6527111277107,0
True,0.969876699942433,0
True,1.90716581992194,0
True,2.78859209719454,0
True,1.99760372695986,0
True,1.38631942626285,0
True,1.51703567111988,0
True,1.77246107391016,0
True,1.72886480661968,0
True,2.04453074628926,0
True,1.48933298544175,0
True,1.15374431193837,0
True,1.53736214367401,0
True,1.37742487682115,0
True,1.31131814763042,0
True,2.4138572829944,0
True,1.33969083217738,0
True,1.41944308205743,0
True,1.11360448511844,0
True,1.44266100177079,0
True,2.02667564602784,0
True,1.285901640316,0
True,1.76545692399422,0
True,2.28991912664509,0
True,1.51848025431971,0
True,2.67374226392082,0
True,2.40662525873982,0
True,2.24140089384269,0
True,1.88270910234005,0
True,2.37720648753132,0
True,1.84475791976139,0
True,2.37139032672666,0
True,1.9558694335719,0
True,1.67488497802691,0
True,1.69266345619882,0
True,2.23284119089794,0
True,3.53250292786789,0
True,1.65910507234597,0
True,1.53458740243402,0
True,1.63159209238241,0
True,1.21209399426969,0
True,2.71024089267797,0
True,2.48508858410219,0
True,0.859275661520329,0
True,1.15367186805513,0
True,3.65915274669343,0
True,2.059529714365,0
True,2.2057053949406,0
True,1.1114987284786,0
True,1.22106902547806,0
True,1.30104617834333,0
True,2.82470079963581,0
True,2.40273016953399,0
True,3.47296801033104,0
True,2.2502726074347,0
True,2.77946058490456,0
True,1.94353141209989,0
True,1.69086145928684,0
True,1.24257557885971,0
True,1.71665542471033,0
True,2.0807831456578,0
True,2.72798603787305,0
True,1.22014493895428,0
True,2.17699221299071,0
True,2.04166265760636,0
True,1.6770029590354,0
True,1.24334328256754,0
True,3.06955154286009,0
True,1.22123464789778,0
True,0.883334848421805,0
True,1.48895945607983,0
True,1.65362066014143,0
False,1.16053400299958,0.000235689121944525
True,2.03652897925172,0
True,2.07702239916748,0
True,2.21607677162407,0
True,1.11127814523316,0
True,2.63580557744684,0
True,1.78062957219578,0
True,2.5702589134077,0
True,1.96380693701215,0
True,1.31262658448757,0
True,1.84364107486375,0
True,2.37405429686902,0
True,3.98656940071979,0
True,0.937701506660805,0
True,1.0504998908156,0
True,2.62976325521451,0
True,1.8460143226029,0
True,2.90246694299792,0
True,2.56923780791859,0
True,2.53807668826993,0
True,2.14416794770405,0
True,2.12352221223437,0
True,1.38123734430548,0
True,1.03363736769105,0
True,2.02759968747389,0
True,1.63138255665522,0
True,3.44778946998709,0
True,2.21833687796431,0
True,0.806926794984407,0
True,2.15288556211059,0
True,1.8025684152818,0
True,2.56986745377155,0
True,2.22591392311775,0
True,1.82670000547286,0
True,2.58529942276435,0
True,1.27436338746572,0
True,2.9191834157347,0
True,4.56669502734711,0
True,1.79809611591696,0
True,1.50023282358944,0
True,1.60334415041121,0
True,4.0066650139498,0
True,1.88995132473633,0
True,3.47870846299491,0
True,1.88431457849563,0
True,0.978479841079857,0
True,0.939719492837526,0
True,1.15160039890242,0
True,3.22990075727554,0
True,1.98633843309499,0
True,2.05005637704712,0
True,2.51822822449722,0
True,1.93187847384914,0
True,0.874827646429312,0
True,0.95948734507732,0
False,2.5845395708608,0.000131953248642677
True,1.51094934303089,0
True,3.72326164023348,0
True,2.04540396484992,0
True,2.84831372759646,0
True,1.05079994199801,0
True,3.15735802447783,0
True,4.00024976706589,0
True,3.84344279228533,0
True,1.13068599730384,0
True,1.73313640156451,0
True,1.53355329109815,0
True,1.17659799928915,0
True,1.60436560765435,0
True,2.31386344166613,0
True,2.72425438635481,0
True,2.11168128850356,0
True,2.92380315127551,0
True,1.18203252409878,0
True,3.27688404118446,0
True,2.06639680519464,0
True,1.5082962857418,0
True,0.761362085478073,0
True,1.02223383792468,0
True,2.04275962643422,0
True,2.44915951992945,0
True,2.18519998262788,0
True,2.01110166847349,0
True,1.40452803466811,0
True,3.53674232864544,0
True,4.01788911055647,0
True,0.985426035183349,0
True,1.15514293907293,0
True,1.78145404827922,0
True,0.952591938638271,0
True,1.12430583855752,0
True,2.65767683851154,0
True,1.03027274040864,0
True,1.07029038867794,0
True,2.17986508012417,0
True,2.35627854669702,0
True,1.33093033922348,0
True,2.07619359342856,0
True,1.03700557747999,0
True,1.334680977851,0
True,3.37772385683221,0
True,2.08617715262706,0
True,1.83123948914752,0
True,1.69689372268931,0
True,1.84875640034859,0
True,1.85260287286168,0
True,0.912591055888616,0
True,1.96068235223923,0
True,3.84575078837377,0
True,1.53511154640992,0
True,1.05219579232944,0
True,2.12735012846632,0
True,1.69071752520588,0
True,1.80036152414152,0
True,4.28510675056862,0
True,2.60281508529173,0
True,2.9135763276736,0
True,1.03616297885191,0
True,1.56410019964774,0
True,3.44242175321345,0
True,1.47973344115435,0
True,0.87862154574338,0
True,1.20869301681248,0
True,1.23005569295628,0
True,1.22478767384862,0
True,1.15047619833554,0
True,1.32923667957874,0
True,3.18066242714481,0
True,1.22194596200462,0
True,1.62766299972845,0
True,1.49305917889981,0
True,2.04188684538824,0
True,3.50641973226955,0
True,1.23163468103918,0
True,1.10378027142322,0
True,2.30838843996314,0
True,1.49782155080102,0
True,1.37236542003086,0
True,1.60234405248661,0
True,2.19469700578652,0
True,1.45374683325628,0
True,1.91944906447567,0
True,1.36601402442491,0
True,0.796124746428068,0
True,0.920519670666593,0
True,1.1770130778322,0
True,1.67439889391108,0
True,4.18625260271018,0
True,2.88182912766113,0
True,2.14240265669897,0
True,1.70311992289758,0
True,2.07537877012668,0
True,2.6091730348095,0
True,2.82381175372115,0
True,1.63085726520792,0
True,3.34851502573423,0
True,1.4712822688735,0
True,1.40807115205481,0
True,2.22523082490281,0
True,0.892357130909225,0
True,1.55664175943527,0
True,1.72909243499414,0
True,4.37115223911177,0
True,2.11451862069138,0
True,2.08488771421954,0
True,2.08622144595964,0
True,1.78628751017232,0
True,1.8059126057538,0
True,1.26226525429717,0
True,2.01931849416507,0
True,1.57516488278869,0
True,1.48272339423286,0
True,2.91668040579829,0
True,2.69753509547594,0
True,2.57358517293117,0
True,2.06437193700397,0
True,2.46093824955864,0
True,1.68974488482777,0
True,0.693038176761194,0
True,2.4816391533596,0
True,3.44289740835509,0
True,3.98686859288432,0
True,2.65313009368744,0
True,2.45879269356259,0
True,1.31604293810713,0
True,1.61318040772555,0
True,1.60145975892515,0
True,1.59479701178877,0
True,1.71453851562532,0
True,1.89099496782225,0
True,1.2646484998566,0
True,1.97405280516942,0
True,1.29975560957754,0
True,2.93277770043126,0
True,3.15637531748589,0
True,0.960271405453384,0
True,3.41970121409033,0
True,3.29086720961677,0
True,1.10012448587553,0
True,1.4299871021942,0
True,1.39188409273188,0
True,1.43342956071595,0
True,2.87858060374258,0
True,2.14578793282142,0
True,3.0907048676828,0
True,2.0821747018171,0
True,2.61194462796854,0
True,2.44244842027451,0
True,3.06876877931862,0
True,1.63145639415936,0
True,2.38872632385487,0
True,1.81215025448734,0
True,0.965596362979079,0
True,1.62702868743088,0
True,0.776057129135495,0
True,1.37148320250266,0
True,0.483999792394627,0
True,2.84860552060197,0
True,2.77489645827056,0
True,2.66570737317677,0
True,1.50113533444378,0
True,1.42219517909423,0
True,1.38479852612987,0
True,2.22574027278491,0
True,1.95777393542381,0
True,2.6856210661717,0
True,1.37968228304984,0
True,1.42118549876002,0
True,2.16978831966676,0
True,2.54772020881109,0
True,1.41815896596834,0
True,1.40737947596307,0
True,2.37394774648894,0
True,1.69019008362976,0
True,0.843328030008246,0
True,0.852990665064773,0
True,1.13040551275643,0
True,1.55005371646896,0
True,2.07088706201769,0
True,2.35695047597187,0
True,2.73362578238842,0
True,2.98631448756159,0
True,0.640104038873794,0
True,3.13131046954859,0
True,1.08696171189204,0
True,2.2136878449506,0
True,1.99643223759699,0
True,1.71467660235252,0
True,2.05907660274315,0
True,2.81158674098262,0
True,1.13131521038508,0
True,2.77168960142128,0
True,1.63814273292122,0
True,1.45084661237063,0
True,2.91193643714734,0
True,1.6308065504656,0
True,2.08122875269375,0
True,1.71362999400162,0
True,1.17400959535087,0
True,2.04617391908236,0
True,0.988186644722195,0
True,0.678665501476734,0
True,1.73821111865984,0
True,0.722890730935223,0
True,1.52216885830445,0
True,1.58332089627462,0
True,1.27200900923053,0
True,1.07460134446192,0
True,1.30296738545115,0
True,0.892237099885663,0
True,1.98087357140809,0
True,1.24752568480121,0
True,1.31464029395428,0
True,0.730769676987935,0
True,2.26037201170117,0
True,1.42657098373661,0
True,3.32712759134779,0
True,1.39808893449381,0
True,1.84261769039704,0
True,1.04807733039014,0
True,1.06193496019723,0
True,2.73150236472027,0
True,3.0672147579109,0
True,1.98011424376095,0
True,2.57259976551766,0
True,1.92117533257141,0
True,1.43846696092456,0
True,3.34301308454171,0
True,3.27979844290244,0
True,2.65833859828513,0
True,1.32260316033146,0
True,2.83946293465595,0
True,3.05963722629652,0
True,2.61069665690772,0
True,1.7290855184357,0
True,1.82625519733431,0
True,2.46211055014989,0
True,1.11994751872748,0
True,1.99976434589074,0
True,2.5142448164814,0
True,1.52061397490526,0
True,1.09213767161321,0
True,2.12181776961822,0
True,2.30119970969348,0
True,2.37580348075606,0
True,3.26537175126149,0
True,2.54265574927251,0
True,1.36880631282824,0
True,0.87691477104159,0
True,1.49417452714675,0
True,1.0906573177449,0
True,1.44815355819483,0
True,1.58052816974496,0
True,2.47134025676896,0
True,1.6662068372417,0
True,2.63830568706374,0
True,2.36825812497327,0
True,4.29940028824691,0
True,1.527773964696,0
True,1.16347692111262,0
True,2.07960343204348,0
True,2.99835649922894,0
True,3.36867374365467,0
True,1.91754950154064,0
True,1.77628299326624,0
True,1.30007763327,0
True,1.38157119261903,0
True,1.79148655064995,0
True,1.70763908600509,0
True,1.36671993924483,0
True,1.27780487605776,0
True,1.47446673702296,0
True,2.22527646348608,0
True,2.15155074433816,0
True,0.896911306068898,0
True,1.65612869557975,0
True,1.85526787361699,0
True,3.8945662211131,0
True,2.23575529186589,0
True,1.83721032827381,0
True,0.972873877540348,0
True,0.836339455983458,0
True,2.03587852270828,0
True,1.47196687278922,0
True,1.1128474353061,0
True,1.79002237663834,0
True,1.38313561098149,0
True,1.61862222051,0
True,1.52811926678365,0
True,2.08480908913131,0
True,0.972092623638067,0
True,1.71120992910338,0
True,1.96303587268881,0
True,0.507203064309324,0
True,2.04388731720867,0
True,1.46037966599718,0
True,3.17195266573997,0
True,1.60321759548754,0
True,0.744750499135769,0
True,0.724039404687102,0
True,2.06300348101544,0
True,1.99803539041768,0
True,1.01067355624885,0
True,1.47385786998999,0
True,1.34135220745483,0
True,0.586086580854236,0
True,2.00088062020991,0
True,2.0892878412898,0
True,1.95954364265505,0
True,2.57974693652927,0
True,2.22034975896212,0
True,1.73848843116165,0
True,2.10554141048617,0
True,3.19274424673625,0
True,1.26365933399001,0
True,1.33841154813231,0
True,0.748083459743765,0
True,1.58206724639127,0
True,2.3626543625986,0
True,3.37047166638969,0
True,1.85502433027051,0
True,1.33569212995475,0
True,1.58553061043723,0
True,1.84142673570598,0
True,1.75851553095041,0
True,2.11250776558361,0
True,2.70507625568881,0
True,2.69977110275636,0
True,1.20253685425887,0
True,0.990933542838244,0
True,1.64346601692006,0
True,0.789076047184277,0
True,2.48752622347095,0
True,1.26212421568802,0
True,1.18507773626475,0
True,1.72759801483117,0
True,2.37514765629171,0
True,1.55890284195589,0
True,1.60478554231728,0
True,3.13059471617874,0
True,2.51212495534864,0
True,1.28527269578109,0
True,3.40890719114647,0
True,1.63760686768861,0
True,3.20794642763989,0
True,2.42877407252902,0
True,0.638876648092106,0
True,1.08406964503444,0
True,1.08107042171751,0
True,1.13380794161771,0
True,1.18416375841587,0
True,1.21821335226238,0
True,1.45510614602563,0
True,1.19786983296393,0
True,1.57733292942174,0
True,0.924907910789558,0
True,3.93115763932981,0
True,1.23114052431078,0
True,0.861056792962166,0
True,0.919137376665452,0
True,2.00306410851661,0
True,0.778589440077007,0
True,1.39658350858234,0
True,0.980067448650932,0
True,2.58797038919578,0
True,2.91722754050618,0
True,3.80249330359806,0
True,2.40683819844049,0
True,2.40412042703227,0
True,2.88085432245142,0
True,3.53587900648339,0
True,1.35501022816417,0
True,1.07149111713969,0
True,2.51530143432191,0
True,1.63269163481957,0
True,2.82857801327545,0
True,2.63139194711077,0
True,2.48442582494319,0
True,0.980184043816855,0
True,2.8664104061521,0
True,3.53170593946669,0
True,2.30105902110771,0
True,1.71785550400156,0
True,0.64783256503993,0
True,3.88188401030856,0
True,2.46660278022322,0
True,1.31439274633617,0
True,3.43841698279095,0
True,2.0011760844544,0
True,2.15142727645016,0
True,1.6853772640172,0
True,1.59090681611197,0
True,1.59109165367246,0
True,0.960247487444637,0
True,1.36698000385677,0
True,1.20358226255645,0
True,2.79152049725762,0
True,4.2563250189635,0
True,1.53114755101845,0
True,1.59492115216965,0
True,4.07535817559425,0
True,2.55792178605028,0
True,1.53610823196944,0
True,1.8390017134479,0
True,1.2993157665157,0
True,1.22693782346225,0
True,1.11525899763998,0
True,1.98324966703914,0
True,1.64322236407489,0
True,1.0923616988296,0
True,1.20806752400115,0
True,2.57235999817437,0
True,3.36012052979559,0
True,2.2087692357747,0
True,2.45822777421093,0
True,1.26404024818602,0
True,1.39583770821381,0
True,2.90384126947772,0
True,1.98231560776595,0
True,1.75848205959689,0
True,2.93738431082664,0
True,3.70480985704069,0
True,2.32869356314404,0
True,1.62676925037074,0
True,1.78085617631734,0
True,2.42885501586075,0
True,2.01781569229969,0
True,2.51361248958509,0
True,2.38245694427359,0
True,0.718412147048076,0
True,0.584555846946774,0
True,1.0236713182145,0
True,0.855914519011978,0
True,1.38495782614049,0
True,1.11125044037516,0
True,1.60262812236501,0
True,3.00460242520119,0
True,1.95395169765327,0
True,1.24519504913519,0
True,1.41619434264858,0
True,1.10837646306866,0
True,3.62241978396097,0
True,2.19995870449637,0
True,1.12255877805106,0
True,3.88911359800166,0
True,2.10194855838324,0
True,1.46950864960008,0
True,1.68203616524562,0
True,1.13482723656596,0
True,2.67590779423998,0
True,4.00568419659478,0
True,1.12799720950456,0
True,1.41070744866569,0
True,3.44598535294238,0
True,2.36326108885133,0
True,2.23179538938126,0
True,1.40840528804405,0
True,2.53036824792538,0
True,1.29215290941176,0
True,1.1227617658741,0
True,1.64059595189703,0
True,3.5620974042328,0
True,2.80318659381254,0
True,1.65880471667563,0
True,2.89333974708377,0
True,3.12386661766989,0
True,4.08198871578423,0
True,2.36022203299661,0
True,3.33346240181533,0
True,2.03532748136108,0
True,1.19418763657788,0
True,1.24506011446621,0
True,2.32963464306544,0
True,1.5290718731913,0
True,1.81784854798668,0
True,0.961267667722775,0
True,2.07298639878986,0
True,3.11258548991979,0
True,2.60357348487694,0
True,1.33608419679572,0
True,1.96964219668449,0
True,1.64134401824052,0
True,1.50348973240026,0
True,1.94024604370851,0
True,1.59243883308214,0
True,2.73084132855651,0
True,2.49771703179632,0
True,1.02046754456747,0
True,1.47850214971017,0
True,1.31193765015476,0
True,1.64338089493393,0
True,1.16532247736451,0
True,3.03428020365483,0
True,1.94621724917257,0
True,2.16019832275353,0
True,1.39626938135496,0
True,1.7712187328963,0
True,0.903468485644437,0
True,1.23531567216564,0
True,1.56291793815068,0
True,1.60388341796695,0
True,2.47778887460737,0
True,2.60108923678723,0
True,3.53746030103975,0
True,3.67387683520883,0
True,0.845940386999934,0
True,1.32891620492051,0
True,1.0663046026778,0
True,3.01454045096741,0
True,1.30965052798772,0
True,2.21102443841723,0
True,2.98597436264699,0
True,1.78475242020668,0
True,1.65386653838793,0
True,1.44146311557835,0
True,1.10666442560947,0
True,2.01892784334504,0
True,1.10323353027502,0
True,3.28933457756858,0
False,2.25324498663472,0.000118718759482961
True,1.28978159794469,0
True,2.45081500437647,0
True,0.920719517145768,0
True,0.87766213223046,0
True,1.68807678614622,0
True,1.57846590799759,0
True,2.41174550397441,0
True,3.75922705187274,0
True,2.51926001654509,0
True,2.30337752428273,0
True,1.87899848227448,0
True,1.93774892112076,0
True,0.862730147137145,0
True,1.32192257161872,0
True,1.81079312735455,0
True,2.08938440797573,0
True,2.07420756638096,0
True,1.99273374931539,0
True,1.51607178291814,0
True,0.665208509515462,0
True,1.58095697830002,0
True,2.61378420444451,0
True,2.04641677200077,0
True,1.78761213508804,0
True,1.91515593079631,0
True,4.261828545299,0
True,2.73002432720173,0
True,1.71023151526085,0
True,1.38158987827809,0
True,2.46306630892946,0
True,1.77743860622501,0
True,2.24571265236901,0
True,2.49847932473602,0
True,1.10916437894972,0
True,1.47205622616373,0
True,1.89053485519948,0
True,1.85679498770505,0
True,2.67444683129755,0
True,3.13031738146671,0
True,2.35785369624933,0
True,1.74090111971174,0
True,2.57534071207542,0
True,2.59277303547029,0
True,2.48633174103537,0
True,1.13185441610783,0
True,2.8066577316555,0
True,3.6709759714143,0
True,3.12192074118189,0
True,2.17967105589339,0
True,2.2177577600438,0
True,1.05876633449335,0
True,1.53789695543084,0
True,3.36201022713037,0
True,4.34059441700164,0
True,1.98778461221389,0
True,1.8945010178552,0
True,2.03366921842693,0
True,1.98275045841733,0
True,2.30477898981224,0
True,3.45651589491779,0
True,2.05987133879643,0
True,1.03152569661583,0
True,1.40955600669377,0
True,2.83220496909667,0
True,2.67232377314118,0
True,2.15162633501545,0
True,1.77941316316744,0
True,2.60214006184621,0
True,2.51405528586221,0
True,2.35714325796815,0
True,2.20599880154907,0
True,2.5886034805028,0
True,3.20909981320953,0
True,1.47218894811326,0
True,1.68662984428654,0
True,1.71673009326729,0
True,1.30785710630494,0
True,2.88154471791673,0
True,0.387438597310046,0
True,1.54680683800935,0
True,2.36498719872271,0
True,2.09016213837342,0
True,3.1112033806994,0
True,1.36992730270091,0
True,1.032447623677,0
True,2.12646650008165,0
True,1.10167988001705,0
True,1.67531453840702,0
True,1.32795579180738,0
True,2.02193834593069,0
True,2.00547593250875,0
True,1.93169410836093,0
True,2.13940884641267,0
True,2.02153948511537,0
True,2.69304206497388,0
True,1.33703429517859,0
True,1.51895328189924,0
True,2.60919703654208,0
True,2.10589549436539,0
True,0.664930366979234,0
True,3.10960611930105,0
True,1.62819180884794,0
True,2.2244070346104,0
True,1.57141999636793,0
True,2.37699626295262,0
True,2.46479961569729,0
True,2.01297023669176,0
True,2.16348170541693,0
True,2.10607888742298,0
True,1.26185916971737,0
True,1.595731835752,0
True,2.63927579853806,0
True,1.64813777645449,0
True,2.08570407291019,0
True,2.44369311859428,0
True,3.10136897065735,0
True,1.73577731792467,0
True,0.573308243146702,0
True,0.649554726825093,0
True,1.50997887631963,0
True,1.26613229108799,0
True,2.3618276636059,0
True,1.89760444568574,0
True,2.55792797368836,0
True,2.52124790498699,0
True,1.90326035977953,0
True,3.90239090536314,0
True,1.32272703271244,0
True,0.882902911222494,0
True,4.03322228918112,0
True,1.65960349922005,0
True,2.40395019610598,0
True,1.18270301846414,0
False,1.05918337288569,0.000212810272153301
True,3.69669092177286,0
True,3.23449865425481,0
True,2.35441909770468,0
True,2.16555820777239,0
True,1.57254072690684,0
True,1.89238302438155,0
True,1.49950986711137,0
True,0.546482984078532,0
True,1.28813018271235,0
True,0.862890182341549,0
True,3.58959668267094,0
True,3.17559947671727,0
True,1.76285203283058,0
True,1.58969530549438,0
True,1.24057974366047,0
True,3.11872819595637,0
True,3.11884419202271,0
True,2.18316097008762,0
True,1.22050210281951,0
True,1.66045410811165,0
True,1.56308320302255,0
True,1.31719777851644,0
True,1.35955596531107,0
True,0.80286434686254,0
True,1.21262958189849,0
True,2.49834975699344,0
True,1.3848248061892,0
True,1.40567882503124,0
True,2.01230022620963,0
True,2.15020371488081,0
True,1.5396915917797,0
True,0.593034485241347,0
True,3.62286831469147,0
True,1.88234926046199,0
True,1.64657942935325,0
True,1.44610222243702,0
True,2.42081687102033,0
True,0.970307898145874,0
True,0.884583876343316,0
True,1.40194390065089,0
True,2.5647086663951,0
True,1.66780437204426,0
True,3.04451242145805,0
True,0.818451189018839,0
True,2.77760998229907,0
True,2.13116629445137,0
True,0.860388495809553,0
True,3.16434839867695,0
True,1.42713832287768,0
True,1.14851890377524,0
True,3.53752844274677,0
True,0.972338350363791,0
True,1.13846537552432,0
True,1.19292077438616,0
True,1.12517960288393,0
True,1.28386599837302,0
True,1.15978488944224,0
True,2.82832610071869,0
True,1.15793375949825,0
True,1.77548339621563,0
True,2.54715733057841,0
True,2.03325882917934,0
True,1.4284811279624,0
True,2.49236255981604,0
True,1.08285327191467,0
False,1.99808075324308,0.000290833925372985
True,2.56220170342488,0
True,1.74687720639608,0
True,1.84463652408876,0
True,2.26609907881774,0
True,1.18984648948738,0
True,2.0081023233606,0
True,1.07769568338679,0
True,0.992762236361354,0
True,3.08414336898992,0
True,1.86397364334131,0
True,2.78445067330708,0
True,2.63546742336797,0
True,2.34008948436261,0
True,1.82011769881678,0
True,2.91079373423712,0
True,1.08540597813585,0
True,2.91432813181138,0
True,1.14171775771402,0
True,1.56437556711084,0
True,1.48817385665669,0
True,2.5316927151991,0
True,2.09819573239342,0
True,2.03239085550095,0
True,1.25735090110563,0
True,2.2003175117097,0
True,1.79589801725286,0
True,2.46445072624084,0
True,1.67404987367267,0
True,3.03119703920269,0
True,1.86885485622354,0
True,0.867348190354528,0
True,3.12173137751821,0
True,0.746249378193092,0
True,1.2413349116546,0
True,2.27194333822372,0
True,2.70690430903783,0
True,1.4520697338087,0
True,1.35561309604416,0
True,1.33534363148747,0
True,3.00222853267784,0
True,2.03934129432895,0
True,2.52230235190183,0
True,2.1757704636458,0
True,2.57698694416709,0
True,2.50005679845891,0
True,1.96300676174906,0
True,2.69346457823777,0
True,3.86178837841248,0
True,1.01665362083152,0
True,1.58957260013294,0
True,1.20512041616755,0
False,1.83307868711532,0.000893293107817785
True,1.85408407765089,0
True,1.31355935157507,0
True,1.35371891813493,0
True,1.06547909643823,0
True,2.56438487161658,0
True,2.9295031193519,0
True,2.91352982651425,0
True,3.00636096515683,0
True,1.63794762553677,0
True,1.63316983848125,0
True,1.84577374537128,0
True,2.597141735392,0
True,2.58870463592195,0
True,1.31323130157935,0
True,1.89707549485864,0
True,2.48237990684372,0
True,3.53846390247187,0
True,2.79259203203043,0
True,2.0629018365187,0
True,1.66371231418069,0
True,1.04144537097128,0
True,0.72832189747396,0
True,1.59643266339371,0
True,1.39477288767411,0
True,3.41391713130902,0
True,3.33707282411142,0
True,0.998561131693017,0
True,1.809427422334,0
True,2.06821511941115,0
True,1.62062250025545,0
True,1.67252189923463,0
True,1.02010420986555,0
True,1.44971722289815,0
True,0.82920843711791,0
True,1.93281462540625,0
True,2.53312495980802,0
True,1.63316107599469,0
True,0.931136622817802,0
True,2.84357376613604,0
True,1.79404235464697,0
True,2.42737574498815,0
True,2.06957336364772,0
True,2.07553117878628,0
True,1.81494086842741,0
True,3.18077230230935,0
True,2.36380535550309,0
True,1.41093319100781,0
True,0.61870952697813,0
True,2.28805276397618,0
True,1.39171354748257,0
True,1.10104117160001,0
True,1.52662918955444,0
True,1.5123675491516,0
True,0.980889508191988,0
True,1.95518781032742,0
True,1.97117372727878,0
True,2.0058537838255,0
True,0.860770789743727,0
True,1.89364327158936,0
True,1.66984631696351,0
True,1.84018147383058,0
True,1.90114980084503,0
True,3.18931815800454,0
True,2.30802131831456,0
False,3.04128070398944,0.000130941544277497
True,1.0031694321419,0
True,3.39075557453383,0
True,1.48760118560201,0
True,0.94157442551115,0
True,1.6370667542977,0
True,1.92115547092955,0
True,0.995852473143704,0
True,2.68653491982056,0
True,1.26995628514964,0
True,1.54207748611279,0
True,1.74085906017736,0
True,1.25098341913855,0
True,1.60390527388959,0
True,1.9294361204537,0
True,2.67222053252,0
True,1.28293258313847,0
True,1.53430035183226,0
True,2.20425377007848,0
False,2.62271359256796,0.00050741768096952
True,2.11608151323953,0
True,2.4825356930502,0
True,0.859850623147552,0
True,2.28234346940909,0
True,2.32416413477904,0
True,2.35296514775558,0
True,2.12658670008279,0
True,1.82516859872674,0
True,1.45745869201546,0
True,1.19114401397979,0
True,2.27903967590273,0
True,1.00360533809329,0
True,1.16872618767679,0
True,2.62750971000985,0
True,0.89996336335713,0
True,0.980687986568725,0
True,3.27745324372026,0
True,2.90552991059474,0
True,1.40925013315104,0
True,2.4637474695587,0
True,2.80161414158769,0
True,3.57248563211648,0
True,2.90560118079576,0
True,2.19009016931232,0
True,2.031524618461,0
True,1.59333753226473,0
True,1.75796542765019,0
True,1.38913743712533,0
True,2.66606106085437,0
True,3.22068655575939,0
True,1.28296546758661,0
True,1.12214583071149,0
True,3.65721236322693,0
True,1.80838795480439,0
True,1.85090607757929,0
True,2.03103854796222,0
True,2.9239553592082,0
True,1.44018427310405,0
True,2.3912156797199,0
True,2.63871864907314,0
True,3.58301477598798,0
True,1.03787284646184,0
True,3.33256322788709,0
True,1.78543421926695,0
True,1.66609957984042,0
True,3.28226907657936,0
True,2.02930263793721,0
True,1.26641559928818,0
True,1.42906153828464,0
True,1.23852670690336,0
True,2.52338204029664,0
True,1.25833122123191,0
True,0.827893616492952,0
True,1.41271674690101,0
True,2.87319629361142,0
True,2.07373401976294,0
True,2.67452284713477,0
True,3.69957496080158,0
True,2.32762052723422,0
True,1.16038802134901,0
True,1.60152373837039,0
True,2.53871971909576,0
True,4.57247680475284,0
True,2.34555545193406,0
True,1.91186528833885,0
True,1.54108910642464,0
True,1.14948832168519,0
True,1.41715486266422,0
True,1.20621282727547,0
True,1.51963130026963,0
True,1.82765656897671,0
True,2.12781565960726,0
True,3.71180148633936,0
True,1.22991275788925,0
True,2.51231311318393,0
True,1.04031682373718,0
True,1.55676853705845,0
True,1.72978907932488,0
True,1.81469513994195,0
True,1.46433932585291,0
True,1.68710634254013,0
True,1.22623433055888,0
True,2.32792091794336,0
True,1.81133082972705,0
True,1.55776607284012,0
True,0.940169444366689,0
True,0.839583771839018,0
True,0.716665530936156,0
True,1.91442911293373,0
True,1.35868408944483,0
True,3.65304164390217,0
True,1.12371134603314,0
True,2.41588316252786,0
True,1.22410399475827,0
True,2.65038298238159,0
True,2.88997242555254,0
True,1.10862389315327,0
True,2.60973188165061,0
True,3.2868248038215,0
True,2.40459671969883,0
True,1.89260850902289,0
True,1.80449574538313,0
True,4.19277597540547,0
True,0.849751424800961,0
False,3.48838426221216,8.34188564746086E-05
True,1.23528521738294,0
True,0.775189850001912,0
True,1.26766832551837,0
True,2.57405393716802,0
True,2.16579596279474,0
True,0.998510199638277,0
True,3.02226652621044,0
True,4.09558084218108,0
True,1.19167282907099,0
True,0.996422857032544,0
True,2.24728171072853,0
True,2.86128304809465,0
True,1.60095994404003,0
True,1.05486321221245,0
True,1.60196997658458,0
True,2.67885662092619,0
True,2.66878713697742,0
True,1.15100248324316,0
True,1.93028094007451,0
True,2.27923146709671,0
True,0.50917684373948,0
True,1.8556025791123,0
True,1.19168357263133,0
True,1.77143208368857,0
True,1.4187978872151,0
True,2.00443779183725,0
True,1.46142566460854,0
True,2.03616488712165,0
True,1.48938049377909,0
True,2.41665064462602,0
True,1.92930081142896,0
True,0.928425439260891,0
True,1.8345671376601,0
True,0.894032485015716,0
True,2.48732612273803,0
True,1.05302737447019,0
True,2.18455046855708,0
True,1.66715543675874,0
True,3.89294632529716,0
True,1.89629649196367,0
True,2.71590210525882,0
True,1.7012290719986,0
False,1.42025800477931,0.000105687445419705
True,1.48298401832993,0
True,3.90997237523855,0
True,2.19262621202956,0
True,1.49825520076842,0
True,2.25687920843652,0
True,1.20618398385123,0
True,1.52622907631506,0
True,1.01619928872315,0
True,2.00614855884584,0
True,0.886728604177157,0
True,1.52017005613023,0
True,2.22898816213988,0
True,1.26059504110377,0
True,1.99277958368077,0
True,1.91090853209788,0
True,1.87216839284811,0
True,2.39198059467977,0
True,1.22420011223676,0
True,2.74487480051265,0
True,1.86355171173685,0
True,0.874897370656199,0
True,3.37240303519698,0
True,2.05496146008442,0
True,1.37631224712974,0
True,2.66334457048957,0
True,0.950719581812469,0
True,3.66453681596195,0
True,1.85729739812711,0
True,1.68399703929078,0
True,3.57724950978076,0
True,2.19559531918324,0
True,1.53302547381613,0
True,1.81226132187487,0
True,2.15378011498569,0
True,1.15275800835399,0
True,2.22015638476438,0
True,1.04498806207595,0
True,1.30286161556277,0
True,1.62969127213204,0
True,1.61486499436454,0
True,1.14151461243563,0
True,1.23282419561105,0
True,0.75475014654839,0
True,0.539244660512575,0
True,1.76906680245607,0
True,3.13739743574608,0
True,1.97264137963917,0
True,2.26615752909834,0
True,2.59999861333143,0
True,4.12036638703355,0
True,1.93356595897478,0
True,1.34344174576297,0
True,2.34179096953615,0
True,1.96417741836283,0
True,1.29811149733525,0
True,2.14237926091036,0
True,1.85676703269523,0
True,1.09852934352459,0
True,4.06306117907889,0
True,2.62297618542211,0
True,2.66013737611191,0
True,1.45241745744084,0
True,3.39798937081868,0
True,2.67655466303919,0
True,1.6771288062551,0
True,1.32411498873697,0
True,1.17149596101412,0
True,1.78244263224586,0
True,1.05054407497492,0
True,3.671998612424,0
True,0.756985697307776,0
True,1.30436316427626,0
True,1.55257830043143,0
True,2.39985148274293,0
True,1.74337007839911,0
True,1.17936506163084,0
True,1.27058411589579,0
True,2.74923834299975,0
True,1.65380047315368,0
True,2.46394539766872,0
True,2.87467350587436,0
True,1.99828806197247,0
True,2.43114634752063,0
True,2.03546543099873,0
True,1.90827823976744,0
True,1.44511299579891,0
True,1.36324237069431,0
True,2.50309607310393,0
True,1.98413491497101,0
True,1.73046991743058,0
True,1.81177917437045,0
True,1.72592841439937,0
True,1.40771340494111,0
True,2.48108927711995,0
True,1.49746721980036,0
True,1.79582512857531,0
True,2.53477749785598,0
True,1.27613337799636,0
True,1.85084021939468,0
True,1.71638496686307,0
True,1.80001706548676,0
True,1.39425475283788,0
True,1.43579100656946,0
True,1.77029327344471,0
True,2.34457873370647,0
True,2.26824649353612,0
True,1.74632651057905,0
True,2.04789843063584,0
True,1.46808157370093,0
True,1.60155064450007,0
True,2.16712804439081,0
True,0.943459775475311,0
True,1.19449342261755,0
True,2.04716292235237,0
True,2.44803868483617,0
True,3.86227141884305,0
True,3.3887931553268,0
True,3.65250459231139,0
True,0.969112841040078,0
True,1.83337751926453,0
True,1.4665796689647,0
True,1.19435471301229,0
True,2.36102697174342,0
True,1.41234179008622,0
True,2.01460587123482,0
True,1.17818729670264,0
True,1.66697856209992,0
True,0.951707053275158,0
True,3.06633324777996,0
True,1.49081669012025,0
True,1.92092682802332,0
True,3.92558490200794,0
True,4.09449932494302,0
True,0.999554391550387,0
True,3.39104304321561,0
True,2.18120635394406,0
True,2.35771648150571,0
True,1.32282006420029,0
True,0.999326487958463,0
True,2.72628761014131,0
True,3.28164917528695,0
True,2.29360631961046,0
True,3.39893932494897,0
True,1.5060833050086,0
True,1.31819370975974,0
True,1.22142660342076,0
True,1.13423643956344,0
True,1.98260575822412,0
True,1.06202736892068,0
True,0.951116589963301,0
True,1.38587819895774,0
True,1.00124303296652,0
True,1.64246028447945,0
True,2.39529907009913,0
True,2.44998326005127,0
True,1.78066328035465,0
True,2.04909286701163,0
True,4.34882269363318,0
True,2.7515866789516,0
True,2.2862979470067,0
True,0.862812555120701,0
True,1.913389788753,0
True,3.19915957306375,0
True,1.33406221034939,0
True,1.53639712391089,0
True,1.45894226416653,0
True,2.70541602970583,0
True,1.03184929522218,0
True,1.12161644405242,0
True,1.29777034008218,0
True,0.979913896372934,0
True,1.89714533696809,0
True,1.21163956121739,0
True,2.03297598149269,0
True,0.890400035103189,0
True,4.11216332193027,0
True,2.46647575222295,0
True,1.03449030085028,0
True,2.86952245764538,0
True,1.73459976974675,0
True,3.71313708806513,0
True,3.2309672303306,0
True,3.94638136251811,0
True,4.23114971225833,0
True,1.12241686362939,0
True,0.722010716664821,0
True,3.05408615583046,0
True,2.27334048834193,0
True,2.49254235722536,0
True,2.6227899311898,0
True,1.7263984629457,0
True,2.03296215170153,0
True,2.34583473157987,0
True,2.7572242828095,0
True,1.32890159046476,0
True,1.67006406795268,0
True,1.75327294248087,0
True,1.10647199075962,0
True,1.30363794339796,0
True,3.81505188480376,0
True,1.8424489546429,0
True,1.42953492936598,0
True,0.927340782392718,0
True,1.94515510616345,0
True,0.930122211642309,0
True,1.69098821809094,0
True,3.56463038498964,0
True,2.70944435219633,0
True,1.10021968215827,0
True,0.893958590351167,0
True,1.61567297181898,0
True,2.74639159490255,0
True,1.48832265879523,0
True,1.84420304004135,0
True,2.43847365526594,0
True,2.10103669129642,0
True,2.70683425317198,0
True,1.61304268498049,0
True,2.24479942913861,0
True,2.5090485750226,0
True,2.23875804476525,0
True,3.14747829698266,0
True,1.67538827763789,0
True,1.20892919177128,0
True,1.97837888850394,0
True,1.03777884676882,0
True,2.84476403957157,0
True,3.37595890385937,0
True,1.74845216485028,0
True,1.46629038438341,0
True,2.19938983092616,0
True,1.13425258125571,0
True,1.58839771651163,0
True,1.44424343646103,0
True,2.80379497640652,0
True,2.01916188682957,0
True,2.43157044532427,0
True,2.25062334435038,0
True,2.30079764163137,0
True,2.51746957960042,0
True,3.17141302541416,0
True,1.94166063527402,0
True,1.59551310397752,0
False,3.53213114671245,0.00010359083880924
True,1.50306444078499,0
True,1.00850071236002,0
True,1.30677993042784,0
True,4.29983625037384,0
True,1.92849672753639,0
True,1.51250318604643,0
True,2.45594373299045,0
True,1.7528526758196,0
True,2.18061060826466,0
True,1.09707453919143,0
True,1.61757340713189,0
True,0.670654251593825,0
True,2.00507825162404,0
True,1.51736222269459,0
True,1.32575634162152,0
True,0.839560905716915,0
True,2.59991272603695,0
True,3.55373266917464,0
True,1.418930721148,0
True,2.42153465939923,0
True,2.76396420289312,0
True,3.85111879644131,0
True,2.4332256116057,0
True,1.0387618739196,0
True,1.18447614050197,0
True,1.42584220873418,0
True,2.63475620793496,0
True,2.51672919518672,0
True,0.976611386009776,0
True,1.67048008403929,0
True,2.25381704589902,0
True,1.23128042487627,0
True,2.27433883127954,0
True,1.52996122690052,0
True,1.74992710425564,0
True,3.89216543679648,0
True,3.4475847034442,0
True,3.23467061403452,0
True,1.01392217212298,0
False,2.7123641974946,0.000194600007544919
False,2.84004440831255,0.000150216256333402
True,2.90058278220558,0
True,2.64736581191712,0
True,3.25283849958151,0
True,1.36196733256382,0
True,0.502169447944542,0
True,2.10534697257516,0
True,1.98040181304236,0
True,2.52727842450123,0
True,1.58211204276815,0
True,1.64700492755525,0
True,1.31684002266936,0
True,3.259086621267,0
True,3.53354082398701,0
True,1.05536173719349,0
True,1.13935878209098,0
True,2.07412266003159,0
True,1.31245370239518,0
True,0.758502467645598,0
True,1.38826559606402,0
True,1.13799395663611,0
True,0.660119088153127,0
True,1.06979155930466,0
True,1.93950061564473,0
True,1.70209698880982,0
True,2.49837350192075,0
True,1.19836663468616,0
True,0.705653215696052,0
True,1.01604591730712,0
True,1.30959578691025,0
True,1.70685240677307,0
True,3.40825841769662,0
True,2.49614045888805,0
True,2.44948425643611,0
True,2.21347288592228,0
True,3.56441590572002,0
True,0.764835291473655,0
True,3.70120568499889,0
True,0.951984947100232,0
True,1.30138771676288,0
True,1.10932611853224,0
True,1.39100638238375,0
True,3.07810840448152,0
True,1.96503367513596,0
True,1.92270019446128,0
True,2.59363292349484,0
True,1.691105912542,0
True,1.92362095926284,0
True,1.42134761504564,0
True,1.53652457983711,0
True,1.69798161984048,0
True,2.71785617976726,0
True,2.12842282981971,0
True,1.70080536676286,0
True,1.04111621652478,0
True,1.64989380701816,0
True,1.33355231956174,0
True,1.1048800351888,0
True,1.7773828348569,0
True,1.95525358839911,0
True,0.796812445747934,0
True,2.80108382515466,0
True,2.70614035576608,0
True,2.8270617718613,0
True,2.41433857862541,0
True,0.7200686380122,0
True,1.90533668605984,0
True,0.982383256001217,0
True,2.04149035885627,0
True,1.6275820052561,0
True,3.50174294346201,0
True,1.61300602039375,0
True,2.18654635128743,0
True,1.19905091208213,0
True,1.54340301293074,0
True,2.65963684012305,0
True,1.80662317751621,0
True,2.36352120839528,0
True,1.19753308491407,0
True,3.38636487497242,0
True,1.24069947774104,0
True,2.50239948949772,0
True,1.51215551467932,0
True,1.77614392147944,0
True,1.30571464026499,0
True,2.53195178993929,0
True,2.17319176432595,0
True,1.8928424654952,0
True,0.784027201193737,0
True,2.31963930124973,0
True,1.61565917369935,0
True,0.804638817526914,0
True,0.957784369544376,0
True,1.69707377495647,0
True,1.61401533010281,0
True,1.53280794137768,0
True,2.21084550220959,0
True,1.98471899405613,0
True,1.33849494222022,0
True,2.16077285410259,0
True,2.25220582889742,0
True,0.926397959061925,0
True,1.23191106659783,0
True,1.11763655199293,0
True,1.27907500720483,0
True,2.12478335363662,0
True,1.93118573359434,0
True,1.43828312783784,0
True,1.59662057305291,0
True,1.30104105442964,0
True,0.788165938412922,0
True,2.52853368648309,0
True,2.43856938326693,0
True,2.55387378932839,0
True,1.92018569011814,0
True,1.00023354268322,0
True,1.58544733636884,0
True,3.07788380021236,0
True,1.58295504187155,0
True,1.71559198586637,0
True,1.06096721623059,0
True,0.966700772524983,0
True,2.24063880295711,0
True,1.1682837930561,0
True,0.874435404020412,0
True,1.01231358371544,0
True,1.95780835463191,0
True,1.68051437117578,0
True,1.24916767024578,0
True,2.01193168990553,0
True,3.80971285516928,0
True,1.23286349165937,0
True,1.36462791378284,0
True,1.8002244398037,0
True,1.20459805349589,0
True,2.39636777070079,0
True,1.16262301022839,0
True,3.14174170222816,0
True,3.17464508570963,0
True,2.7142068601782,0
True,1.67621738749154,0
True,0.981249962810922,0
True,1.48658317681233,0
True,1.60445652889301,0
True,2.17394265645754,0
True,2.46084599210287,0
True,1.70957017347468,0
True,2.25836346082276,0
True,2.05235067209677,0
True,1.61737949371307,0
True,1.06351684165433,0
True,1.88733232938418,0
True,2.42962661712196,0
True,1.8768512291162,0
True,3.06265412735732,0
True,1.44725335145879,0
True,1.50457032243141,0
True,1.23458158335451,0
True,1.61290096552238,0
True,1.67489921647038,0
True,1.55745003331443,0
True,3.39572548965279,0
True,1.7815195346935,0
True,2.59202307707743,0
True,2.96879870976163,0
True,1.62795819021064,0
True,2.00892696144817,0
True,2.776673994245,0
True,2.50477521910693,0
True,1.22293597020293,0
True,3.83250868743836,0
True,1.82303171178144,0
True,3.00976615683308,0
True,1.19462874580277,0
True,1.34561322877965,0
True,2.23351498181264,0
True,2.4573622253236,0
True,2.19341352505319,0
True,1.58486981392566,0
True,1.01674723359546,0
True,2.15383982002885,0
True,1.1352341923811,0
True,1.28588863473018,0
True,3.99106911239974,0
True,1.97975343089552,0
True,3.28792949714485,0
True,3.62369066321137,0
True,4.14902384586084,0
True,1.9352019884355,0
True,4.30164306903591,0
True,3.874670852589,0
True,4.15638047009553,0
True,2.81421856317217,0
True,1.30094896653189,0
True,2.86809146587013,0
True,1.41214883891133,0
True,2.07046445072036,0
True,1.03437721027515,0
True,2.27036675327044,0
True,1.83561401946399,0
True,2.32809106045129,0
True,3.38433448033222,0
True,2.07411864202204,0
True,2.56002736097158,0
True,1.75788492445962,0
True,1.23894210707003,0
True,1.77832364595205,0
True,1.39129473277086,0
True,1.21713680098958,0
True,2.64116736067114,0
True,1.87588850366092,0
True,1.28570792642925,0
True,1.79634590556234,0
True,2.771504519191,0
True,1.23123399183736,0
True,1.87699280446597,0
True,2.35891943828198,0
True,1.07718518599794,0
True,2.42321219020578,0
True,3.67913116537108,0
True,1.30684664411178,0
True,2.13176855558647,0
True,1.26099665611943,0
True,1.64112265622283,0
True,1.41018324046906,0
True,1.13048424825366,0
True,1.70129528391911,0
True,1.08191829171194,0
True,2.01613219655473,0
True,2.52379585431794,0
True,2.78048105729649,0
True,1.1605153731244,0
False,3.21288689561315,0.000107732193778483
True,2.58405358225141,0
True,2.28191540657706,0
True,1.7265186777731,0
True,1.16149466551373,0
True,1.74869702879011,0
True,1.07013699155253,0
True,2.10646042705205,0
True,1.97623022858694,0
True,1.92980382553053,0
True,2.61416152389005,0
True,1.91814596111347,0
True,2.76049987433146,0
True,2.70473748962267,0
True,2.28835299025993,0
True,2.28776340081085,0
True,0.996284824752707,0
True,1.66004282856435,0
True,1.58675023714742,0
True,1.6402530533194,0
True,1.973039492535,0
True,2.57495650162984,0
True,3.3466917461586,0
True,2.50172037465794,0
True,2.40313731764954,0
True,1.65751630618843,0
True,1.02727094581723,0
True,1.72346061584633,0
True,0.902009775033185,0
True,3.56921839243846,0
True,1.51861984985932,0
True,3.7973054950656,0
True,2.67610231403787,0
True,1.35446045093864,0
True,1.59274458182956,0
True,1.70113056631876,0
True,1.25803463390418,0
True,2.08755507188922,0
True,2.60084793234864,0
True,2.17084975735434,0
True,3.16152639870389,0
True,3.21360726466292,0
True,1.7870489115152,0
True,3.30840218089129,0
True,1.33949894437868,0
True,1.47681727706959,0
True,1.00629655005107,0
True,1.7363671215307,0
True,2.46309205302217,0
True,2.7352315772054,0
True,2.26324712157441,0
True,1.10030246070771,0
True,2.1816100011952,0
True,2.78443317404442,0
True,2.8291488716491,0
True,2.13513717116432,0
True,0.95846127437612,0
True,1.29555269831938,0
True,1.25900375716538,0
True,1.80077827816546,0
True,1.55573805717113,0
True,2.26148551916229,0
True,3.01480688932194,0
True,0.628108401720875,0
True,0.781402177811906,0
True,0.810917764110912,0
True,1.01614920780987,0
True,1.08636861231566,0
True,1.67443271711825,0
True,2.33674060980106,0
True,1.83322140801551,0
True,1.21508377509638,0
True,1.25612828722894,0
True,1.49684618641708,0
True,1.60580461291779,0
True,3.28703218062979,0
True,1.09414293518913,0
True,1.5542577312466,0
True,2.79579016400549,0
True,2.45548329987161,0
True,1.98866593447724,0
True,2.78147237153849,0
True,2.56548514064863,0
True,1.39463956791524,0
True,1.17790954815341,0
True,0.757507384261929,0
True,2.43963679335589,0
True,1.62667124415464,0
True,1.12269580976952,0
True,1.09522573375013,0
True,1.51406533814251,0
True,2.731057303646,0
True,1.87283641105808,0
True,2.70614619954643,0
True,2.65783065927835,0
True,1.87116301965683,0
True,1.66318936192595,0
True,2.47217805328975,0
True,2.57105347557478,0
True,3.12084232761012,0
True,3.75662296781134,0
True,2.29059584202583,0
True,1.09759280779551,0
True,1.3488298398553,0
True,2.23782729793291,0
True,4.29612952762901,0
True,2.62713349964708,0
True,1.33090068945723,0
True,1.65421745396595,0
True,1.34931418308764,0
True,0.97768848970263,0
True,2.5374292617817,0
True,1.63905274622814,0
True,0.888545863205046,0
True,1.80664320003652,0
True,2.35226075775476,0
True,2.73156701089983,0
True,0.889757655741245,0
True,2.85195886267711,0
True,1.80719041005927,0
True,1.10525975703682,0
True,2.80679823999497,0
True,1.2130994741007,0
True,0.756606399508563,0
True,1.5166268162647,0
True,1.47274542122407,0
True,1.74208476780919,0
True,2.08221312693712,0
True,1.43344851022728,0
True,2.12403182268013,0
True,2.0797675140754,0
True,1.58706372525935,0
True,3.8435981797317,0
True,2.31112253914315,0
True,1.67269393674114,0
True,1.87936290331556,0
True,2.36929993504871,0
True,3.30052520671333,0
True,2.5851828316206,0
True,1.28551153518296,0
True,3.81010491626804,0
True,3.2364393790014,0
True,2.42173773423923,0
True,1.10838803227969,0
True,3.10670105566895,0
True,1.1106719109583,0
True,1.67049486931917,0
True,1.24781527241239,0
True,2.13835989356572,0
True,1.61324590821502,0
True,0.7444444151239,0
True,2.55971957621847,0
True,1.98437825860856,0
True,3.20217296572408,0
True,1.66918451644175,0
True,1.22912187920179,0
True,4.45022020893555,0
True,3.03203151209198,0
True,1.86480437587481,0
True,1.81447941918938,0
True,1.1964362395419,0
True,1.9721106862805,0
True,1.2429124395189,0
True,1.3954079188516,0
True,1.24836222931871,0
True,2.05613277220416,0
True,1.23022946092191,0
True,2.60596563774713,0
True,1.78518473965627,0
True,1.07292135511566,0
True,2.12112284177091,0
True,1.43839950217462,0
True,1.47067660526721,0
True,1.09453490613224,0
True,2.01942538519656,0
True,1.64102676534471,0
True,1.10251099211326,0
True,1.52322248509056,0
True,1.83773502862647,0
True,1.00786978318651,0
True,1.61375404251497,0
True,2.58862000628735,0
True,2.19412942511087,0
True,1.59467063556508,0
True,1.51213954266597,0
True,2.55678306913768,0
True,2.78084933962011,0
True,0.873417621999375,0
True,1.77887869560931,0
True,1.87732712059699,0
True,1.98783968334968,0
True,2.89054262125199,0
True,3.26770767227005,0
True,3.17044811452185,0
True,1.32563073275611,0
True,1.56240280128678,0
True,0.909615310247927,0
True,3.57152021750992,0
True,1.78764727621489,0
True,3.45681756057536,0
True,2.66485729355043,0
True,1.65297456425483,0
True,1.43273746435475,0
True,1.9327895983524,0
True,1.83775330042736,0
True,1.23893215770481,0
True,1.53182513464407,0
True,1.90935927209546,0
True,1.96104306806162,0
True,1.84340983417392,0
True,2.26095262345548,0
True,0.950909665299183,0
True,1.7694991992021,0
True,2.62699204129417,0
True,1.27183850661829,0
True,2.26268403584291,0
True,2.49289718416817,0
True,2.17394333515569,0
True,1.03970555881676,0
True,2.50434656331234,0
True,3.02088063398832,0
True,1.40838928984729,0
True,1.84952174913884,0
True,1.0135301872178,0
True,1.17840800724289,0
True,2.0021193220652,0
True,2.28713967572148,0
True,2.50804513423347,0
True,1.67473169175532,0
True,1.51999628048658,0
True,1.42558603959311,0
True,3.17745668953988,0
True,2.23201668154027,0
True,2.32582494482945,0
True,1.56299082870727,0
True,1.2405612502618,0
True,2.03870527998185,0
True,1.0471802057697,0
True,1.20671639910219,0
True,1.38293762662265,0
True,2.07158016929666,0
True,1.57563235161296,0
True,1.78117942446293,0
True,1.77871291768271,0
True,1.86019546909154,0
True,2.20787157069487,0
True,1.97633388134019,0
True,1.15569129619665,0
True,1.52017209871533,0
True,3.9209029013615,0
True,2.7727820508689,0
True,1.8452028373644,0
True,2.50236688501962,0
True,1.60134829340272,0
True,2.36784351667686,0
True,0.845966414232313,0
True,3.28730177318097,0
True,1.89534651803209,0
True,1.46848152797846,0
True,1.10425765809161,0
True,4.31736057972992,0
True,1.33512471720438,0
True,1.30557983940046,0
True,1.32109126010576,0
True,1.04225827890913,0
True,1.93145933105581,0
True,2.11294542068717,0
False,1.38499623251184,0.000135284508892535
True,1.7724113658171,0
True,1.91953767425642,0
True,1.34841748302158,0
True,2.637341223721,0
True,1.91589588433191,0
True,1.38868155203842,0
True,2.26130881023381,0
True,2.04855750427557,0
True,1.96710174026423,0
True,1.50763160112137,0
True,1.38205905486779,0
True,1.33521720909561,0
True,1.55371797922911,0
True,2.97211474226833,0
True,1.31587632698817,0
True,1.58958053120857,0
True,4.54382451943706,0
True,2.2098686364699,0
True,2.28752200578286,0
True,1.90520725705772,0
True,1.08516268466298,0
True,1.72391818006787,0
True,1.98136734126108,0
True,1.56180808973353,0
True,2.92983441751271,0
True,1.35734888889057,0
True,2.24245982277264,0
True,1.82531594559097,0
True,2.03594414204487,0
True,1.88969387836468,0
True,1.48000127297374,0
True,1.98691747084386,0
True,2.5596335256219,0
True,1.35553210608293,0
True,2.65421370898891,0
True,0.994748413656229,0
True,3.03646735274656,0
True,1.52159357489681,0
True,2.41872559056277,0
True,2.7114145359479,0
True,4.43427046116817,0
True,3.64732847849167,0
True,1.29848463585057,0
True,3.59325236535823,0
True,1.49275038680394,0
True,0.56800839354883,0
True,2.28032514946926,0
True,2.8031041334577,0
True,2.86803206066175,0
True,1.47443247850512,0
True,1.38560936755634,0
True,2.66888868530767,0
True,1.15848839219093,0
True,1.40485433103892,0
True,1.88066868569708,0
True,2.71987672755745,0
True,2.33413603799488,0
True,2.00729956759165,0
True,1.42962376871478,0
True,4.23024588080846,0
True,2.30649403687944,0
True,0.940946283691797,0
True,0.793031683945999,0
True,0.825555956745024,0
True,1.29577977106605,0
True,1.2972059650841,0
True,1.63337008816595,0
True,2.68405077985107,0
True,2.87703380656081,0
True,3.03826859500834,0
True,1.06063827352519,0
True,1.67466534634918,0
True,3.28933741943058,0
True,2.33473631480509,0
True,1.48545608729259,0
True,2.7935294560859,0
True,1.96138298881397,0
True,2.07444480413691,0
True,2.4707632039963,0
True,1.0489701754378,0
True,2.31330812820887,0
True,0.881085396910794,0
True,2.32027362920885,0
True,1.05081248180065,0
True,0.97469914546572,0
True,1.3474053792028,0
True,1.59760732201265,0
True,1.43812916372801,0
True,1.74234340506053,0
True,2.20963362014359,0
True,1.72811047107455,0
True,3.01263594565614,0
True,1.57078708710692,0
True,1.31676206192187,0
True,0.869567252085354,0
True,1.49355550333812,0
True,1.92347710995593,0
True,1.47633488245722,0
True,3.5251889043565,0
True,0.599943244536926,0
True,1.10082456442828,0
True,3.60040664810451,0
True,1.27208866227533,0
True,0.802249769966576,0
True,2.70857722058836,0
True,2.51648558404708,0
True,2.87079586897505,0
True,1.28475486953929,0
True,1.98608168087125,0
True,2.60114307006734,0
True,3.06555135720551,0
True,1.86884230285773,0
True,0.663492055027309,0
True,2.84937629483539,0
True,2.13996201595989,0
True,2.88664628399815,0
True,2.07855356838291,0
True,0.793968640870899,0
True,1.08890932211781,0
True,1.15981357798024,0
True,1.68530364427558,0
True,0.444292003131464,0
True,1.02870328518658,0
True,2.17935112152511,0
True,1.13017914884576,0
True,1.52422777332551,0
True,1.70332074444067,0
True,1.40860202846492,0
True,1.21843692637292,0
True,2.66014047274349,0
True,3.32784860446604,0
True,2.70649759590924,0
True,0.567962886397808,0
True,2.44666294242672,0
True,1.67850636314683,0
True,1.26417002343822,0
True,1.98674855996757,0
True,2.11355989705213,0
True,1.5288572013109,0
True,1.45660609120542,0
True,1.01415136226708,0
True,1.50709926507981,0
True,1.52566369074996,0
True,1.2807956083975,0
True,1.88151833773073,0
True,2.11424294034321,0
True,1.78954022354448,0
True,2.00912746551788,0
True,1.92434729698029,0
True,2.14045311084605,0
True,2.330616421234,0
True,1.41207209918971,0
True,0.771243425600628,0
True,1.58838804017492,0
True,1.60088858856328,0
True,2.19810736076697,0
True,1.00930044820975,0
True,2.51702241299451,0
True,1.74087370101365,0
True,3.67494739986991,0
True,3.92693398315871,0
True,4.16453164887051,0
True,4.44116076586031,0
True,4.0923534969545,0
True,0.592589613109833,0
True,2.68505339139584,0
True,1.10465220023412,0
True,3.06680483348068,0
True,4.08792067600496,0
True,2.99105860037116,0
True,0.973595338487561,0
True,1.34019793917155,0
True,1.41309855700658,0
True,0.797773745257457,0
True,1.60885387209951,0
True,1.28817572475118,0
True,2.07777728330727,0
True,1.52409884242471,0
True,1.52691608074954,0
True,1.18065544807232,0
True,1.79990446685091,0
True,1.96249715475655,0
True,1.68601937794206,0
True,1.83223735529289,0
True,1.71639977921797,0
True,1.96454161825427,0
True,1.63760681829865,0
True,1.22754167830109,0
True,1.99730978027362,0
True,1.96518513865024,0
True,3.40928129027861,0
True,3.85503838280267,0
True,4.52420201776937,0
True,3.29342796601026,0
True,1.13534013712242,0
True,2.55959422766844,0
True,1.00732169999407,0
True,1.53895750108413,0
True,1.5499339565109,0
True,1.65026395078354,0
True,1.07727617480109,0
True,2.60485272306034,0
True,1.23014728690178,0
True,1.35312808167723,0
True,0.703609593055055,0
True,2.07223272513767,0
True,4.42424529589499,0
True,1.30889281669475,0
True,0.948432770979883,0
True,1.13578204938318,0
True,1.27138546899955,0
True,2.45149806790727,0
True,3.28177690832491,0
True,2.68612280835622,0
True,1.36689644073337,0
True,1.00311085124511,0
True,2.98904690185407,0
True,3.61174770064633,0
True,3.51768945065593,0
True,2.3365556494469,0
True,0.861300912599255,0
True,2.07262918432389,0
True,2.94904074748184,0
True,1.23434167149816,0
True,1.83834846942881,0
True,1.90483626213019,0
True,1.65054234169676,0
True,3.07090129401453,0
True,2.04654969522706,0
True,1.52534742244663,0
True,2.25890692457972,0
True,3.26170835476604,0
True,1.66430381216714,0
True,2.13019594984203,0
True,1.21897400831967,0
True,1.41662019814573,0
True,1.81392048612497,0
True,1.68707733302992,0
True,2.22786963834516,0
True,1.18333538407377,0
True,1.18355636558671,0
True,1.21741612003648,0
True,2.06755692232175,0
True,0.857155742504188,0
True,2.11653637044119,0
True,2.44261124858674,0
True,2.00031897324707,0
True,2.52758277770617,0
True,2.3227779191592,0
True,1.23266629819181,0
True,1.6065807579014,0
True,1.96982183270919,0
True,1.39822042140731,0
True,1.24286865815025,0
True,1.07853227593957,0
True,1.49410698651003,0
True,1.41776354350425,0
True,0.760637782480474,0
True,2.23091094407858,0
True,1.1102143143055,0
True,1.77191890689817,0
True,3.6810035140487,0
True,1.83713234384534,0
True,2.31957393321257,0
True,4.14999194192419,0
True,2.29662704500356,0
True,3.62440972993267,0
True,3.78516416818969,0
True,1.76661585034008,0
True,2.15583490581625,0
True,4.20782077133049,0
True,3.80016534562159,0
True,0.916718355389865,0
True,0.952475494136438,0
True,2.09788347200932,0
True,3.74615815529023,0
True,1.15721805405187,0
True,0.85161782886579,0
True,1.28866382485284,0
True,2.64278481024955,0
True,0.694210835294911,0
True,1.96851565208202,0
True,1.9553313993821,0
True,1.50443291271058,0
True,0.644047664540929,0
True,2.60535224169994,0
True,2.06373165145345,0
True,1.62248573112514,0
True,1.50787150082126,0
True,2.15360969695443,0
True,1.86054024482703,0
True,1.9717135042465,0
True,1.96046864041452,0
True,1.03669182710113,0
True,2.00262438972693,0
True,1.22124592782066,0
True,1.69886891384938,0
True,4.06520220013396,0
True,1.72650451026194,0
True,1.49901759555655,0
True,2.29961077901103,0
True,2.47565446929915,0
True,1.49084416701325,0
True,1.42402655631357,0
True,1.58517783049598,0
True,2.63412450378604,0
True,1.30477673637672,0
True,2.5431608500134,0
True,1.5192144308223,0
True,1.63159859609119,0
True,2.20411527983608,0
True,1.56659606617113,0
True,1.1420791729664,0
True,1.85374714726329,0
True,2.15632642454693,0
True,2.55207621579231,0
True,1.73500685873434,0
True,1.82276488828899,0
True,2.72743749883779,0
True,1.21977717027812,0
True,1.42985888296065,0
True,1.57288289847111,0
True,3.37054798556463,0
True,2.21290325978828,0
True,1.05759717219236,0
True,2.2474499461979,0
True,1.0038435468204,0
True,1.90238855840567,0
True,1.33263331105205,0
True,1.6116850319291,0
True,1.59608277657619,0
True,1.36257320708664,0
True,2.2783490347279,0
True,2.05486039369092,0
True,0.86177622867642,0
True,1.14494014787605,0
True,2.05198512549983,0
True,1.57035654776887,0
True,2.69137796922338,0
True,2.26863600751918,0
True,1.04519081279827,0
True,2.91979977153726,0
True,3.78854342186153,0
True,0.876649712144219,0
True,1.18917400295409,0
True,1.73414489136836,0
True,2.30144273147607,0
True,2.32774456168103,0
True,0.940088532056236,0
True,3.1617039982949,0
True,2.46176632545913,0
True,0.86730364518357,0
True,1.03647715859335,0
True,2.15004107517581,0
True,2.78498565227542,0
True,1.92178868952929,0
True,2.02613219705429,0
True,1.71986739439266,0
True,2.57084264505717,0
True,2.19409078974576,0
True,2.45842402985031,0
True,1.44887735382047,0
True,2.27522335010073,0
True,1.88642214188143,0
True,1.5685198094771,0
True,3.30580705406752,0
True,2.00340419060627,0
True,1.71023409740461,0
True,1.26786603398483,0
True,1.18265285012467,0
True,1.20474953466137,0
True,1.44687102126759,0
True,2.93468496442405,0
True,0.93777049896571,0
True,2.74411612962798,0
True,1.75481594281742,0
True,3.40941634989677,0
True,4.14657302725742,0
True,1.51680617905077,0
True,1.33935459699901,0
True,2.84713236780851,0
True,3.50095393949249,0
True,1.61060986581217,0
True,1.51056771937128,0
True,2.29197180404573,0
True,1.95022949674064,0
True,1.90559007851699,0
True,1.40127150786186,0
True,1.66822040024867,0
True,1.99638610335814,0
True,4.56472093535804,0
True,2.35709007046637,0
True,1.19173639500483,0
True,2.71963840214975,0
True,0.899990920877503,0
True,2.00589266047817,0
True,2.58970020463252,0
True,2.03457963128427,0
True,3.21354290395823,0
True,1.24576371500588,0
True,3.11025005532395,0
True,1.18223867239174,0
True,2.54575163043972,0
True,2.24151979423067,0
True,1.36369809339149,0
True,1.66319472782277,0
True,1.71876301487858,0
True,1.73101532249979,0
True,0.415851818404777,0
True,0.8081611375828,0
True,1.80608599581959,0
True,1.52376877225191,0
True,1.18478704789227,0
True,2.32328278064404,0
True,2.26535828502414,0
True,3.90037595784054,0
True,4.22812628615312,0
True,1.88970314316733,0
True,3.17460007952825,0
True,1.95662031740085,0
True,1.39493109973785,0
True,2.25036590860176,0
True,1.44046385290209,0
True,1.9291508236723,0
True,1.68133744633092,0
False,3.24386616259043,0.00072324980494788
True,4.12173037713331,0
True,3.37637624010094,0
True,4.01175533926506,0
True,2.25701920634337,0
True,2.5446260973607,0
True,1.71444231436163,0
True,1.00419056414825,0
True,1.63378325095209,0
True,3.09661012331338,0
True,1.73803042909111,0
True,1.59589006141157,0
True,2.05397107345821,0
True,2.39591427080112,0
True,2.11738349196368,0
True,2.60078222698255,0
True,2.10089640368876,0
True,1.85751791743313,0
True,1.77936484076436,0
True,2.86425082790516,0
True,0.885697257563437,0
True,1.28853528291316,0
True,2.14851799829476,0
True,2.55285404142202,0
True,1.87899788303474,0
True,1.26200874929335,0
True,1.69398601836992,0
True,1.17078704186339,0
True,1.11480168768382,0
True,0.646040018512019,0
True,2.48359421357683,0
True,0.935023769198083,0
True,1.67752099381461,0
True,1.48505710412094,0
True,0.782764082499555,0
True,1.34074307713704,0
True,1.00062521680006,0
True,1.16581717955258,0
True,0.942216819942441,0
True,1.49444826006928,0
True,1.71796722689565,0
True,1.29269074814764,0
True,2.34009181562961,0
True,1.22338422851644,0
True,2.18301972201451,0
True,3.17000154415808,0
True,1.63776060196824,0
True,3.36328659830466,0
True,1.44005802429152,0
False,1.25857468965013,0.000233392353072524
True,0.97031194493585,0
True,1.31267234422859,0
True,0.972537427949961,0
True,1.732560321936,0
True,1.24735968563851,0
True,2.5589907624379,0
True,0.873281461967977,0
True,1.22504583941497,0
True,1.97018320498765,0
True,1.52610951019094,0
True,1.21274839180795,0
True,1.63574278674153,0
True,2.01282549470107,0
True,1.47090952193545,0
True,1.55632314370253,0
True,1.5497689561887,0
True,1.10340147134355,0
True,1.58059670923196,0
True,0.511712378462339,0
True,0.961243232680136,0
True,2.42465300901551,0
True,2.75743507164715,0
True,0.840098780263789,0
True,1.29179709704022,0
True,0.88675393167073,0
True,2.3235178716185,0
True,2.77316192297195,0
True,4.30727121707238,0
True,1.59322423014601,0
True,2.44893737738717,0
False,2.58040233226006,0.000176657671403874
True,2.02931697780941,0
True,0.858779241943474,0
True,2.53045939122989,0
True,1.12600328038528,0
True,0.562112187916469,0
True,2.50811662370572,0
True,3.81611310719877,0
True,3.6056765662241,0
True,1.35908189551952,0
True,1.59437969507219,0
True,2.43086931914627,0
True,2.41429947188534,0
True,1.59847657541,0
True,1.13458112814835,0
True,1.16661306695781,0
True,1.0590966521009,0
True,1.31502915366395,0
True,4.03485579368279,0
True,1.66780065037001,0
True,3.47979387852319,0
True,1.96776610503136,0
True,3.57700801511519,0
True,1.54349421708734,0
True,2.02037626651268,0
True,1.75766000283577,0
True,1.40090268758797,0
True,2.27784697659867,0
True,1.17929418229824,0
True,1.21292260149401,0
True,1.90065795521164,0
True,1.80564096522588,0
True,2.01908328174914,0
True,0.993475690456253,0
True,2.76725611046828,0
True,2.50454269029991,0
True,1.55152136478664,0
True,1.34189224118436,0
True,1.36178078703287,0
True,2.23239917411339,0
True,1.88883929065708,0
True,1.15114174396153,0
True,0.923103881903346,0
True,1.91790667395884,0
True,2.88535859326177,0
True,1.61821049489353,0
True,2.07569214667303,0
True,1.89926504295536,0
True,3.56755293013562,0
True,2.26090166645118,0
True,2.06226887398805,0
True,1.51024076849162,0
True,2.70041841382828,0
True,2.20444846058469,0
True,1.41209841507416,0
True,1.77922717554152,0
True,1.43282747275782,0
True,1.54467132858565,0
True,1.44147728292897,0
True,1.65665147934299,0
True,1.74917503511826,0
True,4.28750561095622,0
True,2.03090353904368,0
True,1.81997419234689,0
True,1.22759770031388,0
True,1.10029190443618,0
True,2.20241183672193,0
True,2.61266483881043,0
True,2.06051658063897,0
True,1.89605784421723,0
True,1.07914312701884,0
True,0.769609097541294,0
True,2.57672543249899,0
True,2.2201245641439,0
True,1.78224721509258,0
True,1.49364925331044,0
True,1.31800846677497,0
True,1.90652594281382,0
True,2.84383090703239,0
True,2.22802248810748,0
True,1.66461541534147,0
True,1.80044754651796,0
True,1.30536419917991,0
True,3.10985768383417,0
True,1.90109008512316,0
True,2.28231956184864,0
True,2.74412074566588,0
True,1.38738754145173,0
True,1.24293179620344,0
True,2.53740905576625,0
True,2.03018152601696,0
True,1.9699770915884,0
True,1.13023256009918,0
True,2.59578650028797,0
True,1.49449635307914,0
True,1.85747764566873,0
True,2.69778679194894,0
True,1.56823046937214,0
True,1.67016818564824,0
True,3.79460911939666,0
False,2.7332320179895,0.000628129330936048
True,0.798158705734455,0
True,2.80889008235625,0
True,1.8044167806065,0
True,1.03182656602855,0
True,1.28183151680327,0
True,0.797178722094852,0
True,3.88770259029962,0
True,3.52210425880143,0
True,1.13619057477133,0
True,2.16126848172627,0
True,1.51274859404988,0
True,1.63915188767624,0
True,4.07217426408264,0
True,3.89040682862113,0
True,1.79061819214281,0
True,2.01786044000702,0
True,1.29898629474146,0
True,1.3335550686965,0
True,0.96028514299989,0
True,1.9199418611942,0
True,2.08832575041028,0
True,1.29404707564669,0
True,1.78181366422124,0
True,1.53055374633908,0
True,1.51468834842451,0
True,1.02579054209603,0
True,4.17541731710082,0
True,1.20210215888113,0
True,2.27127768508448,0
True,1.41327947105828,0
True,1.10760282223943,0
True,1.74760799960258,0
True,1.09723602565411,0
True,3.1504147222673,0
True,3.21666278669468,0
True,1.79182574663161,0
True,3.62547043546717,0
True,1.64208577621722,0
True,1.10883951355136,0
True,1.22351743772425,0
True,1.03688049599236,0
True,3.17349026987186,0
True,2.85442216576208,0
True,1.90227221455565,0
True,1.86549352741657,0
True,2.10142473924025,0
True,1.88068126877186,0
True,1.82237019354588,0
True,2.2338107782716,0
True,3.15101733405526,0
True,2.43589531509072,0
True,2.36097893640242,0
True,3.50609132609466,0
True,1.21883181679759,0
True,2.54147359576272,0
True,1.77465167787021,0
True,1.8422527223649,0
True,2.78742193404149,0
True,3.52280532171963,0
True,0.939535858919455,0
True,1.13872126140361,0
True,0.831599847382943,0
True,4.02685373929416,0
True,4.29983774887889,0
True,3.00966213364448,0
True,3.05189149227317,0
True,2.68187721895639,0
True,2.61951995667969,0
True,2.1627490210359,0
True,2.15920816540527,0
True,1.44667041807307,0
True,0.826295044482874,0
True,0.941139436301796,0
True,1.14759578855335,0
True,1.31615403071778,0
True,1.82369138904666,0
True,2.64459065137103,0
True,2.40389685324835,0
True,2.66120585624392,0
True,3.19652265407664,0
True,0.735447506503032,0
True,2.53967110681552,0
True,1.33348691928922,0
True,3.38563358898156,0
True,3.77948965405387,0
True,3.3981986181037,0
True,1.50416702376646,0
True,3.14865782338757,0
True,3.67941359215432,0
True,1.67251492044783,0
True,1.69345391478673,0
True,1.03767666925986,0
True,1.79290334968852,0
True,1.44014192214227,0
True,3.99790923973286,0
True,1.55109902322383,0
True,1.73595957422973,0
True,2.76917489718433,0
True,0.923307451598966,0
True,3.08496738937024,0
True,3.0506426972686,0
True,1.72597087647052,0
True,2.39063487749846,0
True,2.27829809005044,0
True,1.00647845694348,0
True,1.91827799788303,0
True,1.71592457647667,0
True,1.39835277433345,0
True,1.09140042462392,0
True,1.48545857978782,0
True,2.26855385389445,0
True,1.28918774301053,0
True,2.3736013056928,0
True,1.06813529243068,0
True,1.57487976732686,0
True,2.36233573979183,0
True,0.332137768838267,0
True,1.11105955711109,0
True,2.65905853981436,0
True,0.833634886854612,0
True,1.76855491881726,0
True,2.41468652569202,0
True,2.47966293477724,0
True,1.74356547361177,0
True,0.830508629143534,0
True,2.40914338875217,0
True,4.27152798514573,0
True,1.20044135526951,0
True,2.78128722026637,0
True,1.39423038502835,0
True,0.866247320596332,0
True,1.56132424371888,0
True,1.21075237712671,0
True,1.16170499811532,0
True,2.43964087765493,0
True,2.47036006572079,0
True,2.61815578291394,0
True,2.99462405715578,0
True,2.14885386359834,0
True,1.67479001861922,0
False,1.77238963837592,0.00040053835828634
True,2.39494708180783,0
True,2.24874407375415,0
True,1.67922062393983,0
True,1.72879090193861,0
True,1.41018922506825,0
True,1.71781293950901,0
True,1.69397062081214,0
True,4.01572079588917,0
True,1.02122966403503,0
True,2.04059739708139,0
True,2.32162231187239,0
True,2.91200071829534,0
True,3.5142725697003,0
True,3.37611027557029,0
True,3.70478575209331,0
True,3.63385946629001,0
True,2.09184205323102,0
True,1.28280086384566,0
True,1.74299797924151,0
True,2.6820299088401,0
True,2.71857942688987,0
True,2.4151333158841,0
True,1.47429396444084,0
True,3.36234297940128,0
True,1.96916693445449,0
True,1.42227800176971,0
True,1.95109549983385,0
True,1.59954292611335,0
True,0.83771101336242,0
True,1.31274380236365,0
True,1.76610618892284,0
True,3.05553395775006,0
True,1.79235566610268,0
True,1.73526006835902,0
True,2.27293462664389,0
True,2.46982030339344,0
True,0.65899139769784,0
True,1.36185043614363,0
True,1.86089899965896,0
True,1.44531406989923,0
True,3.55579454708852,0
True,1.70643991205507,0
True,1.91514322123076,0
True,3.43332297298981,0
True,2.30465774111943,0
True,2.36642223622937,0
True,2.13411232300063,0
True,1.62970609244035,0
True,1.48195384176956,0
True,1.24507136536583,0
True,1.3555327492407,0
True,1.14836517133845,0
True,1.92832298031138,0
True,1.65267819186431,0
True,3.5710086166417,0
True,2.98325002770881,0
True,2.68010733819156,0
True,0.704305801000323,0
True,2.04707137867917,0
True,2.76241644597548,0
True,2.30851599142434,0
True,1.68817677950155,0
True,1.7043950051249,0
True,2.54488560199945,0
True,2.87957730149323,0
True,2.90802360140969,0
True,2.12733974520796,0
True,1.07609533880704,0
True,1.33398710608116,0
True,2.36783897128588,0
True,2.10179299069989,0
True,0.688155377944019,0
True,1.89397818827641,0
True,1.10272855065813,0
True,3.45817067121294,0
True,1.88793227793449,0
True,1.27910869909782,0
True,1.65592702242485,0
True,1.21184846325731,0
True,3.39860278358617,0
True,2.73268050132955,0
True,1.5445518636727,0
True,2.80604598635726,0
True,2.5090290065501,0
True,1.75070148688078,0
True,2.10534176858997,0
True,1.94623377958963,0
True,0.956150895552591,0
True,1.85661960763256,0
True,1.84766855022693,0
True,1.58042733552419,0
True,1.17930793061421,0
True,1.10533530692842,0
True,1.46825577573916,0
True,2.45211861968917,0
True,3.64092513379982,0
True,1.72779739585641,0
True,1.21193250830524,0
True,2.38743962942943,0
True,1.76513558654359,0
True,2.92113842767563,0
True,2.31615743274166,0
True,1.40429559042648,0
True,0.859750263360646,0
True,3.07461550139928,0
True,1.55901980625829,0
True,1.09984809998661,0
True,1.73534467573728,0
True,0.383147011147667,0
True,1.95295418730993,0
True,2.03712580179434,0
True,4.01777484665558,0
True,2.00216196147869,0
True,2.42658261273995,0
True,1.42131946082994,0
True,1.30548120168493,0
True,2.9456054338918,0
True,2.10215588099287,0
True,1.50481519114829,0
True,2.0574566385017,0
True,2.22931457279384,0
True,1.5786358517016,0
True,2.26852949528167,0
True,3.77824160504639,0
True,2.64502438687112,0
True,0.625954473824705,0
True,2.19665578102058,0
True,0.931485770357563,0
True,1.21488210443657,0
True,1.65760077836712,0
True,2.6687220273985,0
True,1.39742418129181,0
True,3.83091107756167,0
True,0.91267666799833,0
True,1.60679420841931,0
True,0.846435692250021,0
True,2.93118047467765,0
True,2.39555138198389,0
True,2.19068796396369,0
True,1.93655069532172,0
True,1.8885345343064,0
True,2.20596534351982,0
True,1.66776988129979,0
True,2.8477132716613,0
True,1.1886496878963,0
True,1.3419374065254,0
True,1.04899642847672,0
True,1.85876808253408,0
True,0.648388591668227,0
True,1.48915817985711,0
True,2.53513674177166,0
True,1.23137609868947,0
True,1.62413368105868,0
True,1.21581123149056,0
True,1.22226356563156,0
True,2.94472612935644,0
True,1.91876417124209,0
True,2.97832694916521,0
True,1.03849128288359,0
True,0.774841740199664,0
True,0.847549527207895,0
True,1.12829460527058,0
True,2.80856356544143,0
True,1.29114718761178,0
True,1.48237939831959,0
True,1.4968291798742,0
True,2.31476498747952,0
True,1.56444575387227,0
True,1.32035941392231,0
True,1.52923684111079,0
True,1.86766821087893,0
True,1.56716729416459,0
True,1.28517536089305,0
True,1.51468046711401,0
True,2.80116140171332,0
True,1.11441427335422,0
True,1.82291539834517,0
True,2.50599031164658,0
True,1.14189958003731,0
True,3.3994037454664,0
True,3.49130832269714,0
True,1.9322594937597,0
True,3.2173155468205,0
True,3.33974383628196,0
True,1.71866582925694,0
True,1.30911243108931,0
True,3.3742129166772,0
False,2.17073427279585,0.000138208634562607
True,1.59695102330905,0
True,1.10456825573583,0
True,2.21474966732723,0
True,1.29621622659003,0
True,1.65115065234728,0
True,2.61745088869236,0
True,2.97261531435608,0
True,1.4479221515889,0
True,1.3802994132924,0
True,1.83401751138845,0
True,1.15444969443041,0
True,1.78425381602389,0
True,1.10630156293486,0
True,1.49084012270211,0
True,2.23648360503726,0
True,1.73237064838488,0
True,1.47687394832177,0
True,1.81600667372704,0
True,1.316238804417,0
True,2.00325898429569,0
True,1.60495665907137,0
True,1.44675266208527,0
True,2.16608078149105,0
True,3.82939795779271,0
True,2.75426355211735,0
True,0.966033009415801,0
True,1.14752092038174,0
True,0.932337976195891,0
True,1.19410705560455,0
True,1.5370093383012,0
True,2.05078815745397,0
True,1.01537784633188,0
True,1.19072886157077,0
True,2.05284071052663,0
True,1.62650146929935,0
True,1.07882963188711,0
True,0.899253690459511,0
True,1.43638662025653,0
True,1.28397533956682,0
True,3.39357839047983,0
True,0.729226751283012,0
True,3.85615763180382,0
True,1.92640282550604,0
True,3.91558797729178,0
True,3.83219225487464,0
True,1.87685431926526,0
True,1.86527921459061,0
True,1.06558616413387,0
True,1.56624132851218,0
True,1.79742213257201,0
True,1.83221693332694,0
True,3.16461399077102,0
True,4.68106401602651,0
True,1.16335755978875,0
True,2.87672286723539,0
True,3.60801773928625,0
True,4.07981288555197,0
True,1.06308246786687,0
True,0.853402565568277,0
True,0.742875974770317,0
True,2.25437775989742,0
True,1.41266170294199,0
True,1.37282817333336,0
True,2.47142439207164,0
True,1.64272489146708,0
True,1.90905660382638,0
True,2.87190327911657,0
True,2.87882876488933,0
True,1.79436292670628,0
True,3.02202434071299,0
True,1.70184427242002,0
True,2.16251832630538,0
True,1.73239001707654,0
True,2.32361388954569,0
True,2.5214435386261,0
True,1.96879641514238,0
True,1.77542077485509,0
True,1.83719210804051,0
True,1.29809767087906,0
True,1.70444976635546,0
True,1.46970072661434,0
True,0.936379691475544,0
True,2.11273986162163,0
True,3.54580531234423,0
True,4.42242420553522,0
True,2.04955568946938,0
True,1.27592663501926,0
True,2.09651152119866,0
True,2.03517005434141,0
True,2.134147563055,0
True,1.06558337864959,0
True,2.83240213943148,0
True,1.99663054445872,0
True,2.01093435600956,0
True,1.31422395187539,0
True,1.28417915110421,0
True,1.44683575606515,0
True,1.40843579421651,0
True,1.69466685647191,0
True,1.2546090671618,0
True,1.3986030537956,0
True,0.720659771237248,0
True,1.92325340334882,0
True,1.70375252885375,0
True,2.15665004327682,0
True,2.17099571798125,0
True,0.758568460681566,0
True,2.47210863824496,0
True,2.81528805929936,0
True,1.25242216147624,0
True,1.83406088076687,0
True,1.15999002285755,0
True,2.20725281763772,0
True,1.49317237111888,0
True,2.2614729134735,0
True,1.51669654960907,0
True,0.79698996727956,0
True,1.24506260254526,0
True,1.33846371716893,0
True,1.51131315927968,0
True,2.35857542783618,0
True,1.65680483869122,0
True,0.969063613138777,0
True,2.52681198626865,0
True,2.52540256930896,0
True,1.25987806244373,0
True,2.43425668846497,0
True,3.1400575083367,0
True,3.56585612484937,0
True,4.24742509917593,0
True,1.55711883417854,0
True,0.707471882322621,0
True,1.53135992795918,0
True,2.17241872000995,0
True,1.82716682136188,0
True,2.88249276565981,0
True,1.246075824016,0
True,2.49936177817242,0
True,1.41762874049216,0
True,2.3027734874493,0
True,2.97135972841662,0
True,2.14189769281657,0
True,3.46596184619027,0
True,4.2759481790993,0
True,0.811848016407521,0
True,3.63744189813893,0
True,2.84027084852684,0
True,2.11803717332619,0
True,1.1425360717882,0
True,1.28898773929454,0
True,1.80712035226105,0
True,1.56423210214503,0
True,4.0717604589388,0
True,3.60233374635729,0
True,3.63625874482407,0
True,1.71549220464929,0
True,2.27949474137064,0
True,2.56928812630168,0
True,2.432383794977,0
True,1.96235367777122,0
True,1.3946975301313,0
True,1.55817694345089,0
True,1.86825366167186,0
True,1.75753402923535,0
True,0.91590692736143,0
True,2.94840268483789,0
True,2.54251010203044,0
True,3.51122337854025,0
True,2.31379768752337,0
True,2.03346577343743,0
True,1.21619133424139,0
True,2.44131445605612,0
True,2.15307786951605,0
True,1.12526851706133,0
True,3.74806685858335,0
True,1.94404624002165,0
True,1.16697740550262,0
True,1.94254123645717,0
True,1.63352574666378,0
True,2.5595979961548,0
True,2.01873929205539,0
True,1.2694867680405,0
True,0.95174513709575,0
True,2.30355637163178,0
True,2.24948017529224,0
True,2.9197552273664,0
True,1.59403344772353,0
True,2.80315189187945,0
True,3.10674342689737,0
True,1.53220126020999,0
True,3.16159822578855,0
True,2.00773981342454,0
True,2.78402244980267,0
True,1.38376232179463,0
True,0.914901625781785,0
True,1.27649277326305,0
True,4.18911702171483,0
True,1.72802619234742,0
True,3.50603751923161,0
True,2.09828989098424,0
True,0.773132758836745,0
True,1.38090890769633,0
True,3.33276940992179,0
True,1.14012425999805,0
True,3.19754161125166,0
True,1.83106124629405,0
True,1.85231044941382,0
True,1.72580328788075,0
True,1.85492379751348,0
True,1.69176268861136,0
True,2.63813629045136,0
True,2.81007802193076,0
True,1.05639107919567,0
True,1.87844202348271,0
True,1.64701703178917,0
True,2.067716474509,0
True,1.61856867225146,0
True,2.75082589829437,0
True,4.27534971689766,0
True,1.28326493485688,0
True,2.68667455851093,0
True,1.63520073631828,0
True,3.36451340433083,0
True,1.93581833035547,0
True,3.0188038584451,0
True,1.79054404252045,0
True,3.34889226851778,0
True,2.82802652161053,0
True,2.86827024838469,0
True,2.28020193785567,0
True,2.19741774064194,0
True,2.90500930266508,0
True,1.55450510780448,0
True,0.938259392490733,0
True,2.04777621361416,0
True,1.39155704899522,0
True,1.72205731618174,0
True,2.64722075155994,0
True,1.19507648597723,0
True,0.975892128614074,0
True,1.75516855370497,0
True,1.6785327564084,0
True,2.21860458137148,0
True,1.12367188781836,0
True,0.584799474093003,0
True,2.33017521155827,0
True,2.205163458049,0
True,2.0827148934798,0
True,2.06595218168691,0
True,1.7863818397419,0
True,4.22644259353084,0
True,1.99974203534042,0
True,2.70913317039464,0
True,2.34652804170333,0
True,1.23173629473258,0
True,1.39761700798594,0
True,1.1987594284047,0
True,0.710698406446533,0
True,3.22534314504444,0
True,1.55291729568349,0
True,1.71913685521505,0
True,1.68320137832354,0
True,1.34868637102118,0
True,1.55638362430825,0
True,1.6844866798052,0
True,1.76977840206427,0
True,2.38562678668714,0
True,1.92796462963463,0
True,0.968901604378719,0
True,1.60411851166676,0
True,4.0224586842922,0
True,2.53147234313678,0
True,2.4519951400057,0
True,2.0712756497806,0
True,2.50513946122155,0
True,1.58178406933678,0
True,1.84137633716837,0
True,2.67702555945,0
True,2.89830274131874,0
True,1.82204138251806,0
True,2.39072526740036,0
True,0.812924437401956,0
True,2.093354384365,0
True,1.39005556736964,0
True,1.69010124869123,0
True,1.99750656639302,0
True,1.02910280231996,0
True,2.73726982974617,0
True,0.836511150033627,0
True,2.51979095703293,0
True,3.02012780657762,0
True,2.59492369542011,0
True,1.08517715130637,0
True,2.19466232030918,0
True,1.0197791758002,0
True,1.56771942368092,0
True,1.16764927578915,0
True,3.01333239754576,0
True,2.1002925582033,0
True,1.41869379331683,0
True,2.18898086386462,0
True,0.883837319747285,0
True,3.94986833191415,0
True,1.05361938975366,0
True,2.23502336837517,0
True,1.27312493236191,0
True,2.70712144734336,0
True,1.85406192773985,0
True,1.40275086744639,0
True,2.19333627833966,0
True,1.53198580686791,0
True,3.41858844300393,0
True,4.14516164069584,0
True,3.65289349736506,0
True,1.50459418364011,0
True,1.57094887615185,0
True,1.32136875976749,0
True,2.05528863517249,0
True,1.99002249511279,0
True,1.97246833357703,0
True,1.96137982814646,0
True,2.05569461468744,0
True,2.13883519570916,0
True,1.31425189375832,0
True,2.20762611174828,0
True,0.995538129336461,0
True,1.35112289003599,0
True,2.23681392360586,0
True,0.885552832649732,0
True,2.75899674166107,0
True,1.38386646232113,0
False,2.20672622377685,0.000395965841288468
True,2.29668513243492,0
True,3.107056200159,0
True,1.54155304665347,0
True,1.0217910752449,0
True,1.53499420242723,0
True,1.36758663868789,0
True,3.29154907159448,0
True,0.925519044684791,0
True,1.45604365149231,0
True,1.57709321184808,0
True,1.30788323780991,0
True,1.0475790722322,0
True,1.21949517975013,0
True,2.02202920010205,0
True,3.34016326798668,0
True,2.46526011336875,0
True,1.78382910586433,0
True,1.81081757788468,0
True,1.4518292775455,0
True,2.16863562188636,0
True,0.853184068885832,0
True,1.73023301814461,0
True,2.56825599850433,0
True,1.70069400317213,0
True,3.87543128877298,0
True,0.718082199654496,0
True,2.32691441766021,0
True,1.30499373155538,0
True,1.15163170179432,0
True,4.30056953101028,0
True,2.00434087297605,0
True,1.43584497601195,0
True,2.86954569993249,0
True,3.14516897603106,0
True,1.78263355822193,0
True,2.15184745298202,0
True,1.86396201118014,0
True,2.74659129560131,0
True,3.23037985593737,0
True,0.602602921728666,0
True,2.48337202326359,0
True,1.55504181312639,0
True,1.62643377994992,0
True,2.56598841327402,0
True,0.898790385195399,0
True,2.17599827704468,0
True,2.89908197852235,0
True,2.13792513567566,0
True,1.97667649746835,0
True,1.54964361640966,0
True,0.976330663842027,0
True,1.25553746412413,0
True,1.91159210193217,0
True,2.19305324300653,0
True,2.64081431113631,0
True,1.50480961739224,0
True,2.15370939675728,0
True,1.60815708042137,0
True,1.99994580507538,0
True,1.74695946007691,0
True,1.24735165841838,0
True,2.3800949476846,0
True,1.75926224139506,0
True,1.3397696187374,0
False,2.24209489640283,0.000134400332300846
True,2.48073153546019,0
True,2.34578972936095,0
True,1.6984881119083,0
True,1.10651612200382,0
True,1.68090545225005,0
True,1.82472076602849,0
True,1.19935225492172,0
True,1.7140615496719,0
True,2.28898170972074,0
True,1.17809523719737,0
True,1.9008263692168,0
True,2.20626482005117,0
True,1.71753100559631,0
True,2.75430528440732,0
True,0.852957436875944,0
True,1.28444878509814,0
True,0.914254881320595,0
True,4.10036343034658,0
True,3.4508240602454,0
True,1.06524987739217,0
True,1.71799689344327,0
True,4.08583230302933,0
True,3.04105196043098,0
True,1.87342413050321,0
True,1.9077904602891,0
True,1.79693412289205,0
False,2.80224677643277,0.000622261560595156
True,3.15270268550679,0
True,2.04531525322751,0
True,1.72708249531112,0
True,1.02960265853544,0
True,3.03467623593001,0
True,2.20092124165375,0
True,1.13761560012102,0
True,2.21379482811832,0
True,1.17618898855496,0
True,1.42186733305446,0
True,1.66618341927731,0
True,2.53028256605177,0
True,2.54829407668177,0
True,3.10725783453586,0
True,0.901530757923967,0
True,0.470061022301139,0
True,1.4337468856488,0
True,1.89355503459949,0
True,1.62434854356439,0
True,1.53702535879981,0
True,2.63380802259726,0
True,2.46504312951852,0
True,1.06909226818902,0
True,2.43559357854675,0
True,4.13372355098366,0
True,2.4909087664766,0
True,1.44920744540026,0
True,2.75126481800571,0
True,0.895442912046814,0
True,0.685713135533094,0
True,2.13453823725435,0
True,1.84951942924822,0
True,0.871935811088134,0
True,3.53546607582403,0
True,2.66925390423794,0
True,2.10503024844788,0
True,2.68133415065215,0
True,4.28090299301632,0
True,1.92143563640664,0
True,1.35870033026082,0
True,1.93474275355821,0
True,4.21063135514908,0
True,1.7286618346304,0
True,1.65156013853724,0
True,2.80447642845396,0
True,3.06036416692023,0
True,2.84201208269634,0
True,1.28205769391546,0
True,2.0797976818123,0
True,1.03360334132018,0
True,1.40799751117125,0
True,1.99786224825409,0
True,2.81483246877486,0
True,2.29255729642411,0
True,1.65337210997201,0
True,0.861262351097526,0
True,2.24309347503339,0
True,2.09067767465847,0
True,1.00983968414989,0
True,1.5514961323284,0
True,0.899292583673142,0
True,1.49981352583665,0
True,2.24788821825871,0
True,1.93525694512489,0
True,3.07912277103813,0
True,1.28546848899942,0
True,2.33384244663362,0
True,1.59322645517613,0
True,1.36062532815607,0
True,1.23612353556317,0
True,2.01738221071531,0
True,1.81157311462957,0
True,2.28140459713331,0
True,1.621096547554,0
True,0.963501416534723,0
True,1.093867407291,0
True,0.71118709749534,0
True,1.76576252549975,0
True,2.25960450837351,0
True,1.23572305961699,0
True,3.28642373365871,0
True,3.78649770401305,0
True,3.83505612750857,0
True,2.30274867983325,0
True,1.30132500873844,0
True,1.08436595814596,0
True,1.40037764795637,0
True,1.54363099149791,0
True,1.58527716020663,0
True,2.79344295518816,0
False,1.44003787013056,0.000709001971393907
True,1.4561366877939,0
True,2.80863360497034,0
True,1.12673726764957,0
True,0.890368713475719,0
True,0.661330027115113,0
True,1.72602166305597,0
True,1.43460586462588,0
True,1.55093541893658,0
True,1.04642303810613,0
True,3.38102448417509,0
True,1.12468498351672,0
True,1.65338288842473,0
True,2.10906919180589,0
True,2.96341878675071,0
True,1.17347536355966,0
True,2.34500418105056,0
True,3.24205205063377,0
True,2.3901328284084,0
True,2.14853196504888,0
True,1.51434165966349,0
True,1.10874590900814,0
True,2.32007111145285,0
True,1.07848490427278,0
True,1.50546569093274,0
True,2.26337819266811,0
True,2.7231106216066,0
True,2.21723608757595,0
True,1.96550868308011,0
True,3.22483932820533,0
True,1.82083465381089,0
True,4.20743038539824,0
False,4.62618483959213,0.00145897825404075
True,3.81634944158465,0
True,2.61066682585226,0
True,2.17151025905635,0
True,0.486586729235878,0
True,2.90607638365556,0
True,2.54217085422496,0
True,1.26977913390758,0
True,1.89238775627991,0
True,3.8521026858473,0
True,1.6059356530155,0
True,1.54173328760098,0
True,1.92746712157186,0
True,2.10880926238859,0
True,3.23026855389666,0
True,0.888618170661491,0
True,1.12610310026668,0
True,2.15090076723381,0
True,2.07192728379502,0
True,1.40368765060791,0
True,1.74683085637697,0
True,1.6035496922989,0
True,1.01168673451388,0
True,4.15002332304094,0
True,2.7754225197834,0
True,1.37935037985408,0
True,1.67821130029673,0
True,1.39311894047511,0
True,1.93869825235609,0
True,1.70902101280795,0
True,2.18891516209896,0
True,2.45047547649994,0
True,1.18757321421998,0
True,2.72077362330681,0
True,1.89690046417351,0
True,2.0634998012142,0
True,3.05396504253234,0
True,2.4150416808571,0
True,1.56430395053887,0
True,2.6632894451332,0
True,1.77146676492457,0
True,1.37121264162783,0
True,1.4036970412197,0
True,2.13607835447385,0
True,2.33500848118859,0
True,1.40526669106819,0
True,2.87817587462905,0
True,4.61382901891332,0
True,1.6387262336926,0
True,2.08414978140418,0
True,2.76365999215924,0
True,1.40757349789548,0
True,2.28708042027969,0
True,0.93464557342156,0
True,3.44906471437309,0
True,3.6812949805583,0
True,1.97600415876062,0
True,1.43366876268967,0
True,1.76528322743489,0
True,1.32588906271883,0
True,2.42738895066011,0
True,2.1828523291889,0
True,3.84919030094523,0
True,3.8453901953718,0
True,1.19948846565339,0
True,1.00401159456903,0
True,3.60848953753592,0
True,3.92260936365278,0
True,0.76687268350145,0
True,3.7378884825486,0
True,0.916710460717183,0
True,1.93040491684649,0
True,1.48273653730802,0
True,1.7449253964922,0
True,1.79604247725716,0
True,2.39034885429749,0
True,1.330483243653,0
True,1.2422086471003,0
True,1.57513221695853,0
True,1.25639990541717,0
True,2.6122439679308,0
True,2.08849964722677,0
True,1.79308765991696,0
True,1.65708095056325,0
True,2.08187363731723,0
True,2.66413436243992,0
True,1.44062154335002,0
True,1.53521226605017,0
True,4.00402062430602,0
True,2.73020923118628,0
True,1.39708639529581,0
True,1.82641455965945,0
True,0.616286532083491,0
True,1.75309455481676,0
True,1.36276352206961,0
True,1.88082144125493,0
True,2.47216894956307,0
True,3.50705950677873,0
True,1.61391647260235,0
True,2.14240533732833,0
True,2.67439178009709,0
True,1.13342374563293,0
True,1.57852813194887,0
True,1.96676644426658,0
True,2.52003358932646,0
True,1.52928388750747,0
True,2.40470156009261,0
True,1.84345522904464,0
True,0.862755860515335,0
True,2.99278004622128,0
True,0.864855436122782,0
True,2.06667608453408,0
True,3.09132500828103,0
True,1.96002796103044,0
True,1.6837545954127,0
True,1.52437250243258,0
True,3.31846768266489,0
True,2.50997199676822,0
True,2.56444935507842,0
True,1.91606040747621,0
True,2.14037568443346,0
True,2.0034803990476,0
True,1.99731967521702,0
True,3.42641729314031,0
True,3.98468399305549,0
True,3.11804147818846,0
True,2.70519394548289,0
True,2.26651728911837,0
True,3.06617085650046,0
True,3.24582752170162,0
True,3.45308264194399,0
True,1.01276358239331,0
True,3.82253346440556,0
True,1.58002306831786,0
True,2.97930985182626,0
True,2.51966496529335,0
True,1.99091784286251,0
True,2.9990051156101,0
True,2.98349402824936,0
True,1.08413700214621,0
True,0.815468707917545,0
True,1.994654394887,0
True,2.29241949286804,0
True,1.49965629029666,0
True,0.489676886508666,0
True,1.35314163315117,0
True,2.34392382562747,0
True,1.80100540110008,0
True,1.37502522861215,0
True,0.938638232707112,0
True,0.964992682612537,0
True,1.64874515696232,0
True,1.10728054019813,0
True,1.15531152747283,0
True,1.43763704456912,0
True,1.54954008642188,0
True,2.71167034485091,0
True,3.76526166295305,0
True,3.12372443950842,0
True,1.3530691608033,0
True,1.62723150832762,0
True,2.18878146807924,0
True,1.35233081299118,0
True,1.34079708595409,0
True,0.830673680206105,0
True,1.63443812331863,0
True,1.09044818357127,0
True,1.17822321899972,0
True,1.04610692069892,0
True,1.02182469691403,0
True,1.70903500811908,0
True,2.02162603778425,0
True,0.668485929496106,0
True,1.14976305743829,0
True,4.25611518863915,0
True,1.42014761240324,0
True,1.76800278894609,0
True,1.13691866371839,0
True,1.65570332113921,0
True,2.04962068313123,0
True,1.63625781155041,0
True,1.08393579344859,0
False,2.5796633043275,0.000256742412749416
True,2.50224286166462,0
True,1.26023257291269,0
True,1.77011972857284,0
True,1.64618611041103,0
True,3.53146666049797,0
True,4.12014895685104,0
True,2.8805925295792,0
True,1.58353052458793,0
True,1.58797112711745,0
True,1.84383601146372,0
True,0.779621772219153,0
True,1.40825844282355,0
True,3.10393082287057,0
True,2.56214751230356,0
True,2.81288732570677,0
True,1.28431897044628,0
True,2.3442132888997,0
True,2.371241475541,0
True,1.70276629813508,0
True,0.854875915607803,0
True,2.66645860711246,0
True,2.42704136158711,0
True,1.2254814540245,0
True,2.9367152045066,0
True,1.71041381808746,0
True,3.35844372707633,0
True,3.53751899284047,0
True,1.41946508704471,0
True,1.37880473113792,0
True,1.67740204779893,0
True,3.92411870026182,0
True,1.02844904343243,0
True,2.94047657145676,0
True,1.54186499691696,0
True,3.8500375697031,0
True,1.68383730234034,0
True,1.28956185044262,0
True,1.82462187996896,0
True,2.50172059063788,0
True,2.21107818974023,0
True,1.05600069827585,0
True,0.962217525923766,0
True,1.64072560187839,0
True,1.86655007609821,0
True,1.47578934517297,0
True,1.91250804268693,0
True,3.20242375790645,0
True,1.58987728336923,0
True,1.22692045603997,0
True,2.23360557700592,0
True,1.66102246020932,0
True,1.38466759148779,0
True,1.30484818897835,0
True,0.90600811634089,0
True,3.2314808927205,0
True,1.08534816525875,0
True,1.76136834582085,0
True,1.01412772190999,0
True,1.25906542755421,0
True,1.27530760439174,0
True,3.42078924792713,0
True,2.18326350860894,0
True,4.29840035962343,0
True,1.13867345701948,0
True,2.23592573483562,0
True,3.73836243526845,0
True,3.17304898912583,0
True,1.85423655796233,0
True,2.10127276642367,0
True,3.08843746003026,0
True,2.35804399346206,0
True,3.55400986876172,0
True,3.55373007260508,0
True,3.31747005969924,0
True,3.43544987523793,0
True,1.54405618921857,0
True,2.7480253113482,0
True,1.08161472040293,0
True,0.745465441255505,0
True,1.53360491269896,0
True,2.64432118514185,0
True,0.800175499826571,0
True,2.64640755141001,0
True,2.36008348685742,0
True,2.41463143411601,0
True,1.77640761526935,0
True,0.944137029375357,0
True,2.35737093480872,0
True,2.07725372546625,0
True,1.59491954366048,0
True,1.89270822644163,0
True,0.96733321533117,0
True,2.24115169011451,0
True,1.97752944406589,0
True,1.97617333342063,0
True,1.10227040528201,0
True,1.08888925698399,0
True,1.52523151003348,0
True,1.93200046280397,0
True,1.84317511418537,0
True,0.873704756064996,0
True,1.11814710152793,0
True,3.51657504238209,0
True,4.11631298228728,0
True,0.873173289146075,0
True,2.04723128665635,0
True,2.12971260624369,0
True,2.13606237963081,0
True,0.908451008571634,0
True,2.83052351720795,0
True,3.45917237792737,0
True,1.42474017180668,0
True,2.30676133451725,0
True,1.88500787580843,0
True,1.87485537861836,0
True,2.01538570792516,0
True,2.53854049784559,0
True,4.31554558675039,0
True,2.38954438420551,0
True,2.0707097768279,0
True,1.46077136082889,0
True,2.41412773761498,0
True,1.85756489931302,0
True,2.91636882918989,0
True,1.96596973705199,0
True,0.959688621012426,0
True,2.19695951525005,0
True,0.880567338472141,0
True,2.67864106584325,0
True,1.34260604375092,0
True,1.12642552457607,0
True,2.265150105792,0
True,3.3270648210175,0
True,3.78499132613079,0
True,2.04801080721277,0
True,4.08864310372011,0
True,3.31058870529739,0
True,2.46990457085269,0
True,2.40614151204267,0
True,1.90598657306003,0
True,2.07087505173668,0
True,2.33082070974217,0
True,3.84171377610215,0
True,2.49318854126821,0
True,1.12304755578847,0
True,1.2023859711779,0
True,2.2687983363854,0
True,3.48619909475945,0
True,3.98887468305872,0
True,0.995052692682942,0
True,1.48296717685813,0
True,1.39998644217766,0
True,0.986988119946097,0
True,2.17050248284088,0
True,1.56729108204084,0
True,2.47550350594545,0
True,1.0794119671345,0
True,1.12718792779391,0
True,3.73198276402995,0
True,2.34528130896928,0
True,2.6399866895648,0
True,1.19003624792315,0
True,1.7347664285778,0
True,1.43751538933356,0
True,1.82347095175153,0
True,1.67116337023988,0
True,1.33859915423168,0
True,1.82859437749959,0
True,2.51732920521895,0
True,1.15576541906975,0
True,2.01778150007759,0
True,1.92903409490699,0
True,1.15227432205494,0
True,2.08095537217801,0
True,1.58480189478536,0
True,2.94685681119012,0
True,3.59518635592121,0
True,1.89341477435701,0
True,1.98018138646787,0
True,2.08845427648019,0
True,2.43785055629558,0
True,0.79447451500523,0
True,1.24615982402421,0
True,1.04135079236499,0
True,1.67580782005014,0
True,1.52021455612221,0
True,1.66137191546882,0
True,2.03377098120387,0
True,2.18003612227024,0
True,1.56491766403071,0
True,1.24069883555356,0
True,2.13020298370466,0
True,2.23676719204808,0
True,1.20535747364075,0
True,1.11409858687621,0
True,2.34766671784999,0
True,2.95957535400905,0
True,0.887813531061566,0
True,1.32442814442331,0
True,1.45605411683733,0
True,1.78074207815887,0
True,1.80382841910721,0
True,2.28268521668452,0
True,4.34453768567192,0
True,4.11146504375246,0
True,2.41023330626861,0
True,1.54607478719078,0
True,0.282395172229879,0
True,3.32356342977763,0
True,1.56228660708722,0
True,2.81280153650623,0
True,1.41084661516822,0
True,1.05075713009988,0
True,0.964158775270536,0
True,1.16695606706904,0
True,2.25764834102728,0
True,2.20376005665855,0
True,1.77780589631226,0
True,1.43681004257555,0
True,1.75577702633154,0
True,2.39641825757295,0
True,3.81193201183459,0
True,2.50411934144711,0
True,2.51861137477384,0
True,1.33590700735187,0
True,1.43147012580542,0
True,1.564110698647,0
True,2.14350319882838,0
True,2.23035243037603,0
True,2.4211815756558,0
True,2.78689044677675,0
True,1.48233568137216,0
True,2.12052694674681,0
True,1.07382257102714,0
True,1.68522192316472,0
True,4.03942215061747,0
True,2.7808738602587,0
True,2.77700918294376,0
True,2.41140947029402,0
True,1.63324286756505,0
True,1.37924335465622,0
True,2.02252407374877,0
True,1.43791920623881,0
True,3.005895209224,0
True,3.19145606774146,0
True,2.02651997556722,0
True,1.34541365333271,0
True,2.39578126426653,0
True,2.70932646991008,0
True,3.04137656403443,0
True,2.34380419650765,0
False,2.97538038977368,0.000170977719222195
True,3.19234887866899,0
False,2.86099756639525,0.000843993123705781
True,3.3370508356324,0
True,1.54006510448966,0
True,1.60547997044705,0
True,0.715549341140183,0
True,1.39380834464501,0
True,1.42703398291084,0
True,1.56604627210792,0
True,2.87046571053443,0
True,1.36263980116715,0
True,2.0415103157166,0
True,3.34392835563265,0
True,2.4769687778308,0
True,1.01417504583734,0
True,1.28445403811567,0
True,1.28482116169883,0
True,1.31271889527053,0
True,3.33148959378391,0
True,0.823934554418174,0
False,1.73732773032445,0.000180131238424893
True,3.88480437941306,0
True,2.82299027152962,0
True,1.08703517576128,0
True,1.30331061924978,0
True,2.37656973756318,0
True,0.836050052172637,0
True,2.31269371088149,0
True,3.00659217404647,0
True,3.5523060880275,0
True,1.94495480703041,0
True,2.21016042834777,0
True,1.16866311014449,0
True,3.7157056761659,0
True,1.83384016736894,0
True,1.14202990393941,0
True,2.18783215664507,0
True,1.30564476089891,0
True,1.8633656153252,0
True,2.22888981838417,0
True,2.60114592168214,0
True,2.45341044907734,0
True,1.74754373779064,0
True,2.41875784120392,0
True,2.39315656674288,0
True,1.03019171444854,0
True,1.73069206222092,0
True,3.27330042143478,0
True,1.30387315330004,0
True,4.28250395859272,0
True,1.96909987953368,0
True,0.930905097541806,0
True,1.41073437337304,0
True,1.36041008656485,0
True,1.43066840826769,0
True,2.49482251337647,0
True,1.47553591274398,0
True,1.44558397235738,0
True,1.51565141230231,0
True,2.17826963534757,0
True,2.30746444437646,0
True,2.27117306084831,0
True,1.63605913917156,0
True,2.03432508178304,0
True,2.5530634610077,0
True,1.65542013614837,0
True,0.829864773138959,0
True,3.30206186018343,0
True,1.87845096597657,0
True,2.22875266153863,0
True,2.16119930549248,0
True,1.67797912766839,0
True,2.3523867941326,0
True,3.41787723780496,0
True,1.42429566043848,0
True,1.74404143454143,0
True,2.17011876661077,0
True,4.35700328613203,0
True,1.76489213518538,0
True,2.82116655276159,0
True,1.52909145655295,0
True,4.04956102416577,0
True,3.44651790253808,0
True,1.37329328500348,0
True,1.70507283727347,0
True,1.02134393923973,0
True,1.99352421867379,0
True,2.90316423149779,0
True,1.34357375140413,0
True,2.85531301183057,0
True,2.84709625104387,0
True,2.04486428950865,0
True,0.835238037054518,0
True,1.13482250886218,0
True,3.18908983699494,0
True,2.06722975348727,0
True,1.45361158903478,0
True,0.999248153969341,0
True,3.44221875661703,0
True,1.33986704613241,0
True,0.922134075246535,0
True,3.51355440356165,0
True,2.3088363593496,0
True,3.29156128271058,0
True,1.31009347393139,0
True,1.61494386964884,0
True,3.14417537658476,0
True,1.18895001532479,0
True,2.31800207800059,0
True,3.46158554902062,0
True,1.78591430532669,0
True,2.21544858912324,0
True,1.80848715135597,0
True,0.864909511272375,0
True,1.92690654702446,0
True,1.27975061730182,0
True,1.04850691874298,0
True,1.65464299273032,0
True,2.1711973770708,0
True,1.41559452986108,0
True,1.97441651802281,0
True,1.68126751003241,0
True,3.43492064836427,0
True,1.62899517693679,0
True,1.9624332044062,0
True,2.38325872806435,0
True,0.598120143966176,0
True,3.91690272396176,0
True,3.59607668444279,0
True,2.48389335367673,0
True,1.43781352799271,0
True,1.22796113622917,0
True,2.67186804138765,0
True,2.68912031002407,0
True,1.42353427531729,0
True,1.15252082028154,0
True,1.66181579047526,0
True,1.41940147788476,0
True,1.34707604908633,0
True,1.37925069935291,0
True,1.38188838069947,0
True,1.55937561711894,0
True,1.12520742461761,0
True,2.56421271589659,0
True,1.13228739071189,0
True,0.987657075019703,0
True,1.89542276282358,0
True,1.33347808420131,0
True,1.6478291628821,0
True,0.919445043155722,0
False,2.4220788464907,0.000547123399115111
True,1.33640179886871,0
True,1.77377675472244,0
True,2.66416216714542,0
True,2.23573526980579,0
True,1.78224342428579,0
True,3.33947696319721,0
True,2.05829840345897,0
True,1.78162252357913,0
True,2.03257363377723,0
True,1.52088554545226,0
True,1.86919165652851,0
True,3.57702365017842,0
True,3.35343169036872,0
True,1.23540004474573,0
True,1.39293072423755,0
True,1.16885321807716,0
True,1.40081422013209,0
True,1.40204157722328,0
True,0.948650301509515,0
True,2.05744149411358,0
True,2.85941424879613,0
True,1.23452421557087,0
True,1.00095705502929,0
True,1.27821665156623,0
True,1.66699696850795,0
True,1.24965167547289,0
True,0.974862588220472,0
True,2.61324288854275,0
True,2.16317995570422,0
True,1.60475371475194,0
True,1.12652150043873,0
True,1.74011013016681,0
True,2.14623544261785,0
True,2.59934511764933,0
True,0.936865517871363,0
True,1.08833919744359,0
True,2.77677968100078,0
True,2.67744270545691,0
True,2.8288964425784,0
True,2.51769609806411,0
True,3.32408188891986,0
True,2.11498273969786,0
True,1.43764552592533,0
True,1.18025215820222,0
True,2.080937909469,0
True,1.53973902805903,0
True,0.784855222231818,0
True,1.17799789745054,0
True,1.03459960901428,0
True,3.34683281107737,0
True,1.42693830123194,0
True,1.3459809981158,0
True,0.986417316083774,0
True,0.556096388196764,0
True,1.37277014369787,0
True,1.69432142297068,0
True,1.63590376436161,0
True,1.60359636667608,0
True,1.40535360431879,0
True,1.05595643080599,0
True,1.43397105912775,0
True,2.24901184562463,0
True,2.71722778818576,0
True,2.24323244773481,0
True,2.56592477225218,0
True,3.77306460561435,0
True,1.66861178440631,0
True,2.32110823733598,0
True,2.26556666766305,0
True,1.51645222211161,0
True,1.16652922619073,0
True,2.5157958977331,0
True,1.34093586051233,0
True,1.58247061584767,0
True,1.7338732727858,0
True,1.24701618544572,0
True,1.06437249353041,0
True,0.884099804357293,0
True,0.966327470984414,0
True,3.23537622454642,0
True,2.87922836732968,0
True,1.96413890750767,0
True,1.61321569672076,0
True,1.14960473558493,0
True,1.37389814945512,0
True,1.89647430296505,0
True,1.77831517267313,0
True,1.57292924072283,0
True,2.57590007247791,0
True,3.27921266239068,0
True,4.4984329665523,0
True,4.50776582012439,0
True,3.85170630635667,0
True,3.94872865170144,0
True,3.22231798908481,0
True,1.31285111815195,0
True,1.78662219274064,0
True,1.450217916289,0
True,1.33959936177705,0
True,1.83516340141641,0
True,1.29406877161898,0
True,1.30209014477328,0
True,1.81231394643713,0
True,1.70524358698039,0
True,3.43876567892445,0
True,3.78520170656729,0
True,0.836838262156931,0
True,2.15774809485446,0
True,2.98632468029413,0
True,1.75218342233376,0
True,1.93331860622434,0
True,0.776437307566411,0
True,0.848700202433749,0
True,0.877212880849176,0
True,0.951833338451494,0
True,0.941256708787903,0
True,1.33559018366565,0
True,1.60539708730026,0
True,1.55464473736502,0
True,1.68557962978937,0
True,1.02976036367966,0
True,1.1370335068186,0
True,1.71083037288572,0
True,2.41385382354764,0
True,2.40408239633189,0
True,0.913627496120254,0
True,4.28888689629431,0
True,3.18989744042473,0
True,1.11421841696046,0
True,1.44145599178917,0
True,1.79918398689124,0
True,3.68741795302534,0
True,3.75996007168585,0
True,1.54300192101444,0
True,2.36496535303362,0
True,3.69050750747174,0
True,2.60030728455379,0
True,1.01889072913883,0
True,1.33919058398234,0
True,1.66278982433279,0
True,0.999748324698981,0
True,2.84946979489077,0
True,2.35322822820815,0
True,1.78378368307923,0
True,1.2090499318996,0
True,1.59544223672213,0
True,0.949515207262521,0
True,3.52867840595486,0
True,3.6119582037103,0
True,3.07096776001546,0
True,1.13924111021087,0
True,0.891997451924275,0
True,0.844808362675475,0
True,2.74797906772459,0
True,2.22057150950391,0
True,2.68777971154119,0
True,3.39280581492049,0
True,1.38774296531127,0
True,1.11080465696664,0
True,2.60385978007307,0
True,2.13993877420544,0
True,2.64769191058128,0
True,2.03111599771841,0
True,2.9666874184569,0
True,2.71842570660356,0
True,1.43978707915962,0
False,2.46558138167318,0.000328816103368713
True,2.57139546509928,0
True,1.73363934761077,0
True,1.48836176622204,0
True,3.2673116858302,0
True,1.68666637663089,0
True,1.29594210298692,0
True,3.48043631988866,0
True,0.929881460914963,0
True,1.46365231516136,0
True,1.69083918805718,0
True,1.80000145986419,0
True,2.39280054442773,0
True,3.88892327799299,0
True,3.4095974171384,0
True,4.26503440103579,0
True,2.47995217547635,0
True,1.94624886735169,0
True,2.1272374579216,0
True,2.82904468607485,0
True,2.26125716469212,0
True,0.7596149435137,0
True,1.71733988818333,0
True,1.15336593774459,0
True,2.39817447253554,0
True,1.44856429506968,0
True,2.20926891382656,0
True,1.4624603111954,0
True,1.99153374652324,0
True,1.19714231892925,0
True,2.4763493003743,0
True,2.53727926159308,0
True,2.07846472786654,0
True,1.61708853181025,0
True,2.22186363064851,0
True,1.18292783365987,0
True,1.04495864367339,0
True,1.19848374373697,0
True,2.17552078373034,0
True,1.57561355688236,0
True,1.33340138188842,0
True,1.21199293926229,0
True,1.59694560815247,0
True,1.1344524654837,0
True,1.86599115957735,0
True,1.17358106346386,0
True,2.9729497785991,0
True,1.62677797906319,0
True,0.626058074797849,0
True,0.941449761928347,0
True,2.90098314625095,0
True,1.19318504395061,0
True,4.1463647460611,0
True,2.86378854649171,0
True,2.40952773217941,0
True,1.38810110168171,0
True,3.03447089191685,0
True,1.59688274154724,0
True,1.07165134065637,0
True,2.39568347790074,0
True,0.748376294717631,0
True,1.32527826254607,0
True,2.48773049686158,0
True,2.7475478835167,0
True,1.64704972894952,0
True,1.14488531297359,0
True,1.29635235518373,0
True,1.64619303193808,0
True,1.65476390957014,0
True,1.47297868244178,0
True,2.32197301965112,0
True,1.81052226573263,0
True,2.32729182603522,0
True,2.73957513130936,0
True,2.0355069946696,0
True,1.27015347896262,0
True,3.51793340306281,0
True,1.99919550641924,0
True,2.57910093118676,0
True,1.49470879701921,0
True,1.12771778461893,0
True,1.41212908746613,0
True,0.759360471388773,0
True,1.13582491803533,0
True,1.89411435738334,0
True,1.56785760945928,0
True,3.35171749973862,0
True,0.97420783924509,0
True,1.04314124461902,0
True,1.9162802993448,0
True,3.10501176372392,0
True,2.3778574563347,0
True,2.51141744318454,0
True,2.57600988802125,0
True,1.9512932983926,0
True,1.42457328359685,0
True,3.9242770809619,0
True,2.05766051332459,0
True,3.933899384673,0
True,3.61211221531821,0
True,3.50289394149804,0
True,4.53940901727052,0
True,2.10286445918072,0
True,1.84572235459742,0
True,2.62187876746023,0
True,2.57249499549811,0
True,1.61640279693107,0
True,1.79217612348125,0
True,1.14835000636611,0
True,1.96536627137811,0
True,0.926181415335464,0
True,1.48355299321437,0
True,2.5117182220443,0
True,1.91227000755078,0
True,1.47068794585703,0
True,1.27633991101847,0
True,2.27065351775139,0
True,3.7638391284411,0
True,1.62496909520377,0
True,3.27588533078257,0
True,2.43753261265194,0
True,2.05824803840523,0
True,1.73671862196988,0
True,0.631309410705324,0
True,2.62470358124273,0
True,2.51850859766475,0
True,1.48271539193509,0
True,1.12548927152563,0
True,1.44136836058907,0
True,2.39422827838502,0
True,1.11797450836533,0
True,1.67948194371804,0
True,1.54746631681138,0
True,2.51123505141699,0
True,0.614656245333441,0
True,3.76945884132862,0
True,2.61502848447962,0
True,2.80858476902352,0
True,3.9897250282655,0
True,1.63431111714174,0
True,3.64736748355242,0
True,2.93774145947107,0
True,2.11672011547901,0
True,1.88647892380216,0
True,2.18021697799942,0
True,0.679251717845982,0
True,1.47747786580142,0
True,1.46819640184612,0
True,2.89130982718325,0
True,0.593101087600455,0
True,1.91794434373229,0
True,3.46844824469429,0
True,1.23084453223737,0
True,0.623828612727362,0
True,1.02269443932187,0
True,1.53316207268238,0
True,2.6416936693699,0
True,2.54746103580384,0
True,1.97253855744941,0
True,1.36144486796082,0
True,1.70907321049993,0
True,1.51260500962263,0
True,1.04309598070134,0
True,0.854794563492818,0
True,1.43318436472026,0
True,2.31188223559325,0
True,1.48196768247109,0
True,1.76308169482156,0
True,2.48386324722201,0
True,3.03537683117592,0
True,1.82990542927475,0
True,1.85079689315798,0
True,3.3444670181777,0
True,1.51690985114795,0
True,0.927450195238771,0
True,1.23451519921998,0
True,0.651648814475589,0
True,2.08287975382473,0
True,1.73085303242774,0
True,2.6962195155686,0
True,2.75087326933495,0
True,2.73144654747837,0
False,2.13281248040257,0.000197465906454553
True,2.23329524560424,0
True,2.24435722672025,0
True,4.69683676707151,0
True,1.85195424952633,0
True,1.66270753143092,0
True,1.49095622424319,0
True,1.25375203881492,0
True,1.90101038306746,0
True,2.65119490333379,0
True,1.02913289499031,0
True,2.87360393108866,0
True,1.46885718519232,0
True,1.84841455137532,0
True,2.18993388562735,0
True,2.29138020799525,0
True,1.15447764647961,0
True,0.865700514197462,0
True,2.2341018778593,0
True,1.80448342787147,0
True,1.56724410439086,0
True,3.1086183319266,0
True,2.55077985786873,0
True,1.90283130033967,0
True,0.761619170862127,0
True,2.56159503022794,0
True,1.91428884101609,0
True,1.11920896640026,0
True,3.78779599163485,0
True,2.68474335678708,0
True,1.85361201268213,0
True,3.21726543942624,0
True,0.890834564876325,0
True,1.37870159040677,0
True,2.12659979921377,0
True,2.6602005862973,0
True,1.39577906387065,0
True,1.57410447307136,0
True,1.76808687865568,0
True,4.2934256037108,0
True,2.61663049637981,0
True,2.17188103043193,0
True,1.36158015032974,0
True,1.20751990504493,0
True,2.39711821075857,0
True,2.48210392669695,0
True,1.38473111714482,0
True,1.65339777463477,0
True,1.88467111820996,0
True,1.26317152722036,0
True,3.46423872837863,0
True,0.797724346068541,0
True,1.68386765679357,0
True,0.804109418772376,0
True,1.14354936446433,0
True,2.55860598795215,0
True,1.03663303839212,0
True,1.03676419941301,0
True,2.00602433764619,0
True,0.860164983681542,0
True,1.37426828935095,0
True,1.32913578452411,0
True,3.30729648015376,0
True,1.55491033902166,0
True,1.61354960278819,0
True,1.21408272383506,0
True,2.38685530175987,0
True,1.74916310045902,0
True,1.24153823541477,0
True,1.90097853388675,0
True,2.67823097699447,0
True,2.54407504695058,0
True,2.22017522216268,0
True,3.8628515299813,0
True,1.72337120524701,0
True,1.92887592012362,0
True,1.55493282908488,0
True,1.47390648968872,0
True,2.04300405837453,0
True,2.66400965500366,0
True,2.46450452942465,0
True,1.47116357202675,0
True,1.73833555721075,0
True,1.80137579960782,0
True,2.34787933549346,0
True,0.775072653574852,0
True,3.61046884802724,0
True,2.15549780379212,0
True,1.85546434515125,0
True,2.48521715589399,0
True,4.15141053872749,0
True,2.40385735310907,0
True,1.2631985606423,0
True,4.03204275034825,0
True,1.77234218752015,0
True,2.22151110889239,0
True,1.39772871849558,0
True,2.00466987277704,0
True,2.84262962716962,0
True,2.04067956132135,0
True,1.56304256691066,0
True,2.70276802512732,0
True,3.24309251109905,0
True,2.78694931630317,0
True,1.71260475098945,0
True,2.07263469584327,0
True,1.19908182206224,0
True,1.03576625515542,0
True,2.17265340884869,0
True,3.99074022791922,0
True,3.20189105808696,0
True,1.65463263290342,0
True,0.747869011871251,0
True,2.65085147108248,0
True,3.20091527727024,0
True,1.39841852894825,0
True,1.34525001973317,0
True,1.4176328262321,0
True,1.21627440865168,0
True,2.21975524922373,0
True,1.11920130413962,0
True,1.28966619348915,0
True,1.65259936810048,0
True,1.10808944773034,0
True,1.99876291785977,0
True,1.89459162416802,0
True,1.27886770455801,0
True,2.53966839878611,0
True,1.43198623726873,0
True,1.9683232407319,0
True,2.91976368478125,0
True,2.26671736538183,0
True,1.9817693457208,0
True,1.05921100532058,0
True,2.3195485688084,0
True,0.845638703561153,0
True,1.06775746594478,0
True,2.11988193790515,0
True,1.22688592688003,0
True,1.1639471395853,0
True,1.2131536863048,0
True,1.70110527205619,0
True,0.977732645082883,0
True,3.0542436661677,0
True,1.12249486420464,0
True,2.18229023759356,0
True,1.30770566820147,0
True,1.64202108757387,0
True,3.63659574914871,0
True,3.32490604746947,0
True,2.55199334681305,0
True,1.74911523879828,0
True,1.2785586675949,0
True,0.842469746592889,0
True,2.79338729117593,0
True,4.13364227924098,0
True,2.77488545150883,0
True,1.47770318190701,0
True,1.29558654072498,0
True,2.83754155425746,0
True,2.91769046021178,0
True,1.24247981063077,0
True,1.12003172065803,0
True,1.52942808331202,0
True,3.17173232817749,0
True,3.02286986801296,0
True,2.30173972916544,0
True,1.32129295195885,0
True,3.04549962312889,0
True,2.70001346259795,0
True,2.72071076943671,0
True,2.50447053089405,0
True,1.12249735218744,0
True,2.28498065748542,0
True,1.27885121337963,0
True,1.44870583993266,0
False,0.828535106309484,7.50859703708225E-05
True,1.38320207421702,0
True,3.29598846729619,0
True,1.30280341775446,0
True,1.5986496639637,0
True,3.79935599582944,0
True,3.49479134658205,0
True,0.794061697715326,0
True,1.29068434381099,0
True,1.87409892487067,0
True,2.16186654981271,0
True,3.00039553724711,0
True,1.31576437258749,0
True,0.790763440428434,0
True,0.840921092162777,0
True,2.24281644385692,0
True,1.65979901513303,0
True,3.0797338387517,0
True,1.44177831058726,0
True,2.22125922066842,0
True,1.85476296437938,0
True,2.6731330561127,0
True,2.7474910988932,0
True,1.56929028521565,0
True,3.69225664547994,0
True,4.03438708493999,0
True,1.17771004909883,0
True,1.20165374656628,0
True,0.874905922850584,0
True,2.02079036199089,0
True,2.13599527527297,0
True,1.71830208950876,0
True,1.5710656685014,0
True,2.79787292531527,0
True,1.21555753598953,0
True,1.62205133676715,0
True,1.27496924838107,0
True,1.7901339829048,0
True,2.39803363393515,0
True,1.6899530719314,0
True,1.01985597861147,0
True,0.785907529276058,0
True,1.49241944460065,0
True,2.24332943370742,0
True,2.24268062523954,0
True,2.45940919885575,0
True,1.24982501143564,0
True,1.7632800694595,0
True,1.8982373258168,0
True,2.31144605260794,0
True,2.24166921067767,0
True,1.7071785797592,0
True,1.44711856627042,0
True,3.84339664399675,0
True,1.41842930146079,0
True,1.25258567187829,0
True,2.75461672948702,0
True,2.93599538027354,0
True,1.7501447886207,0
True,1.24986082913197,0
True,1.98577432948128,0
True,1.83764963238474,0
True,1.8527687332676,0
True,1.10199219461856,0
True,3.54509609436593,0
True,3.55988621909663,0
True,1.09820782557732,0
True,1.39853266193905,0
True,1.12178516484693,0
True,2.24927644927004,0
True,0.815146425952194,0
True,2.23043431624966,0
True,2.55802144233717,0
True,3.38333446698048,0
True,2.45555300975441,0
True,1.38171669972159,0
True,1.2609868430394,0
True,2.99644410186897,0
True,3.84049905094765,0
True,3.2065432078555,0
True,1.19653975832961,0
True,2.38598120305655,0
True,2.28410699561497,0
True,3.00201272878631,0
True,0.73033683804993,0
True,2.17584279245911,0
True,2.04334786865287,0
True,1.44339246467676,0
True,1.57959347236436,0
True,1.48612572502267,0
True,1.17635762737311,0
True,2.96004170273913,0
True,1.16914760775163,0
True,2.4464501552776,0
True,2.37947318122838,0
True,1.69228894557986,0
True,1.67926863238108,0
True,1.26855252679551,0
True,1.89374298383277,0
True,1.45672862397916,0
True,2.78014531137374,0
True,1.29707551257762,0
True,1.69476553985547,0
True,1.18501271988706,0
True,1.87733178875213,0
True,2.89985318934522,0
True,3.3010407180555,0
True,2.03113020326475,0
True,2.80261668177114,0
True,2.05721629231142,0
True,1.42825051789714,0
True,1.33856691600869,0
True,0.497418711803428,0
True,2.43924463660842,0
True,1.51251834346986,0
True,0.909822411302992,0
True,1.12339312610265,0
True,0.965247981998523,0
True,0.568797664944021,0
True,1.24949844774558,0
True,2.67343248548324,0
True,2.7375762805634,0
True,0.98610430921064,0
True,1.80498367035956,0
False,2.7158545737511,0.000113389898926891
True,3.20896379309236,0
True,2.83394936777155,0
True,1.06529710020621,0
True,1.07581781893985,0
True,1.15375460294497,0
True,1.29680218052821,0
True,1.75373057356452,0
True,1.3060207205431,0
True,1.69064359462255,0
True,1.80667308170348,0
True,1.33654546065442,0
True,2.49519747095876,0
True,0.8226565885715,0
True,1.59433372767106,0
True,1.25860862683938,0
True,1.30690742344807,0
True,1.83652054072269,0
True,1.1667007316735,0
True,1.72268814337303,0
True,3.15528824306188,0
True,1.91674015436673,0
True,1.80691617821484,0
True,1.67261770240466,0
True,2.12553064778879,0
True,2.63332407697472,0
True,1.07996011559927,0
True,1.74761160917508,0
True,3.79802762738393,0
True,2.52201908615837,0
True,1.72447964824964,0
True,0.672755464102701,0
True,2.68765411829957,0
True,3.73363823136113,0
True,2.5379389993388,0
True,1.86997567770526,0
True,2.43236926746442,0
True,1.28088397791795,0
True,1.05147827531692,0
True,2.15240046857777,0
True,1.987214360954,0
True,3.17026861305368,0
True,2.35299566111219,0
True,1.08759438003997,0
True,2.01447083894766,0
True,0.85368124074932,0
True,1.51232458184024,0
True,3.17483557271028,0
True,0.697608811034683,0
True,2.53817248813039,0
True,1.32551292829445,0
True,2.25823908662082,0
True,1.82520928355744,0
True,1.674037896431,0
True,1.28294722271572,0
True,1.38224170434144,0
True,1.51293104808325,0
True,0.721265896650683,0
True,1.97720581408245,0
True,1.02008112766835,0
True,1.79588041177763,0
True,2.5598280468351,0
True,2.86342419959652,0
True,1.73640472562807,0
True,1.59833102459893,0
True,2.64342750699215,0
True,1.35787780690785,0
True,2.1978678682088,0
True,3.06956350908963,0
True,1.6356123571752,0
True,1.34458981494193,0
True,0.807867786932604,0
True,2.31159563005551,0
True,2.67229346300333,0
True,2.10040613716328,0
True,3.900766006886,0
True,1.89792308552349,0
True,2.33545404301367,0
True,0.905365539148,0
True,0.87543855952526,0
True,2.81236474274636,0
True,2.12090937661406,0
True,1.77723167181241,0
True,2.02842042227639,0
True,1.81174367589927,0
True,0.950314638154308,0
True,1.13367285949025,0
True,1.32846347875299,0
True,2.45729357991193,0
True,1.2952934887551,0
True,1.59686027193185,0
True,1.86609804360334,0
True,1.33030109321441,0
True,1.4269344578184,0
True,3.02758469927478,0
True,1.88715700892632,0
True,2.09645613408047,0
True,3.33963479850239,0
True,0.970531251110589,0
True,3.20890713482465,0
True,1.84600468685247,0
True,2.52132280883376,0
True,1.86922679026505,0
True,0.880341183161768,0
True,0.719165227784109,0
True,1.49373990808587,0
True,1.73183479352748,0
True,1.1116585267853,0
True,1.51385555968022,0
True,2.35642432401935,0
True,0.913341777697485,0
True,1.57499647286454,0
True,1.39576882995547,0
True,1.12895167398036,0
True,2.40430842042961,0
True,1.31088358475714,0
True,2.06530177303061,0
True,0.802548296227539,0
True,3.02468428282524,0
True,1.93304837461934,0
True,2.04195408912833,0
True,2.03554794639973,0
True,0.833643433856995,0
True,1.53042086905098,0
True,2.79505564277639,0
True,2.72235923871016,0
True,2.86565669302875,0
True,2.26557940366611,0
True,0.964957734080435,0
True,3.11056403985026,0
True,2.78845427641847,0
True,0.883546183961801,0
True,2.9298730165636,0
True,2.32198446390473,0
True,2.37930942982766,0
True,2.50018027269111,0
True,1.57931422020623,0
True,2.0279496918502,0
True,1.11474437780313,0
True,0.962072721737662,0
True,3.73607106643566,0
True,2.49631237894162,0
True,1.89110063001834,0
True,2.1927800577474,0
True,3.25547666227519,0
True,2.33656897287448,0
True,2.06367556664925,0
True,3.93918598172977,0
True,2.17626054963258,0
True,1.47297071301644,0
True,0.24000756042397,0
True,1.52536404731095,0
True,1.76951070283572,0
True,0.80817735184081,0
True,1.7846851924886,0
True,2.83388190409585,0
True,2.29290749140256,0
True,3.78577764937379,0
True,3.48950641535679,0
True,3.70312443735156,0
True,2.50927033962826,0
True,1.24145753694021,0
True,1.43190881647461,0
True,1.93166704391576,0
True,0.827889835552987,0
True,2.07502154574389,0
True,1.91928399388171,0
False,2.86500258675389,0.000240382410870377
True,2.86132248772456,0
True,3.72210034932936,0
True,1.93270769315851,0
True,1.25438932409549,0
True,0.89421666189422,0
True,1.09815653838893,0
True,2.89554756851944,0
True,2.76688353283904,0
True,2.29480160468113,0
True,1.93305768769987,0
True,2.49636122497257,0
True,1.66154412798078,0
True,1.5500887010733,0
True,1.34760375698798,0
True,1.38708298544007,0
True,1.14831630381397,0
True,1.18449600860459,0
True,1.16674688004799,0
True,1.0265193062115,0
True,0.953416579510529,0
True,1.97480069404134,0
True,3.1058041808775,0
True,4.71214098228199,0
True,2.93312285394176,0
True,1.41279023137866,0
True,1.99236172555536,0
True,1.65841684728934,0
True,3.01234937385921,0
True,3.59056315530291,0
True,1.01425533359601,0
True,1.67000961342642,0
True,1.91677548589131,0
True,2.68915311560409,0
True,1.16166526280764,0
True,2.09885967330571,0
True,1.08102810234979,0
True,1.92024969803312,0
True,2.33596715505813,0
True,1.89357093964803,0
True,0.749193451208953,0
True,1.69288919465806,0
True,0.85209454294624,0
True,1.4836871247839,0
True,3.43900426141316,0
True,3.19320752965666,0
True,1.61519819254561,0
True,1.71364437763973,0
True,0.845423619466288,0
True,1.35312690812226,0
True,1.92651397756861,0
True,2.97877654250336,0
True,1.47506659157229,0
True,1.57975448051186,0
True,2.2561048177462,0
True,1.95116069282265,0
True,2.63338097803829,0
True,2.97470088419515,0
True,1.10089353175479,0
True,4.06005021220812,0
True,1.71956241210017,0
True,3.59281502136437,0
True,2.25347262136406,0
True,2.68693111351432,0
True,2.96075879668045,0
True,3.44605415249255,0
True,0.694291643299167,0
True,0.994615810082363,0
True,1.2940967252994,0
True,1.45505846529788,0
True,2.61780932904306,0
True,1.16523678293352,0
True,1.00388667556816,0
True,1.10655616528771,0
True,3.05052827525627,0
False,2.25188894400834,0.00012195407909127
True,1.65922841179977,0
True,3.01344448299771,0
True,1.78100715079141,0
True,1.79524188923683,0
True,2.27339636403274,0
True,1.12284389268078,0
True,2.17217287593815,0
True,0.762602337587747,0
True,3.22543068700067,0
True,3.37266786079594,0
True,1.74641197199343,0
True,4.11399936148779,0
True,1.5075300003364,0
True,1.70346589682959,0
True,1.93093761343082,0
True,1.21872329114541,0
True,3.07667848484565,0
True,2.48439725295251,0
True,2.55118376743204,0
True,1.62845896698975,0
True,3.28317798281074,0
True,4.52329128214813,0
True,2.20062114850737,0
True,2.96151261838089,0
True,2.30042195278388,0
True,0.753407893271638,0
True,2.78787596470276,0
False,2.88553611731726,0.000317867051824473
True,1.95575264927026,0
True,2.45998721316799,0
True,2.88761140830555,0
True,1.36520571473979,0
True,1.2986844926982,0
True,2.47135189439724,0
True,1.62608277723463,0
True,2.79203932517312,0
True,2.06900157277435,0
True,1.06873635410752,0
True,2.3007960493076,0
True,0.511707925502751,0
True,1.38704327863957,0
True,0.910669415826225,0
True,1.54415486972701,0
True,1.70055985570253,0
True,2.15939382755174,0
True,2.00755163704645,0
True,1.85128631419831,0
True,1.21514350137012,0
True,2.85706597562998,0
True,1.58671882866224,0
True,3.67736366804942,0
True,4.15933216704194,0
True,1.53924333741645,0
True,1.96580272659467,0
True,1.54941888722355,0
True,0.951677589892481,0
True,1.70789999703243,0
True,1.68283188987954,0
True,1.44060868780477,0
True,1.45892563366708,0
True,1.93862440316458,0
True,3.74115554294483,0
True,2.91034824908074,0
True,2.3231447596073,0
True,1.74134188044638,0
True,1.80802320026944,0
True,2.03707699102673,0
True,1.82151841844621,0
True,2.75474093026674,0
True,3.09585573949931,0
True,2.19597484376117,0
True,2.26539056676273,0
True,0.979206911626802,0
True,1.39792410845104,0
True,2.86610871773254,0
True,0.764846045208432,0
False,1.87361476133146,0.00022321132719641
True,2.96710885573918,0
True,0.841790886792157,0
True,3.40367073570689,0
True,1.71003681252936,0
False,2.33518279080467,0.000636065719712006
True,1.6306447846103,0
True,0.726652397132825,0
True,0.700888315030281,0
True,3.48010073848088,0
True,1.26911098206172,0
True,2.16924729651821,0
True,1.36210159676822,0
True,1.50111537811192,0
True,2.23395888626692,0
True,3.65298409925935,0
True,0.91238162909883,0
True,1.87994429449455,0
True,3.61982169346886,0
True,1.92798409608123,0
True,1.57645516017676,0
True,1.32954490830937,0
True,2.41964523581283,0
True,1.38156119242706,0
True,1.33949303717015,0
True,1.11966880191761,0
True,1.64670906291526,0
True,4.34063203514426,0
True,1.22779222200736,0
True,1.61707385343053,0
True,1.7667601664888,0
True,2.18821773798636,0
True,2.73354353422738,0
True,2.4538544344702,0
True,1.91701481959566,0
True,2.01009021364143,0
True,1.76938444326575,0
True,1.20181660459975,0
True,1.4111909846453,0
True,1.59081704072878,0
False,1.21691636219178,0.000262634724057685
True,2.11474815976989,0
True,4.28051649553985,0
True,2.3459544600891,0
True,1.25466641504694,0
True,2.99453080347458,0
True,3.42983096194938,0
True,1.89749548220913,0
True,1.73541438390511,0
True,2.0752753959766,0
True,2.00501702032306,0
True,2.00592695113955,0
True,1.07402047505099,0
True,1.38199047831149,0
True,0.66580669504587,0
True,2.01522950359411,0
True,2.74106164489088,0
True,4.18428075249635,0
True,1.97807278724185,0
True,1.944743478932,0
True,0.793669141437596,0
True,1.49623040921919,0
True,3.13617660841411,0
True,1.85890614454887,0
True,1.72446908751326,0
True,2.66713086010687,0
True,1.33035833194891,0
True,2.23163892975168,0
True,2.56026401961924,0
True,1.21662244471896,0
True,2.44484580167371,0
True,1.93152865577076,0
True,1.5832275331334,0
True,1.30051865780115,0
True,1.38344716252678,0
True,3.54208312285467,0
True,1.71024701231458,0
True,1.28012359231049,0
True,1.97482005011369,0
True,1.36266044103895,0
True,2.64327295218379,0
True,2.55153839668164,0
True,1.91492942561988,0
True,1.20061631273181,0
True,0.912414517662319,0
True,4.05092562965085,0
True,2.55377628270113,0
True,2.0543928824995,0
True,1.52836262660196,0
True,3.62140321382539,0
True,2.1655575448653,0
True,0.926899268934283,0
True,3.13728940033758,0
True,1.21767938972277,0
True,1.36192401807107,0
True,1.75943081940647,0
True,2.08230211895436,0
True,1.22078548626444,0
True,3.22013683888386,0
True,3.8760600130624,0
True,2.00598794191087,0
True,1.8688026234361,0
True,1.20265586918071,0
True,2.74088064825747,0
True,3.7757525127841,0
True,2.41193472074863,0
True,1.51292643589801,0
True,1.00770130343512,0
True,0.881656604021258,0
True,3.77928876291835,0
True,3.77910120823233,0
True,0.954756859089635,0
True,3.78715788196772,0
True,2.00794219138645,0
True,1.23610090255512,0
True,3.04719959229384,0
True,1.50143153073267,0
True,2.13435929328034,0
True,1.6255456432074,0
True,1.43592154499606,0
True,1.2405586393508,0
True,0.549026899341026,0
True,2.84048930701705,0
True,2.53540598799133,0
True,1.68758430822819,0
True,1.66201487451319,0
True,2.23520493759355,0
True,2.804477948101,0
True,1.41168223400548,0
True,1.26479843443241,0
True,1.88000884120719,0
True,1.00402600933542,0
True,0.888380099202255,0
True,1.91260513792322,0
True,1.12682314724308,0
True,2.6373567960313,0
True,1.97858349009572,0
True,3.07673430218135,0
True,1.91233514585524,0
True,1.88522383715753,0
True,1.62075828231837,0
True,2.67277494210728,0
True,1.89134015179251,0
True,1.30561605647807,0
True,1.1928955403588,0
True,3.47776883774557,0
True,1.23221755604191,0
True,1.29918414212327,0
True,1.14627428904507,0
True,3.14296833738991,0
True,0.957505534904648,0
True,1.58418495615724,0
True,1.06445125935508,0
True,2.11516575029381,0
True,3.38404187365934,0
True,3.39334621643672,0
True,0.702126248154759,0
True,3.34563971255903,0
True,1.71464519010333,0
True,1.11243677492978,0
True,1.92649680435417,0
True,1.41357439068098,0
True,2.39418601496053,0
True,2.07470166610153,0
True,1.95346108762538,0
True,1.64869186966282,0
True,1.66662617860061,0
True,0.919966699719423,0
True,1.14670029836885,0
True,1.30893926551821,0
True,1.41127517710427,0
True,1.58907065241386,0
True,1.00637209332638,0
True,1.15119286360882,0
True,1.22702221889471,0
True,1.20590958454287,0
True,2.24243292260845,0
True,1.17244543660096,0
True,3.35512262019507,0
True,3.90862560878023,0
True,2.16838988385825,0
True,1.78544043259808,0
True,1.56358403635549,0
True,1.48520204791705,0
True,2.97214683325895,0
True,1.63044978310399,0
True,1.12525953842494,0
True,3.03217884247332,0
True,2.13594780701541,0
True,2.33899130388074,0
True,1.96577537293107,0
True,3.61116636569737,0
True,1.45676435767119,0
True,1.94887812358991,0
True,2.82823999979876,0
True,1.25499537790716,0
True,2.45200579640117,0
True,1.84172245750679,0
True,1.42208336668397,0
True,1.01429663192546,0
True,0.969584565472652,0
True,2.81921295217497,0
True,1.30411530328257,0
True,3.61435917575656,0
True,0.872646814633766,0
True,1.39718982628704,0
True,1.41122888554416,0
True,2.06275210010839,0
True,3.42951204678487,0
True,0.840067737270917,0
True,1.12218494199923,0
True,3.81536959372359,0
True,3.04389578066927,0
True,1.49586952239675,0
True,1.93810255691076,0
True,3.33716744123167,0
True,1.36707223611682,0
True,1.72958088776697,0
True,1.2803121256373,0
True,1.39375590479353,0
True,1.35873199265877,0
True,2.75258146244317,0
True,2.85381267337575,0
True,3.2063742023053,0
True,1.74544391388722,0
True,1.45973317412706,0
True,0.913562199395292,0
True,3.44948096802983,0
True,1.38863302938218,0
True,3.13183849428557,0
True,1.01551379050941,0
True,2.89144359769522,0
True,1.92666393461616,0
True,1.29203964734022,0
True,3.74413885001117,0
True,1.4493868697158,0
True,0.911785995254437,0
True,2.56664073032001,0
True,1.98868525745828,0
True,2.29695120441249,0
True,2.25107740336944,0
True,1.80502115472328,0
True,1.88784764015086,0
True,3.25002893623728,0
True,1.41073198464782,0
True,1.49251209838358,0
True,1.76111385054639,0
True,3.26680304126807,0
True,1.96292401970404,0
True,2.56406569617102,0
True,2.92889481320304,0
True,1.26253495266554,0
True,1.72069204062763,0
True,0.872469620960897,0
True,1.78687606933873,0
True,2.76859928720898,0
True,1.40225533946082,0
True,1.49700316330918,0
True,1.8430658883767,0
True,1.80183940392729,0
True,1.83931113996466,0
True,2.43051036596543,0
True,2.00908615129018,0
True,2.47856026979457,0
True,1.13031454090811,0
True,2.1896017419608,0
True,1.89181561654573,0
True,4.01369224821508,0
True,2.03018652933386,0
True,1.05702089833599,0
True,2.82782700207614,0
True,1.82479031118593,0
True,1.40622576834949,0
True,4.02188413780563,0
True,2.85262919847772,0
True,2.00495880585488,0
True,2.01216322902634,0
True,2.9705474335231,0
True,1.15316798343864,0
True,4.40229412000932,0
True,4.19218812020279,0
True,3.8185978098513,0
True,2.26337650622954,0
True,1.13373719195199,0
True,1.3267393191575,0
True,1.21677910118289,0
True,0.816729285879846,0
True,3.32652895807367,0
True,2.69155694810934,0
True,1.49781087315169,0
True,1.19457670736465,0
True,1.5540459150083,0
True,2.46414581228657,0
True,2.97843707353944,0
True,2.01186109800757,0
True,1.07729471324911,0
True,1.90830338509347,0
True,2.62717772199887,0
True,0.925381186298942,0
True,2.86819173915065,0
True,1.70588724534934,0
True,1.0987458748173,0
True,2.69547324277409,0
True,0.584162329695626,0
True,1.52001265888797,0
True,1.03554998604173,0
True,1.38883253962488,0
True,1.51307394478613,0
True,1.77283357062695,0
True,2.84139578027355,0
True,2.28666139153849,0
True,2.78511147371266,0
True,1.86376840489323,0
True,1.33106655956655,0
True,3.06522780581552,0
True,1.04319047099048,0
True,2.46245461602651,0
True,2.58013526973952,0
True,2.15816186856887,0
True,1.44010964333089,0
True,2.68725401202518,0
True,2.04881784504592,0
True,1.3495636279222,0
True,1.20105783838179,0
True,1.65174627921473,0
True,1.19082830288253,0
True,2.14108084764304,0
True,1.06678077015128,0
True,1.82656052128807,0
True,1.3202595985749,0
True,3.25263033238205,0
True,2.47864143467673,0
True,2.05457353472341,0
True,1.96937457631831,0
True,1.45152460927446,0
True,3.20368922846259,0
True,0.695058216346286,0
True,2.58675029936011,0
True,2.04474919261324,0
True,1.51742544819598,0
True,1.66629984078941,0
True,3.94463399223185,0
True,1.77192358707396,0
True,0.747316460166366,0
True,3.46625243249045,0
True,1.2314443435357,0
True,2.14167017386879,0
True,1.65375470834517,0
True,1.8656138353983,0
True,2.40925585649736,0
True,1.31305380442582,0
True,3.59642595390026,0
True,1.42979923060109,0
True,2.98935200469884,0
True,2.6097411090906,0
True,1.10092223723348,0
True,2.3606993786646,0
True,1.08204603283085,0
True,1.71500007517392,0
True,2.34568158311693,0
True,1.75982971082034,0
True,3.50363697842501,0
True,3.06924430875161,0
True,1.24895648323527,0
True,1.53952393379598,0
True,1.84872389968363,0
True,1.68748115865963,0
True,1.50361160264925,0
True,1.77297671621455,0
True,1.9195531613036,0
True,2.0746648237208,0
True,2.70423569924595,0
True,0.723996661183382,0
True,2.43454689025477,0
True,3.09525856460833,0
True,2.61960849646012,0
True,3.10478093667767,0
True,3.04890301766055,0
True,1.64220019006975,0
True,2.85137729983907,0
True,3.56336498121307,0
True,1.05722281244667,0
True,1.17753656846617,0
True,1.1226240563497,0
True,1.21944952948754,0
True,2.8689481159595,0
True,0.884165516239653,0
True,1.64684865246895,0
True,1.75887440296122,0
True,3.37562781768982,0
True,1.57525351825887,0
True,2.45637663621018,0
True,2.45608552822491,0
True,1.69078576908656,0
True,2.13672901944728,0
True,0.726845454709711,0
True,2.10602451848338,0
True,2.20410464881974,0
True,1.07543293593267,0
True,2.76535427602247,0
True,2.27001462731681,0
True,1.58329130581378,0
True,0.991803512772435,0
True,1.62618763686039,0
True,1.40912774816287,0
True,3.04137754275992,0
True,2.45446513200253,0
True,1.70395753336269,0
True,1.20741570032663,0
True,2.82537575870335,0
True,3.64875847099108,0
True,1.62409425667067,0
True,1.79771741835675,0
True,1.85339877271807,0
True,1.639111331583,0
True,0.739497372918039,0
True,1.07456175954012,0
True,2.01903286444318,0
True,1.6389036561225,0
True,1.15959845523389,0
True,1.89637477595661,0
True,2.06512101536423,0
True,3.92347495862317,0
True,3.1000608628591,0
True,1.87714095366257,0
True,2.34823259412063,0
True,1.43625848663028,0
True,0.923195627872372,0
True,1.82331223827286,0
True,2.86068730867028,0
True,2.55604429927952,0
True,0.885548239018127,0
True,1.83443402076414,0
True,1.30065336584289,0
True,3.15354629422492,0
True,2.81407791167923,0
True,1.81410417570617,0
True,1.88190510751727,0
True,1.86749909269717,0
True,1.43792118788461,0
True,3.20904379662284,0
True,1.81339926995489,0
True,1.44357814737118,0
True,3.37627740459805,0
True,2.86185586372818,0
True,1.81616308815366,0
True,2.0097333640156,0
True,1.49173944118952,0
True,1.94260668703369,0
True,3.31319454483506,0
True,1.17727782188555,0
True,1.45459971967084,0
True,1.62679681199045,0
True,0.930527033802327,0
True,4.70407313250479,0
True,1.89944694393673,0
True,1.93368752579191,0
True,0.92324988260073,0
True,3.28190555450866,0
True,3.30364973305608,0
True,2.91854289005754,0
True,1.21994073650048,0
True,0.967104421688181,0
True,3.10375409786617,0
True,1.13780359607292,0
True,1.264260903108,0
True,2.75033890233416,0
True,3.66499087589499,0
True,2.05466387224569,0
True,1.9796452467243,0
True,1.58080755835092,0
True,1.6197033170369,0
True,1.78288095487362,0
True,0.867961901566648,0
True,1.04265126873253,0
True,0.899546082597075,0
True,1.34313432637647,0
True,1.37606138835557,0
True,1.08811803419261,0
True,1.71225378705831,0
True,1.74499270412092,0
True,1.92375827508754,0
True,1.60337901203229,0
True,1.58224905766702,0
True,1.00109720248045,0
True,3.98687733973391,0
True,2.54890252352601,0
True,1.39137535577642,0
True,1.02782653332383,0
True,1.79225273703692,0
True,1.6545542737245,0
True,1.79162231632417,0
True,3.17579314605353,0
True,2.27316067788599,0
True,1.59135676196422,0
True,2.9534488137879,0
True,1.26625316808656,0
True,2.11834758615894,0
True,1.04055256173402,0
True,0.790136761214621,0
True,2.44006736172765,0
True,1.43421400284407,0
True,1.53839954858614,0
True,1.91004226595716,0
True,1.87613923129219,0
True,3.26055998109967,0
True,2.28847179762625,0
True,3.04204384940316,0
True,2.76557843672112,0
True,1.50302494358314,0
True,2.13333472377174,0
True,2.29873888607212,0
True,3.43478444430878,0
True,0.71054773426136,0
True,1.95599427881798,0
True,2.27233654751803,0
True,1.59438662123844,0
True,1.89518845400477,0
True,1.57796196726717,0
True,2.01893100724684,0
True,2.50024390120763,0
True,1.07172555954971,0
True,1.40247255414905,0
True,2.41956748328,0
True,1.71130784033544,0
True,1.0174213295375,0
True,0.874800767605096,0
True,1.32273766487685,0
True,0.809634245907897,0
True,1.49144208241975,0
True,2.21905208015213,0
True,3.02144194723841,0
True,2.17344563257178,0
True,1.63347780638444,0
True,1.06176879121039,0
True,0.749303991235945,0
True,0.979330398202817,0
True,1.55403082662294,0
True,1.13915910482776,0
True,2.18808360612983,0
True,1.76909708496164,0
True,1.92880538915793,0
True,2.17871689020062,0
True,2.14454246197363,0
True,1.8162526306025,0
True,2.03888190486956,0
True,2.04415179375263,0
True,1.37778478652419,0
True,0.98106375496063,0
True,2.76135173024602,0
True,2.46592842715068,0
True,0.831326823798274,0
True,1.94856262288956,0
True,1.09291814616538,0
True,1.93261321112619,0
True,1.70889408351561,0
True,1.93551402331042,0
True,1.63823507236797,0
True,3.77801600857237,0
True,3.38099480150324,0
True,2.18778845471313,0
True,1.79119161343325,0
True,3.00854795235553,0
True,4.00177509451537,0
True,1.00869216038047,0
True,1.89216453678074,0
True,2.07644611006164,0
True,1.25608458258441,0
True,1.33270870028374,0
True,1.02709159143044,0
True,1.40620968285515,0
True,1.72230477660728,0
True,2.28193703120543,0
True,2.01837414201559,0
True,2.65281906253033,0
True,2.00281370225769,0
True,1.09305704549677,0
True,1.95812921066019,0
True,2.23377235331446,0
True,1.64509234064056,0
True,1.22523005626857,0
True,1.630958067579,0
True,1.27629561061695,0
True,0.681530600939444,0
True,2.23853920662673,0
True,1.50093417675803,0
True,2.62428744799955,0
True,1.93184816205895,0
True,1.22510662156133,0
True,1.80593010900848,0
True,0.676620996218139,0
True,1.20589215458358,0
True,2.27586521842629,0
True,1.50491759950264,0
True,1.95369583126591,0
True,0.95528964814103,0
True,2.61204072285999,0
True,2.37420239556359,0
True,1.56445605245029,0
True,1.38914793294152,0
True,1.37747626641527,0
True,1.77960700683068,0
True,1.62433706705612,0
True,4.20455095908904,0
True,1.59534033106112,0
True,1.22683233493463,0
True,2.71002969551976,0
True,1.53574345364599,0
True,3.30898911916564,0
True,1.58282393015713,0
True,1.01493301213752,0
True,2.05681165856643,0
True,2.37246012895876,0
True,1.42255382066622,0
True,3.41481778811649,0
True,1.80076107502508,0
True,1.80860537836338,0
True,2.02723410068189,0
True,2.56063019879217,0
True,3.63273109140258,0
True,2.65816844168192,0
True,1.6330258321101,0
True,2.94111758280436,0
True,2.67125896604874,0
True,1.02700801597156,0
True,1.09742694951852,0
True,0.999318551642615,0
True,1.74440516893709,0
True,2.85425253861142,0
True,3.33165443376604,0
True,0.889552888377812,0
True,1.5578855006353,0
True,1.57413559277237,0
True,1.30199902926044,0
True,1.57682774398506,0
True,2.01018985848136,0
True,2.73696019766643,0
True,2.07787090392081,0
True,4.58179434126263,0
True,3.43487774692791,0
True,1.38151746254975,0
True,2.95666750720719,0
True,1.00144772302644,0
True,3.38730889916657,0
True,1.65778521653708,0
True,1.01630239536582,0
True,1.42016372863292,0
True,2.20876451303961,0
True,1.31797196569019,0
True,2.10441012609675,0
True,1.92503181849205,0
True,2.19530414419248,0
True,4.23313018398226,0
True,3.7675811664463,0
True,3.48260786225607,0
True,1.58556871260908,0
True,2.82363337299774,0
True,2.47732994394563,0
True,1.3272235171608,0
True,0.564610562616888,0
True,2.67038537199691,0
True,2.26519766215434,0
True,3.53269413551909,0
True,1.4750178644715,0
True,3.13830809373281,0
True,3.03353543934405,0
True,1.436466651207,0
True,2.23450336128282,0
True,2.15556172945314,0
True,2.750052327644,0
True,2.86061654991868,0
True,1.89027343626973,0
True,3.44693289282389,0
True,3.71070248115208,0
True,1.66497081012721,0
True,2.32629621919958,0
True,3.21002158862645,0
True,1.16169023640757,0
True,0.808037199423287,0
True,1.26298878845586,0
True,1.64813826693326,0
True,2.70243695549762,0
True,0.818850363872642,0
True,2.48850144121992,0
True,1.18152365129387,0
True,1.57838209465817,0
True,2.29360033765189,0
True,1.92542058927751,0
True,1.13106567471059,0
True,1.7480726558544,0
True,3.55975776589464,0
True,1.39187069432156,0
True,0.901689168159584,0
True,1.84378394540114,0
True,0.776434876656647,0
True,1.17653842564996,0
True,1.76279043959268,0
True,3.0380534724841,0
True,1.04719561968391,0
True,2.3014131826609,0
True,1.90308335109717,0
True,0.965887546843153,0
True,0.998726434409513,0
True,2.42223469604786,0
True,1.49063177794955,0
True,1.70928409780342,0
True,1.61608302945515,0
True,2.8787861346971,0
True,0.960318682740498,0
True,1.64217006047892,0
True,1.42888150953496,0
True,1.57613217831931,0
True,1.60179439557355,0
True,3.13916865085461,0
True,1.76257512187747,0
True,2.72755356561377,0
True,2.91558105980567,0
True,1.76191055799778,0
False,1.54322177929179,0.000153834268643189
True,3.18739624120809,0
True,1.99289346281972,0
True,2.7107883583703,0
True,1.63077230454531,0
True,1.30340962689335,0
True,1.08607693159915,0
True,3.00239113654753,0
True,1.5666843823438,0
True,1.51253995336018,0
True,1.23315268407468,0
True,1.4441568633408,0
True,2.12617017552291,0
True,4.0892752353157,0
True,0.731315710702722,0
True,1.52904220081449,0
True,1.0914319318328,0
True,2.25049901567821,0
True,1.73127473222732,0
True,2.86143009675281,0
True,1.60639556053445,0
True,1.2810509085574,0
True,1.93308274398901,0
True,1.9257842681515,0
True,1.50405006436847,0
True,2.33902212066905,0
True,1.14039140212307,0
True,4.15160289668454,0
True,3.10590237089933,0
True,1.7930169998773,0
True,1.40993764783994,0
True,1.56115885821198,0
True,1.04473147510405,0
True,2.6810689947096,0
True,2.43987835948989,0
True,1.69544663435381,0
True,1.94761018178389,0
True,3.16477569608694,0
True,1.29455380187224,0
True,1.47002541790746,0
True,1.66282340904448,0
True,2.45674043488534,0
True,2.37889488343253,0
True,1.11122385579139,0
True,0.965021383733025,0
True,1.55584040612489,0
True,2.47844604076809,0
True,1.57692400750251,0
True,2.32248409895564,0
True,3.4267737961678,0
True,4.11385447567895,0
True,0.769583929252663,0
True,3.23947297242077,0
True,1.34990294021535,0
True,1.33852570916851,0
True,1.23516946172497,0
True,3.3479847524543,0
True,1.02798265644779,0
True,2.61140427685763,0
True,1.93954764567857,0
True,1.82595664335855,0
True,1.49345281248905,0
True,1.45614910456027,0
True,1.32150600774266,0
True,4.61739490365025,0
True,3.87480762558474,0
True,4.00976114923998,0
True,2.71299641690162,0
True,2.0960760841224,0
True,1.74245533680272,0
True,1.27829798314188,0
True,2.77957667316225,0
True,2.37613088933706,0
True,2.38775826651864,0
True,1.05919104283031,0
True,2.01672708280673,0
True,2.08738152540933,0
True,1.54911508383874,0
True,1.46878775720253,0
True,1.51096521969872,0
True,2.60266777846115,0
True,1.78362227923037,0
True,2.8517984238314,0
True,3.58725015953544,0
True,0.78976540389721,0
True,1.17193279153368,0
True,1.48270894290391,0
True,1.89136753872621,0
True,0.766803764748709,0
True,3.26186755251936,0
True,1.2116307301493,0
True,2.77241418512824,0
True,1.42568755599229,0
True,4.04405237322988,0
True,1.96370414225582,0
True,1.19093175856023,0
True,0.804226364050975,0
True,1.74634512789107,0
True,1.89074138829491,0
True,0.757007468841901,0
True,2.68272383243931,0
True,2.2802492804616,0
True,1.18982718189491,0
True,2.21785421139075,0
True,1.48605591939599,0
True,1.03374525056933,0
True,1.8881161759812,0
True,1.96412815853205,0
True,2.03883542051776,0
True,1.66201186178466,0
True,0.62969171693135,0
True,2.74105568243533,0
True,2.08531687985381,0
True,1.35875565899574,0
True,1.40448754374883,0
True,1.6335054314307,0
True,3.93341766731671,0
True,3.29697707629445,0
True,0.73332444890711,0
True,2.07670468848088,0
True,0.931884776980915,0
True,1.34475874516081,0
True,1.05527896224359,0
True,2.75191425516765,0
True,1.45456153015094,0
True,1.02481937055911,0
True,2.28435041806694,0
True,2.49523637623374,0
True,2.71462933727328,0
True,3.49665621865033,0
True,3.60713827953264,0
True,2.96165181778124,0
True,2.89614185227831,0
True,1.79046229662052,0
True,0.622354424409226,0
True,4.16372783694306,0
True,1.5220540612005,0
True,1.56291854142365,0
True,2.79658182772253,0
True,1.5086761035341,0
True,2.04937968269585,0
True,1.97969558828533,0
True,2.01309469079622,0
True,2.71453604450528,0
True,2.09326248717308,0
True,1.79823824910512,0
True,1.1215466148778,0
True,2.26130201545918,0
True,2.15654533395028,0
True,1.18184830553702,0
True,2.08698483150157,0
True,1.39677307168505,0
True,2.63671424760931,0
True,1.4011907785239,0
True,2.59649259556393,0
True,1.80351769576264,0
True,2.03255182600918,0
True,1.75470175335251,0
True,2.69758302224605,0
True,2.5564542351261,0
True,1.57514070171832,0
True,3.17955491457726,0
True,3.3885747952205,0
True,2.564392546842,0
True,0.854978728581777,0
True,1.26432802639825,0
True,1.57972316204853,0
True,2.85664054965506,0
True,1.26056280596045,0
True,0.993980757705106,0
True,1.06679825016429,0
True,2.75535440339855,0
True,1.53232776869746,0
True,2.65951165041403,0
True,1.78588456747564,0
True,1.44565379760315,0
True,3.13628874673041,0
True,2.36452628161108,0
True,2.09588546075554,0
True,0.572274086298266,0
True,1.6548223378505,0
True,2.94126728384996,0
True,1.10398041584137,0
True,1.74326570876867,0
True,1.01889893854358,0
True,2.11244435738726,0
True,3.2824387882881,0
True,1.5347737331289,0
True,1.31186552616177,0
True,1.24302669139118,0
True,2.07742731875353,0
True,1.17570299526992,0
True,0.891326011510019,0
True,1.14867775579182,0
True,1.37838704856909,0
True,1.05811205365548,0
True,1.02029178164563,0
True,0.601181516598863,0
True,1.28133658341499,0
True,2.12657107565616,0
True,1.87282283747015,0
False,1.74422251408589,0.000235439285864338
True,0.792919395323174,0
True,1.73706525857012,0
True,1.57248203979058,0
True,1.63848691618618,0
True,1.68858095807281,0
True,3.86629606733443,0
True,2.29963877932746,0
True,1.62370936550357,0
True,1.96116032189396,0
True,1.35587376811458,0
True,2.03203086231415,0
True,0.922819548096846,0
True,1.85353581821692,0
True,1.20064344122963,0
True,1.35411727769717,0
True,2.55261576857652,0
True,1.26026854965494,0
True,1.95022793842107,0
True,1.86595126977833,0
True,1.01739188885984,0
True,1.78377723597447,0
True,2.03305120864145,0
True,1.32281085319863,0
True,1.86457362981568,0
True,1.42049890590178,0
True,1.49646424053026,0
True,1.00677017138057,0
True,1.74898702954931,0
True,1.60455627691836,0
True,1.57784526322413,0
True,2.1036744168157,0
True,4.02872848075164,0
True,3.166742421209,0
True,1.80898203867272,0
True,1.24186482610551,0
True,2.12553770881321,0
True,4.48765022760046,0
True,3.15760834453551,0
True,1.34273846203012,0
True,1.25453068965709,0
True,2.30041858921545,0
True,3.40503197775384,0
True,1.52439681063842,0
True,1.30288021558694,0
True,1.12861819919472,0
True,2.26835653145574,0
True,1.44840379504502,0
True,0.78471543156372,0
True,2.62085126791434,0
True,1.51319127105473,0
True,3.85817956513612,0
True,2.67228228177182,0
True,3.1698732118151,0
True,1.56812896042267,0
True,2.17562278682329,0
True,1.52299130767423,0
True,1.585949213962,0
True,1.13603576624364,0
True,2.00321800899712,0
True,2.32814678111573,0
True,1.09491959429986,0
True,1.02634250006078,0
True,0.979773923011558,0
True,1.92278438089496,0
True,3.0816095273305,0
True,0.658600913475743,0
True,1.75357939554117,0
True,3.29589362159981,0
True,3.86735703389052,0
True,0.87998565329246,0
True,2.20444010419306,0
True,1.09323193011045,0
True,1.86774940291296,0
True,1.26876859230086,0
True,0.913182093500313,0
True,1.35523291578193,0
True,1.43530010540448,0
True,1.34252989480168,0
True,1.96468390934989,0
True,1.56779925202184,0
True,4.21722032570929,0
True,1.37953568651209,0
True,1.7299883055759,0
True,1.63793038248787,0
True,1.42765687934385,0
True,1.9083176739949,0
True,2.34802480171995,0
True,0.991193795305982,0
True,1.19858777928317,0
True,2.10409108256989,0
True,4.49666696366521,0
True,3.38353444156099,0
True,0.905763135499133,0
True,3.47239027628398,0
True,1.90170489420147,0
True,0.74067953133276,0
True,1.25433668815105,0
True,1.2004734769692,0
True,0.817170702804023,0
True,1.70469691409417,0
True,2.38295842405932,0
True,1.78829715054156,0
True,2.25923296666915,0
True,2.18627458842243,0
True,2.72975937535312,0
True,3.68735213163468,0
True,2.30078896086012,0
True,2.05201673946212,0
True,1.27063848396774,0
True,1.66131335573074,0
True,1.16804424806256,0
True,1.5367973192833,0
True,0.766556489002474,0
True,3.29157791274978,0
True,0.998615222598458,0
True,2.52053674052002,0
True,1.56777608464245,0
True,1.09070206919232,0
True,1.66788808002556,0
True,1.26705427187273,0
True,1.11210629015437,0
True,1.95572861896305,0
True,4.30559409087213,0
True,0.65792210911576,0
True,1.16287224836433,0
True,1.33087379300042,0
True,2.13666686416532,0
True,3.3650163073247,0
True,1.92736985496146,0
True,2.17644502333939,0
True,1.25275770101716,0
True,1.32756680696522,0
True,2.06506242788884,0
True,1.21369212853418,0
True,1.59047180829126,0
True,2.18053104322078,0
True,3.94998882770355,0
True,0.485293602448756,0
True,2.82353739042726,0
True,3.16508952762804,0
True,3.96726777307262,0
True,2.63891656119842,0
False,1.7059986768348,0.000145100743591002
True,1.38436911480517,0
True,3.70453101281991,0
True,1.97491547349289,0
True,0.869274346979176,0
True,1.72202966993085,0
True,0.725846530815828,0
True,3.49737571608827,0
True,1.6167272848584,0
True,2.26183326696922,0
True,0.654985469611083,0
True,3.2063364209312,0
True,4.15213863462335,0
True,2.48664562333212,0
True,1.92918035649966,0
True,3.45365906528564,0
True,4.18781952395768,0
True,3.7504023672403,0
True,2.11059965068163,0
True,1.31517454863924,0
True,0.855422677685998,0
True,1.92636354734366,0
True,1.10489261460189,0
True,2.49449999448562,0
True,3.99738355206125,0
True,3.28198220224575,0
True,0.604256419471196,0
True,1.65198893716397,0
True,1.68090670620149,0
True,1.43254827008671,0
True,2.95042926679575,0
True,2.31813900933237,0
True,2.63822077389127,0
True,1.14961109290239,0
True,1.31698227966692,0
True,2.67835186489713,0
True,1.61285160853086,0
True,0.776915009585901,0
True,2.49867013929906,0
True,4.07748160259818,0
True,1.45042269032015,0
True,0.765545916355322,0
True,1.23381967376189,0
True,0.911546273974541,0
True,2.63447406970298,0
True,2.15673531454117,0
True,3.33943483632911,0
True,2.73451224075426,0
True,0.998954104583173,0
True,2.19019329202548,0
True,1.42932426187542,0
True,2.59398280802783,0
True,1.34105973953987,0
True,1.58755260236518,0
True,3.22084289468062,0
True,1.64184221478557,0
True,0.871231513506413,0
True,3.0018641551099,0
True,0.967900972017352,0
True,1.2777394362541,0
True,2.03172866555914,0
True,2.2504687917046,0
True,2.1565413640853,0
True,1.74498215271024,0
True,1.07873311394643,0
True,2.69086298460733,0
True,0.74618127282692,0
True,1.8287102184278,0
True,1.57887021495471,0
True,0.769482378924465,0
True,1.97260103538243,0
True,1.79227397472381,0
True,2.89760256840751,0
True,1.75715848996621,0
True,3.45430462694515,0
True,2.47068756817451,0
True,1.2577820380499,0
True,1.17355973282568,0
True,4.21819977868372,0
True,2.20375382983316,0
True,2.58592125457667,0
True,1.44475832591993,0
True,1.20800467036566,0
True,1.74766174657395,0
True,2.49062980747067,0
True,3.13436139474733,0
True,2.09032660902754,0
True,1.41611544107996,0
True,1.84031830245294,0
True,1.54250518077202,0
True,1.22254580558262,0
True,2.07567779365821,0
True,1.98349553979267,0
True,0.835586729335877,0
True,0.875561238762703,0
True,1.62261009357323,0
True,1.82809515127574,0
True,3.08354177014377,0
True,4.01915196325037,0
True,2.66393354404386,0
True,2.59460201074874,0
True,3.81193238054675,0
True,1.50878527457757,0
True,1.69456715041516,0
True,1.1750694920089,0
True,1.35639689849624,0
True,1.50711764738232,0
True,1.34000641949858,0
True,1.23069509063584,0
True,1.18247233046559,0
True,3.92191927679814,0
True,2.52241346873683,0
True,1.482552072804,0
True,0.5771735804916,0
True,3.55421911446109,0
True,1.01068319511503,0
True,1.89122887545563,0
True,2.24202602250276,0
True,4.49958011377752,0
True,1.84295618377005,0
True,0.967104081568776,0
True,1.58865270965351,0
True,1.4747274716218,0
True,1.97036282860831,0
True,2.32106648771277,0
True,1.88354895945735,0
True,2.61920445794193,0
True,1.13547969143719,0
True,1.43539245162966,0
True,2.40298245520083,0
True,2.6488448248566,0
True,1.10333440442777,0
True,2.33943703691041,0
False,2.58384593414032,9.03724859860021E-05
True,0.744481725323363,0
True,3.88522351102503,0
True,0.782414183488934,0
True,1.80125790415495,0
True,1.15984893781511,0
True,3.15441334631975,0
True,1.1476675012882,0
True,1.98716486513951,0
True,1.33821890759235,0
True,1.23935956385471,0
True,0.913766195572729,0
True,0.99077450557434,0
True,2.03003223238149,0
True,1.32122552476732,0
True,3.39714842637105,0
True,1.25409451582438,0
True,2.256669524445,0
True,2.19379806664405,0
True,1.42082281525274,0
True,1.3488573727904,0
True,1.22344952192295,0
True,1.21067482113258,0
True,2.06054582896205,0
True,3.26486261927999,0
True,1.50058723462657,0
True,1.48858576930838,0
True,1.42780943937561,0
True,1.35010740695053,0
True,1.84460917052187,0
True,2.31149770935642,0
True,1.21611933314199,0
True,1.68388795049229,0
True,2.10177640698322,0
True,2.37245039241659,0
True,1.42598536473584,0
True,2.20513017464783,0
True,1.89507007317097,0
True,1.8732628614991,0
True,1.20884184997705,0
True,1.08151081046369,0
True,3.70673862632519,0
True,1.04995905172645,0
True,2.46649190396017,0
True,2.58754197354645,0
True,2.51809034670033,0
True,1.71205660074307,0
True,1.49059165288424,0
True,1.45483447552069,0
True,2.12013090722114,0
True,1.56366512499812,0
True,1.28916748760625,0
True,1.46138423340427,0
True,1.09642342827262,0
True,2.3329217763621,0
True,2.72496360626582,0
True,2.36732000045111,0
True,1.61582832298148,0
True,3.93040153810616,0
True,2.82533756282211,0
True,3.27524896138668,0
True,2.08392094909975,0
True,3.01712770749237,0
True,2.27526400283408,0
True,2.795689299017,0
True,0.797604895252394,0
True,2.68780421798068,0
True,2.69698926650589,0
True,1.95367543582611,0
True,1.82711187754217,0
True,1.10813508172392,0
True,1.39233022712264,0
True,2.59029079516232,0
True,2.7509059404973,0
True,1.93419696734129,0
True,3.71402470087615,0
True,1.51128081713167,0
True,1.79175432735004,0
True,1.87871550171069,0
True,2.69487250172778,0
True,1.11270423954448,0
True,3.00104174731938,0
True,2.45645871191494,0
True,1.48826800521781,0
True,1.08353586155327,0
True,1.25222907474314,0
True,1.50213983554244,0
True,0.796153015295121,0
True,1.49708158913198,0
True,1.60555914424178,0
True,1.56428506094674,0
True,0.934270550563015,0
True,1.73151082717614,0
True,1.81948473065132,0
True,1.18072489730272,0
True,2.99968817528901,0
True,1.77140760512645,0
True,2.28416179914946,0
True,2.74132060065607,0
True,1.6901406021614,0
True,0.64161370624587,0
True,0.644757679068327,0
True,2.11730240499004,0
True,0.660757148528448,0
True,2.6814754209666,0
True,1.07739277310324,0
True,2.23142005458719,0
True,1.3792712197039,0
True,1.25505216297337,0
True,1.19707873996396,0
True,1.64379220591728,0
True,1.95775776481595,0
True,1.98856156196486,0
True,1.14065137698408,0
True,3.75613715413614,0
True,2.87633755690831,0
True,2.91242060507269,0
True,3.16082613128859,0
True,3.45022993207158,0
True,2.84957256215353,0
True,1.7379073523796,0
True,1.33421266754824,0
True,1.47091550608189,0
True,1.43457208404216,0
True,3.43910662527875,0
True,1.52260989536735,0
True,1.77290741045541,0
True,1.42512774891082,0
True,4.39818520647244,0
True,1.23787012150021,0
True,2.00380421639634,0
True,2.87226057886032,0
True,3.11529830645742,0
True,1.63582692952538,0
True,1.18412236421377,0
True,1.06887322768086,0
True,1.40690025334778,0
True,2.64210417743844,0
True,1.26692498437142,0
True,1.28714521550971,0
True,1.70083233225986,0
True,2.49925808429965,0
True,3.65750197564686,0
True,2.28988710298332,0
True,1.17672889813874,0
True,1.37036534840737,0
True,1.6490595653998,0
True,0.904371880215026,0
True,1.47540987832432,0
True,0.97192094641171,0
True,1.1103534727382,0
True,0.929541443762963,0
True,1.81544006746684,0
True,2.91568728406242,0
True,2.70087630076464,0
True,1.18607468806199,0
False,0.721045118417395,0.000421497265118216
True,2.34597942562575,0
True,1.14820341479554,0
True,2.26905830574735,0
False,2.13046818731232,0.000124289214225303
True,1.85559261824764,0
True,1.76054073053829,0
True,0.980173621278292,0
True,1.56875847270578,0
True,2.56626560333971,0
True,1.29173951592205,0
True,1.61028623858063,0
True,1.41041437586094,0
True,3.46594783225972,0
True,3.73790243209577,0
True,0.920708312302414,0
True,1.94112394827673,0
True,2.751092854671,0
True,2.24975145062387,0
True,1.98535540329091,0
True,2.41927647862769,0
True,2.22764783978236,0
True,1.09767226338133,0
True,2.52925116051536,0
True,1.97334323214937,0
True,1.43398988142784,0
True,2.60689893047364,0
True,1.91012836338222,0
True,2.38863334416505,0
True,1.28975912205701,0
True,3.73116425381892,0
True,0.951016372284033,0
True,1.99730970487318,0
True,0.838042600576313,0
True,1.1354171938758,0
True,2.33229793784955,0
True,1.98172988819528,0
True,3.0480492114702,0
True,0.981291157023855,0
True,1.38711838116305,0
True,1.13868812234046,0
True,1.1066388611212,0
True,2.03350852484759,0
True,3.02281294101901,0
True,2.4054195601038,0
True,0.696580615488893,0
True,1.29539792856844,0
True,0.968206525155524,0
True,1.44176232554118,0
True,2.02748779962453,0
True,3.07830370616335,0
True,2.02748861088245,0
True,0.98020233840818,0
True,1.20189131336432,0
True,1.66923186226821,0
True,0.832217161628493,0
True,1.60142503482323,0
True,1.60349702855722,0
True,1.72015094798503,0
True,1.74123628721026,0
True,2.16664435233079,0
True,2.48498314494918,0
True,0.958893081230442,0
True,1.39939066109626,0
True,2.22663048362966,0
True,2.45391506261434,0
True,0.591836888830959,0
True,1.30959832132948,0
True,1.72966131291566,0
True,1.18149675425198,0
True,1.04191256109161,0
True,1.12407543721901,0
True,1.57782491343089,0
True,1.3959772489877,0
True,2.31684870946746,0
True,1.54580634747248,0
True,1.7152073310504,0
True,1.51157723153002,0
True,1.43912841118818,0
True,1.38470095746394,0
True,1.56931491777857,0
True,1.3500541033379,0
True,1.77917047958557,0
True,3.07965699168355,0
True,3.11766279237349,0
True,0.822988474905089,0
True,1.35829549896697,0
True,2.51428478030136,0
True,1.8310676535733,0
True,4.15823600507317,0
True,1.6114797142055,0
True,1.52310891683877,0
True,1.36561563895525,0
True,3.46486962158706,0
True,1.17692989977512,0
True,1.3653008880024,0
True,1.79917572169557,0
True,1.39817448111747,0
True,1.48930669125211,0
True,3.85606221222252,0
True,2.77690865862852,0
True,4.06380873631918,0
True,1.42908418700507,0
True,1.29196015576194,0
True,2.74572820236179,0
True,1.09718763425087,0
True,1.53989161254386,0
True,2.56898234119106,0
True,2.06888138645425,0
True,2.69565078520799,0
True,1.54685549713278,0
True,2.06975259377329,0
True,2.25681205215667,0
True,1.45608784199686,0
True,1.87188921920528,0
True,1.55378543764531,0
True,1.22475221447382,0
True,1.89367172276338,0
True,1.74762002477039,0
True,0.937948927257905,0
True,0.67654724439346,0
True,2.2168529692131,0
True,2.11138520039228,0
True,2.61322616766101,0
True,2.91745519632616,0
True,1.46073305028002,0
True,2.93807341992108,0
True,3.18973461146236,0
True,2.25063520122661,0
True,1.35424192137849,0
True,1.20902723517246,0
True,1.63422910790311,0
True,1.79246722820857,0
True,1.38789095587686,0
True,1.09453350920375,0
True,2.19604453091236,0
True,1.56340439676493,0
True,1.55736705031669,0
True,1.38723631154927,0
True,1.77258660322244,0
True,1.14488667251172,0
True,1.67473860082529,0
True,1.78106680860892,0
True,1.33996223767151,0
True,0.802918248414505,0
True,1.72837646299464,0
True,2.14182044077702,0
True,0.68024103501663,0
True,2.00787618049797,0
True,1.38152765716213,0
True,2.02984679345469,0
True,1.62435305491076,0
True,1.4963172799535,0
True,3.9360332069932,0
True,2.51373890643224,0
True,1.3438765542951,0
True,1.69381030656765,0
True,0.935669377331715,0
True,2.01328905740056,0
True,1.7660120506756,0
True,3.4848915084943,0
True,1.51300290606329,0
True,1.32923689634745,0
True,3.91122451678678,0
True,2.34847362705616,0
True,1.13433618873082,0
True,2.30494803380893,0
True,1.9696503535456,0
True,3.58448553327045,0
True,2.59808153262009,0
True,3.37293515453352,0
True,1.7088298690672,0
True,1.97220064864659,0
True,2.52241633094469,0
True,1.82819741492931,0
True,2.08085801968151,0
True,2.24020883284229,0
True,1.25952660715063,0
True,2.38269550458348,0
True,1.51716864092693,0
True,1.53542663521507,0
True,1.17686120369759,0
True,2.11280278645437,0
True,2.46988923403344,0
True,1.31769093694616,0
True,1.73171189537091,0
True,1.1751392221397,0
True,2.57961080370724,0
True,2.04545623407574,0
True,1.66243333879485,0
True,1.59843529768003,0
True,2.43404543113215,0
True,1.69339712990921,0
True,1.66244599543937,0
True,1.19826952575202,0
True,2.55817755166476,0
True,1.57538586477599,0
True,2.14969237219368,0
True,3.59476745550599,0
True,0.971292367196194,0
True,0.770695452761701,0
True,1.05785065100234,0
True,1.39378200359507,0
True,1.60487300088327,0
True,0.714675431830025,0
True,3.6087838213225,0
True,2.04399218090293,0
True,1.4724527561893,0
True,2.09251531014463,0
True,2.35616484327954,0
True,2.02228963589853,0
True,1.04979213820837,0
True,1.95542597013565,0
True,1.79986468123033,0
True,2.0832146020004,0
True,2.47493570705571,0
True,1.85565278519614,0
True,2.58616443875567,0
True,1.23260016266635,0
True,2.48976072693793,0
True,3.80716760167438,0
True,2.13120739844494,0
True,1.00759518455416,0
True,1.50225455173244,0
True,2.39598717403695,0
True,1.3794548364006,0
True,1.36742736938721,0
True,1.14928319019813,0
True,1.83893066275433,0
True,2.02633032635212,0
True,1.93899407625668,0
True,2.76698635660585,0
True,2.17982017038333,0
True,1.19821769819082,0
True,2.88413334126438,0
True,1.87155634740346,0
True,2.30466612195306,0
True,2.15115259435694,0
True,2.429085274728,0
True,1.01006477513373,0
True,0.95114277828782,0
True,2.68287489904386,0
True,2.03333353352648,0
True,1.15307724431399,0
True,2.43620180398827,0
True,1.03806315094258,0
True,2.34451641972932,0
True,2.49123753639471,0
True,1.56924349680516,0
True,1.96129592440251,0
True,1.75891049381936,0
True,3.19283398358525,0
True,3.23847990368995,0
True,2.34848453734509,0
True,1.47682500194309,0
True,3.17892266204483,0
True,2.56621479685118,0
True,3.204508829966,0
True,3.73926017818837,0
True,1.37160718324588,0
True,0.768199366872052,0
True,1.46846186038663,0
True,2.36674305180426,0
True,2.40584318728103,0
True,2.79654723644446,0
True,2.04054743049836,0
True,1.36633175603568,0
True,2.30222103899068,0
True,2.15154562511755,0
True,1.2691345402985,0
True,1.3752691867822,0
True,1.61890040889611,0
True,1.36340112095074,0
True,2.0480522331961,0
True,2.2939717202094,0
True,4.4095877436534,0
True,4.06232564537987,0
True,1.17137474667127,0
True,1.91294652101593,0
True,0.936848188656207,0
True,0.855760694394566,0
True,1.07188879892105,0
True,2.01388265256414,0
True,1.85878229242421,0
True,2.21844952262898,0
True,1.44503638748953,0
True,3.9876442344213,0
True,1.18689878165492,0
True,1.64756862657927,0
True,1.1371264361694,0
True,0.961555881584743,0
True,2.24906683239069,0
True,1.56294026828652,0
True,1.48782862003724,0
True,2.90471037048305,0
True,1.79696360111152,0
True,1.72608899994551,0
True,1.16841129249202,0
True,4.21694065908916,0
True,1.39986944827376,0
True,1.7309035796533,0
True,2.0407130714062,0
True,3.24914355603669,0
True,3.45716002247903,0
True,1.41500525112639,0
True,4.25755054032539,0
True,0.831797087818411,0
True,1.36699656851945,0
True,2.48112464745014,0
True,2.66690543844027,0
True,1.83917445695054,0
True,1.05634761326828,0
True,1.30496415199928,0
True,2.04278251029635,0
True,2.0837503371467,0
True,1.97118249578793,0
True,1.65745545037786,0
True,1.99197789861893,0
True,1.6098480262646,0
True,1.54212348196625,0
True,2.53060517727585,0
True,2.27827422595176,0
True,3.30557070285236,0
True,1.89187233820393,0
True,1.92710921361329,0
True,2.64003553904889,0
True,3.45577596936794,0
True,2.37687100349869,0
True,2.2668854429024,0
True,0.849699694634749,0
True,2.21156502710585,0
True,1.02074343998901,0
True,1.17183732854561,0
True,1.72363552918265,0
True,1.89205222382999,0
True,2.25678479068887,0
True,1.61527508537265,0
True,1.50255252527653,0
True,3.35531814764321,0
True,2.53630856699569,0
True,1.25764991280824,0
True,1.04363933468407,0
True,2.18545144606943,0
True,1.91741774572995,0
True,1.23604218017153,0
True,3.67295272378851,0
True,2.33904795896881,0
True,1.28664609100012,0
True,2.46090008541339,0
True,2.55444134571729,0
True,3.59650589874968,0
True,1.97893561498417,0
True,0.698134153099488,0
True,1.80094353622053,0
True,1.92848389509551,0
True,1.94989133643258,0
True,2.09768340699847,0
True,2.64029470090473,0
True,1.02885194691941,0
True,2.54841777874843,0
True,1.61795776626558,0
True,2.58926396938301,0
True,2.73234163937082,0
True,0.836043101776856,0
True,1.0804229022752,0
True,1.73303622670418,0
True,2.2218677386059,0
False,1.6960382002573,0.000710200045787225
True,1.40565989299792,0
True,1.09936098384406,0
True,3.92182559198214,0
True,1.98510998522847,0
True,2.15668457443798,0
True,1.40034418960584,0
True,1.45183066447328,0
True,2.30801564660192,0
True,2.01578842281267,0
True,2.10026641425895,0
True,1.18825834660829,0
True,1.45688313980144,0
True,1.64959109826089,0
True,2.28848224997331,0
True,1.64813660191078,0
True,0.988726364866282,0
True,2.16603910771386,0
True,1.44304629039412,0
True,1.60442522550236,0
True,1.45422198804519,0
True,1.42133022466774,0
True,2.67133811273937,0
True,2.26184616378529,0
True,4.28446904459809,0
True,1.78520811805371,0
True,2.55165336610304,0
True,1.14291382043357,0
True,1.33825611724544,0
True,2.71829849697362,0
True,2.56808805943887,0
True,2.56395111561978,0
True,1.84362961360156,0
True,1.2200994289851,0
True,1.21493585368567,0
True,2.17999225160276,0
True,2.53601511315495,0
True,2.41256691354805,0
True,1.60759672626808,0
True,1.78380227320948,0
True,2.37238372902925,0
True,1.6592177392645,0
True,1.49941042028094,0
True,1.69644538227809,0
True,2.09820596752187,0
True,1.67849823524417,0
True,1.49790617116613,0
True,1.42555831810988,0
True,1.08632859802351,0
True,0.949868263934301,0
True,2.71777383851342,0
True,2.38157255300326,0
True,1.43113379773646,0
True,0.996951670896122,0
True,2.15766372208534,0
True,1.4936930135243,0
True,2.34813494404299,0
True,3.11926407401871,0
True,0.854406788649631,0
True,2.29790764508942,0
True,0.958905070084058,0
True,2.57818910365123,0
True,1.77392047612807,0
True,1.59394047490353,0
True,1.04236743463122,0
True,1.08744628293897,0
True,0.996884481543572,0
True,2.1330723162048,0
True,2.22306991263593,0
True,1.81513333922716,0
True,1.39928580983921,0
True,1.11559528035708,0
True,2.16347582557067,0
True,1.3080934444934,0
True,1.05868135784718,0
True,1.23472677543683,0
True,1.06336440499521,0
True,1.17184462373593,0
True,0.92372131230208,0
True,3.36568342364691,0
True,2.05357687124756,0
True,1.88993118944859,0
True,2.90506193637394,0
True,1.32630351136243,0
False,2.49520851970267,0.000463530173893562
True,2.13838187949471,0
True,2.78905634749519,0
True,1.30594948297327,0
True,1.36733137186667,0
True,1.48186109916381,0
True,0.94371562170366,0
True,2.89199534242933,0
True,2.58982415358428,0
True,1.83281635048593,0
True,2.33908288137791,0
True,1.73809920838697,0
True,1.12005420043162,0
True,1.09361709019684,0
True,1.23409249111217,0
True,1.60339259946064,0
True,4.55142811716111,0
True,2.08857739664755,0
True,1.47000249091055,0
True,2.85696951503058,0
True,0.825329835412168,0
True,3.2036101219741,0
True,1.23691831387677,0
True,2.21637360310498,0
True,1.69536199526585,0
True,1.22562138718954,0
True,1.15963472751003,0
True,0.595631825544416,0
True,1.79694831846141,0
True,3.38468596862547,0
True,1.78448350558095,0
True,1.00714687318204,0
True,2.70474125159798,0
True,1.60308212286008,0
True,1.63107173528597,0
True,2.46476460203636,0
True,2.42280700714404,0
True,1.60161630235989,0
True,0.727388613238854,0
True,1.55809149198465,0
True,3.74611362649302,0
True,2.16080984009196,0
True,2.58032671112308,0
True,2.43608802119891,0
True,2.67302604566132,0
True,2.00123326857601,0
True,1.43367408960499,0
True,1.12427399141681,0
True,1.22378004901756,0
True,4.13530034176326,0
True,2.68602808019484,0
True,2.29912165891775,0
True,2.25514269623951,0
True,1.01907926759899,0
True,2.14777047653075,0
True,2.13470901264662,0
True,3.38711323993477,0
True,2.36701261711788,0
True,2.69923960333413,0
True,3.72530889897928,0
True,2.00517506000263,0
True,1.91162180299215,0
True,2.16289201666865,0
True,2.17454353084418,0
True,2.26661894995817,0
True,1.89172403330729,0
True,1.10811967818184,0
True,1.50881169232228,0
True,1.86124291709667,0
True,1.68142218884031,0
True,0.737589259853998,0
True,1.03485170916625,0
True,1.60535402438636,0
True,2.00521440765767,0
True,2.83813846054946,0
True,2.45229469791037,0
True,1.67026969092799,0
True,0.962033644674977,0
True,1.99326525373358,0
True,3.34263480210104,0
True,1.83013764578027,0
True,0.883764036778529,0
True,2.52958095978636,0
True,1.39479760896814,0
True,1.47670112738384,0
True,3.27079748365887,0
True,1.3810165979725,0
True,1.81812848498204,0
True,2.92501767553397,0
True,2.94532312091876,0
True,1.95176196126303,0
True,1.79196723432606,0
True,0.879865143052442,0
True,1.61902880129793,0
True,2.28368877335603,0
True,1.76030769200295,0
True,2.10421068059865,0
True,1.72093538172028,0
True,2.46983413494967,0
True,1.64383644935854,0
True,1.63114146966634,0
True,1.29501293093361,0
True,2.12347291384575,0
True,3.49458326787781,0
True,2.23492669766318,0
True,1.28554396228465,0
True,1.53403566536451,0
True,0.684393196164739,0
True,0.962718739774529,0
True,2.02779480984627,0
True,1.13360922480317,0
True,1.56517831769874,0
True,3.00059225078742,0
True,1.44332396097419,0
True,1.70988911559444,0
True,1.49038403666018,0
True,2.17631755444871,0
True,3.01851415247291,0
True,1.79124576793748,0
True,1.99749417168223,0
True,3.22184646496542,0
True,1.3175850958227,0
True,1.76260136715353,0
True,2.30814614318367,0
True,0.959560870839026,0
True,1.91100105801873,0
True,1.70361741689503,0
True,1.00604057304596,0
True,1.41345049240514,0
True,2.44383552258085,0
True,1.47470514736829,0
True,1.97041618863185,0
True,1.89291364224975,0
True,2.24983041557264,0
True,1.71901203533026,0
True,2.16059148459933,0
True,2.42944135421349,0
True,1.23537138090509,0
True,0.972377325408047,0
True,1.23097213536602,0
True,1.58571588073201,0
True,1.95384079602541,0
True,2.18388648854096,0
True,1.22517266566417,0
True,1.55859418777974,0
True,1.09256555464285,0
True,1.69858667225509,0
True,1.68378593492041,0
True,1.80841677411869,0
True,1.9490576045334,0
True,0.659147954478138,0
True,0.70140833047473,0
True,1.94455476574335,0
True,1.8494539062974,0
True,2.66333429657499,0
True,1.36339553713545,0
True,1.28813103079267,0
True,1.10472264948052,0
True,2.4210911726026,0
True,1.75419338043988,0
True,2.23592038489784,0
True,1.36246451573615,0
True,2.22645132154926,0
True,1.35153082577714,0
True,1.36264841762192,0
True,1.41822950925233,0
True,2.08166667637749,0
True,1.0409431966817,0
True,1.54679665078474,0
True,4.54374849674858,0
True,2.49810864020999,0
True,1.50485846147565,0
True,1.26248849901563,0
True,1.67847303655433,0
True,1.97078648046275,0
True,0.971176903969822,0
True,3.53377449472146,0
True,2.61489471198538,0
True,2.44821029169181,0
False,1.70290311869636,0.000141926227915214
True,1.3446110560077,0
True,1.18457683023589,0
True,1.33588945353517,0
True,2.88614579236708,0
True,2.90691752746336,0
True,2.52245148706453,0
True,1.19479410171865,0
True,1.68654082315207,0
True,0.853112465816521,0
True,3.41019256541413,0
True,1.90688612531277,0
True,2.82834853697658,0
True,2.66403962126081,0
True,2.68462194852342,0
True,3.10320428699338,0
True,1.6908202355329,0
True,2.67206772986795,0
True,3.52231520398395,0
True,0.694154094911086,0
True,1.15350839167278,0
True,1.12091477521785,0
True,2.05730252526336,0
True,3.05584538943103,0
True,2.67578717561076,0
True,3.41527608789462,0
True,1.81922012519626,0
True,1.49368121892844,0
True,0.760923711074817,0
True,1.97936274737515,0
True,2.45141487384024,0
True,1.27607182525371,0
True,1.99632755032573,0
True,2.51751243017315,0
True,2.1422447516274,0
True,1.66851731993925,0
True,2.04452901916674,0
True,2.39803228332583,0
True,1.69318567781808,0
True,3.63604563690946,0
True,3.01145661508887,0
True,2.35221625091043,0
True,1.38310285926153,0
True,1.96957619236187,0
True,1.68776442159854,0
True,2.62996700239922,0
True,2.27764456015831,0
True,1.1592517123899,0
True,2.53330458870564,0
True,2.39746060493645,0
True,2.04925145721731,0
True,4.12626064584017,0
True,1.93299609403314,0
True,1.16410715969659,0
True,3.35489745921567,0
True,2.2803092285301,0
True,1.08558355701919,0
True,1.28119616081276,0
True,2.35565654006025,0
True,2.07182283291995,0
True,1.20418646756381,0
True,3.4574433779429,0
True,2.38769966467974,0
True,1.47434627326738,0
True,0.993781671370273,0
True,2.18805620997551,0
True,2.3471920743014,0
True,1.77079961594884,0
True,1.77951430360901,0
True,2.1358822660074,0
True,1.73913997178413,0
True,1.29222282069388,0
True,1.31648982857733,0
True,3.37541828685727,0
True,2.18266845323208,0
True,1.31275844315932,0
True,0.796780634519322,0
True,1.63090717313228,0
True,2.28645366911331,0
True,1.79825506428155,0
True,1.04772564393262,0
True,3.76416014193128,0
True,2.42929253035126,0
True,3.00256710148936,0
True,0.946558973576534,0
True,1.57897012354536,0
True,3.0129678106539,0
True,1.78498881069887,0
True,1.70905565266387,0
True,1.88344510029034,0
True,0.967635161299337,0
True,1.27384289600419,0
True,3.78434788189896,0
True,3.98677835238338,0
True,1.44549749178079,0
True,1.37073824820679,0
True,1.1706875299654,0
True,1.16572097793932,0
True,2.07319720367214,0
True,2.10360403364103,0
False,1.11927641094121,9.96933747630824E-05
True,3.32489116968158,0
True,4.35771232308691,0
True,2.10612202692258,0
True,1.96467766539415,0
True,1.79564443445931,0
True,3.06943306447997,0
True,1.91980310647883,0
True,0.865415353808694,0
True,1.79718299821388,0
True,2.55085795901215,0
True,1.94266386297331,0
True,1.6767012098061,0
True,2.20007587422197,0
True,2.72615953801961,0
True,1.10995528305837,0
True,1.11896134782636,0
True,2.61086558584221,0
True,2.61876166065569,0
True,2.02307342559011,0
True,1.4078863382597,0
True,1.17566978276745,0
True,3.39739079177221,0
True,0.936415753282033,0
True,1.59976285306796,0
True,2.35141215432764,0
True,1.72158408211622,0
True,2.59734819711773,0
True,2.60943339254823,0
True,1.20838018962231,0
True,2.31422451977324,0
True,1.77614809307195,0
True,2.04450746878318,0
True,1.54151459846983,0
True,1.02078118998517,0
True,2.42401727780748,0
True,2.85359550662373,0
True,2.66786837360707,0
True,2.6244442497776,0
True,1.37115213663399,0
True,1.03452664678283,0
True,3.53617660996772,0
True,1.39399239675394,0
True,1.28708311301068,0
True,2.6697463140996,0
True,3.3947877241054,0
True,0.868503936635757,0
True,3.48592364964083,0
True,2.54213232393035,0
True,1.79420689087201,0
True,1.57055055099303,0
True,3.67945670646049,0
True,2.30143898374667,0
True,1.71716986186623,0
True,3.8531407499702,0
True,2.60372080737286,0
True,2.01570331113868,0
True,1.35697841594182,0
True,0.961426716720371,0
True,1.10956818491237,0
True,2.04040361180056,0
True,2.09307624539001,0
True,2.05194315356541,0
True,0.920476129248421,0
True,1.11252071604054,0
True,0.833998462290449,0
True,1.59156674768208,0
True,2.25733327854036,0
True,2.613016636926,0
True,1.02271338157158,0
True,0.886218198819476,0
True,1.50669424595682,0
True,1.64811692643685,0
True,1.96729534503317,0
True,1.590725431412,0
True,1.89291194755865,0
True,3.45138119138817,0
True,2.75249152898813,0
True,1.40253990504144,0
True,3.61828819558339,0
True,2.92203740218653,0
True,1.97398249611499,0
True,1.27661511072835,0
True,1.28430265183842,0
True,1.55837405677098,0
True,1.92577538870829,0
True,1.88162682142466,0
True,1.41449406328818,0
True,1.70695837063926,0
True,1.02861158958558,0
True,1.37610564169431,0
True,2.04869251554292,0
True,1.31334186520433,0
True,1.33260525000826,0
True,1.6526030818837,0
True,1.58670009937207,0
True,2.95106167699029,0
True,2.6484381192571,0
True,1.12353585265842,0
True,2.10634541272978,0
True,2.97576206101745,0
True,2.29041297942315,0
True,2.47438736510516,0
True,2.82484678115139,0
True,2.61888739527563,0
True,3.50934943882899,0
True,1.24875735613224,0
True,1.46282951222137,0
True,2.53247414003564,0
True,0.913016458612481,0
True,2.12008225676142,0
True,2.00889516865558,0
True,1.70904812337332,0
True,1.40708677303737,0
True,1.58980897376235,0
True,1.9737015388569,0
True,1.38658771935238,0
True,2.19495056275285,0
True,1.76653425358571,0
True,1.86398121085918,0
True,2.10715203511115,0
True,2.25873756297555,0
True,1.62153342923334,0
True,3.0368083087593,0
True,2.30874815356014,0
True,1.10854434707099,0
True,2.74993044925539,0
True,2.39451752119069,0
True,1.90142420829687,0
True,2.395011794997,0
True,2.82467273415059,0
True,1.70834622233457,0
True,1.81355890256371,0
True,0.690817676188903,0
True,2.19034883479011,0
True,2.13286489857564,0
True,1.37663909075232,0
True,0.903085068603637,0
True,1.08752081927137,0
True,0.724410782996527,0
True,2.20897012180669,0
True,2.364175015682,0
True,0.659531351915581,0
True,2.01170059348145,0
True,3.5713660969879,0
True,3.01645323236552,0
True,1.02137806755444,0
True,1.36380996574159,0
True,2.12743402942903,0
True,1.94391361668454,0
True,2.01388021670575,0
True,3.39986736600254,0
True,2.39816904200016,0
True,2.19637669428056,0
True,2.02315430755165,0
True,1.71160363509093,0
True,1.99310924012059,0
True,3.23996907568091,0
True,1.61604237936864,0
True,3.25757827516569,0
True,2.85439986196169,0
True,0.735899058786165,0
True,2.72972018962187,0
True,1.27165338861527,0
True,3.43284370348023,0
True,1.67586417847023,0
True,2.77775931110186,0
True,2.18801236005374,0
True,2.04543981334517,0
True,2.20145455422413,0
True,1.99686174921272,0
True,3.62334300852052,0
True,2.34424521344815,0
True,1.23457565503896,0
True,1.22739869098864,0
True,1.43187008287042,0
True,1.82773619155952,0
True,2.10388591275237,0
True,1.19002982531394,0
True,2.092523368376,0
True,2.37462604029663,0
True,0.758715505272994,0
True,0.943812363594022,0
True,3.42648621168653,0
True,2.97388504328307,0
True,1.7131854224919,0
True,3.10716299245777,0
True,1.35366090496609,0
True,3.63842613571008,0
True,3.54027793220276,0
True,1.47092310019313,0
True,1.69581866148085,0
True,2.52599532345279,0
True,2.2385294904748,0
True,2.51973039148863,0
True,0.583122882945015,0
True,1.53805879321171,0
True,2.92395544752691,0
True,1.10866743560768,0
True,1.51757832411773,0
True,1.16366521025949,0
True,1.49336960777778,0
True,2.09671397608106,0
True,1.55508342932328,0
True,2.2428025019408,0
True,2.34322105473548,0
True,2.25725609794765,0
True,3.44740234561803,0
True,1.19533252140411,0
True,1.8549738319682,0
True,1.74581063530524,0
True,3.05643472299024,0
True,3.62861055222373,0
True,1.68702344597622,0
True,0.598825872902416,0
True,3.66223085442777,0
True,0.950311299922297,0
True,2.10400674024902,0
True,1.7587215826403,0
True,1.95977623204569,0
True,2.18576147403426,0
True,1.6579803129805,0
True,1.18319682278665,0
True,4.07983394959777,0
True,1.70214222275275,0
True,1.42787719933245,0
True,1.62754691928982,0
True,3.4699811331189,0
True,1.59297817607098,0
False,4.06168515456694,0.000526477918543283
True,4.03590964609162,0
True,1.48986948892278,0
True,0.971838834062603,0
True,0.961250064645308,0
True,1.43218758799828,0
True,2.9635871324431,0
True,1.90331241957834,0
True,2.48767205773161,0
True,1.87093298396314,0
True,3.77528729154122,0
True,3.3337208931778,0
True,2.46930957566719,0
True,1.30848248993355,0
True,2.21910406492597,0
True,1.63382150305566,0
True,1.5099945954384,0
True,1.93065669512073,0
True,2.30839589845485,0
True,2.5523943025033,0
True,1.52611860993002,0
True,0.684219961439678,0
True,1.12104175952254,0
True,2.16143886968705,0
True,3.50912667150289,0
True,1.59320583393753,0
True,1.34916612472834,0
True,0.962661346972405,0
True,2.06827181589738,0
True,1.46511512480237,0
True,1.10216625611147,0
True,1.95028767816561,0
True,1.76463820341165,0
True,1.74293155966607,0
True,1.91861303892336,0
True,1.01512787967891,0
True,1.66893980895271,0
True,1.46494130904073,0
True,1.76924528315664,0
True,1.99291297448455,0
True,1.57257350700129,0
True,3.64096990034961,0
True,3.90291180929148,0
True,2.97969080206777,0
True,2.68532881110826,0
True,2.10702583471487,0
True,1.52845233742804,0
True,0.823859952076823,0
True,1.57377968135183,0
True,1.73110842937035,0
True,1.25208208163947,0
True,1.27322590193523,0
True,1.85716900772927,0
True,2.70174321067152,0
True,1.58827345088899,0
True,1.41216797689814,0
True,1.28850040479744,0
True,0.789855742550343,0
True,1.2203404970761,0
True,3.4794287336209,0
True,2.04692045038435,0
True,1.24269208516464,0
True,3.03740692866134,0
True,2.50091601264869,0
True,1.55662465565857,0
True,2.97165118225431,0
True,1.1465558526561,0
True,4.15549124910074,0
True,1.9617175539769,0
True,2.27309583738736,0
True,1.42532191504911,0
True,1.56823364774963,0
True,1.12725274434247,0
True,1.44579235845508,0
True,2.8907751341677,0
True,2.97326794035273,0
True,2.19536497776168,0
True,3.62029732390488,0
True,2.26338696238919,0
True,1.2368850593422,0
True,1.24181694472837,0
True,1.27142251678071,0
True,3.19194172461074,0
True,1.62738709771788,0
True,3.61231246850852,0
True,1.82490693847559,0
True,1.17475891419313,0
False,2.09392811838996,8.22441790051965E-05
True,1.43091565467724,0
True,2.22704771845373,0
True,0.948207054434918,0
True,1.50004904619521,0
True,2.75695471777969,0
True,1.54022799372908,0
True,1.39527510433216,0
True,1.45713082926926,0
True,2.40551572351413,0
True,2.4719045797138,0
True,0.954887036752096,0
False,3.92293608100619,9.19898382674609E-05
True,1.10107450748051,0
True,1.30346364188573,0
True,1.38071160686117,0
True,3.7655159055851,0
True,1.65816142348052,0
True,3.55106925813948,0
True,1.08399675023983,0
True,3.41078644917032,0
True,2.48924670619896,0
True,2.61582013837103,0
True,1.93784989510216,0
True,1.86607696305067,0
True,2.5502589440287,0
True,1.17606057039137,0
True,1.14889302615397,0
True,1.19675454045582,0
True,1.09189436086151,0
True,1.5814833198661,0
True,2.36270290159715,0
True,2.93439416199171,0
True,2.20566467059273,0
True,1.84159660893205,0
True,1.58723142075862,0
True,1.28529199105786,0
True,1.84918035885785,0
True,1.48822356283524,0
True,1.65067569722092,0
True,0.972432205247709,0
True,3.67919953518546,0
True,1.51641047948288,0
True,2.24887667870128,0
True,1.65981025335868,0
True,3.47912360669292,0
True,3.52543795060943,0
True,3.13708743847512,0
True,2.82440367120263,0
True,3.76700153333845,0
True,3.78326566267954,0
True,1.16943928581643,0
True,1.48483531983729,0
True,1.80546921153396,0
True,1.79930615139023,0
True,1.3639711893708,0
True,1.87213702338982,0
True,1.28855450616088,0
True,1.64226701770894,0
True,2.15862338683663,0
True,1.53986722171453,0
True,1.77252966105392,0
True,2.67346258398267,0
True,2.80637797836903,0
True,2.17714656709155,0
True,1.97092009771816,0
True,0.951302163917916,0
True,1.79249345428345,0
True,1.75217426505639,0
True,1.70140112748987,0
True,3.55296810046827,0
True,2.43252486344484,0
True,1.73121461176314,0
True,2.20597141248732,0
True,1.31701272582243,0
True,0.868962537501228,0
True,1.16858025565655,0
True,1.01159726115345,0
True,1.12843180560016,0
True,1.07274703096763,0
True,2.41442103185113,0
True,2.3497207780042,0
True,2.45287987503254,0
True,1.81874696372052,0
True,0.910978132872978,0
True,1.17725298816192,0
True,0.831748932035737,0
True,2.34682562008921,0
True,2.56425454211279,0
True,2.21987655776013,0
True,1.91395411856547,0
True,1.95204470727871,0
True,2.79850330492569,0
True,1.72832665389021,0
True,2.67803799477614,0
False,3.18911234586931,0.000151002233918989
True,1.12483652860281,0
True,1.48469000389306,0
True,1.17084673970607,0
True,1.02758977970173,0
True,3.21891064538672,0
True,2.14708265743816,0
True,2.17078515135022,0
True,2.1657498809862,0
True,1.08670411091366,0
True,1.93904369728326,0
True,1.64231761806413,0
True,1.49826335185489,0
True,3.62224797905441,0
True,2.3590327605735,0
True,1.8425402281785,0
True,1.61634411482525,0
True,0.926089609185336,0
True,0.997182277918668,0
True,1.32744318754605,0
True,1.63194764174511,0
True,1.81750205303617,0
True,1.17226055358748,0
True,1.57105961217126,0
True,0.677849103813591,0
True,1.21167193391941,0
True,0.853520445611238,0
True,2.60533498357695,0
True,1.55031635989935,0
True,1.41166804490067,0
True,1.52686253040341,0
True,1.13016655955733,0
True,1.55588406589407,0
True,2.30661495314874,0
True,1.86073997183665,0
True,1.42956620717155,0
True,2.19426972148645,0
True,1.04834997816518,0
True,1.91694203457015,0
True,2.16799741412695,0
True,3.03058947209856,0
True,2.57239992878602,0
True,1.80501228559991,0
True,2.4854424427871,0
True,1.78014520238642,0
True,1.95844540075162,0
True,1.13682133030095,0
True,1.51897474386674,0
True,1.38208098194354,0
True,1.49006579858897,0
True,1.66859922946997,0
True,1.19156574464731,0
True,2.81558182475871,0
True,2.21951639187077,0
True,3.49440772282561,0
True,3.28043693017953,0
True,1.58885687408301,0
True,2.02526170811907,0
True,1.80456037451403,0
True,1.53331628267587,0
True,2.49072391008939,0
True,1.73442428962525,0
True,1.26181384091545,0
True,1.10618643269806,0
True,2.28577008118586,0
True,1.00391297309607,0
True,2.15165420848975,0
True,1.3163810256912,0
True,1.70775593803335,0
True,1.94535565671858,0
True,0.969195286367585,0
True,2.44517158565393,0
True,1.79549459493717,0
True,1.62686249537485,0
True,2.39582572351097,0
True,1.94691430361533,0
True,1.55121836699021,0
True,1.89899770723041,0
True,2.5937588790558,0
True,2.58324575190841,0
True,0.778433081569083,0
True,2.24475102796707,0
True,3.18533695594009,0
True,3.66537840552766,0
True,4.58815673500966,0
True,2.52779305227841,0
True,1.67581564311018,0
True,1.36015984815783,0
True,1.32352604353391,0
True,2.4443562009602,0
True,3.57941144698412,0
True,4.05109424028679,0
True,1.26770314399239,0
True,2.04441304970035,0
True,1.82982511051095,0
True,1.40779376088872,0
True,1.91466342674339,0
True,1.2543709921284,0
True,2.13512266451657,0
True,3.16299320854157,0
True,3.06590861326063,0
True,3.41714075725875,0
True,3.51862170141552,0
True,3.19082110269443,0
True,1.38851949026725,0
True,2.99717367191941,0
True,2.48620237760469,0
True,2.42258804053683,0
True,1.85092684178612,0
True,1.67926335914177,0
False,1.76172965985933,0.0003531164765272
True,1.2585788596977,0
True,2.63054845808298,0
True,2.51328427061828,0
True,1.32097782535373,0
True,1.29777661970154,0
True,1.05539358521889,0
True,1.76121999727127,0
True,3.62973888015467,0
True,0.949510613658359,0
True,1.07005983556192,0
True,2.11869267573981,0
True,0.853191163317743,0
True,0.768328577058958,0
True,1.79061889966719,0
True,3.42179451489071,0
True,2.01397799610998,0
True,1.34903799780448,0
True,1.75911588850762,0
True,2.68661930163532,0
True,2.85278145649961,0
True,0.794921988298208,0
True,2.94522010158509,0
True,1.51315942925964,0
True,1.04994626066253,0
True,1.50857526617364,0
True,1.32782716951477,0
True,0.687074919872861,0
True,1.71171955450378,0
True,1.06322371087109,0
True,1.27965068262531,0
True,1.98045975863055,0
True,1.27164810344294,0
True,4.08964073350412,0
True,4.31998690987356,0
True,1.81027360334633,0
True,2.31869725305543,0
True,1.0619645345168,0
True,0.843464968740487,0
True,1.11771294717418,0
True,0.846428495724675,0
True,2.78039883461671,0
True,3.30405205938314,0
True,4.28095621986874,0
True,1.01703478197476,0
True,3.98503979081915,0
True,1.8839063301071,0
True,1.68541204823234,0
True,0.863290793560032,0
True,1.89027404758722,0
True,0.508169402919274,0
True,1.05784557900655,0
True,2.56501351830889,0
True,1.97774062774802,0
True,1.21921336837316,0
True,2.0053097489606,0
True,1.35589584352667,0
True,2.68755765803535,0
True,1.870510772685,0
True,2.10940906902928,0
True,2.59777703885592,0
True,2.82407077763984,0
True,2.23331051206583,0
True,1.23551094915839,0
True,3.38133513935312,0
True,2.42704107874838,0
True,0.33732309591045,0
True,2.3776249093612,0
True,2.75323724765854,0
True,2.70656859685259,0
True,2.27185257871156,0
True,1.45697156300781,0
True,1.03988727973451,0
True,1.64093444849063,0
True,1.02981012159305,0
True,2.30440515166673,0
True,3.14693654659135,0
True,1.66711829601458,0
True,0.836641035173241,0
True,1.81221789707878,0
True,2.32449903143628,0
True,3.2685387971284,0
True,2.08606154035851,0
True,0.947929511832825,0
True,1.21748273156105,0
True,1.12500820079864,0
True,0.971310760065075,0
True,1.33979350882162,0
True,4.18914572566071,0
True,1.35432930736298,0
True,1.85994827941424,0
True,2.44502910221236,0
True,0.822459359027995,0
True,1.7497055400321,0
True,2.66113139317977,0
True,2.21783975057546,0
True,1.51927729030063,0
True,1.01774050095565,0
True,0.980612119438359,0
True,1.26364210493758,0
True,0.888843726604512,0
True,1.77353999120958,0
True,1.94523432299046,0
True,1.41607766893694,0
True,2.22780472687509,0
True,2.01858913302475,0
True,2.8092640890149,0
True,1.51300204462115,0
True,1.21712991700794,0
True,1.70053790841789,0
True,1.98957963463677,0
True,1.52388064561661,0
True,1.54968594741842,0
True,0.786422359699873,0
True,1.9003014678066,0
True,1.49505030726882,0
True,2.49573191191154,0
True,2.11581057654665,0
True,3.32176340567917,0
True,1.80066986863544,0
True,1.25798305268725,0
True,0.781954366567899,0
True,1.7503386407856,0
True,1.48970233406836,0
True,0.849617171981251,0
True,2.02916730806489,0
True,2.13530128278725,0
True,1.98752888881185,0
True,1.49848670762585,0
True,1.61835626836368,0
True,1.88589776632947,0
True,2.28576200143564,0
True,1.231012006327,0
True,2.36745438675249,0
True,2.38311846388935,0
True,1.10203054769229,0
True,3.75795983864604,0
True,2.49254294712389,0
True,1.20320591694523,0
True,1.92360600842697,0
True,2.36184265115629,0
True,2.13899323311483,0
True,2.55712994330447,0
True,3.74158939732112,0
True,4.31591831786181,0
True,1.25126768860996,0
True,2.403568794669,0
True,3.41107990928384,0
True,1.67045012549848,0
True,1.28104607790736,0
True,2.64956168763529,0
True,2.67697091264843,0
True,1.33417696653697,0
True,0.830298963752839,0
True,1.244843683782,0
True,2.48037998993078,0
True,1.25153087003931,0
True,2.45118786645667,0
True,2.36051917144658,0
True,3.25369480215951,0
True,2.14393793706029,0
True,1.89961901798711,0
True,1.70777257476903,0
True,1.0378415264891,0
True,1.63365161788643,0
True,2.37597339631273,0
True,1.56359417396631,0
True,2.60220447293117,0
True,2.84728385511748,0
True,1.80178064539492,0
True,2.02166955497797,0
True,2.75483580824198,0
True,0.629734586025042,0
True,1.30108724714085,0
True,2.8261081180532,0
True,1.45033295822096,0
True,1.18891334387162,0
True,2.92262004484975,0
True,3.53778806802843,0
True,4.53351997955793,0
True,0.994556288919377,0
True,2.33915913390114,0
True,3.68534788976088,0
True,1.68916196916198,0
True,1.29406967938854,0
True,1.73398294108683,0
True,0.880677940557499,0
True,2.44462154806554,0
True,1.12983970700213,0
True,1.01100057068092,0
True,1.25941632133866,0
True,1.09632087318801,0
True,1.68651868745725,0
True,1.98182375112106,0
True,1.553571242373,0
True,1.76621401707525,0
True,1.99725360861503,0
True,1.81603984128969,0
True,1.80979486751203,0
True,2.10739259338509,0
True,1.87000202567652,0
True,1.80386096579685,0
True,2.09074508480257,0
True,2.14327141164336,0
True,1.72836492769048,0
True,3.05669930846281,0
True,1.73829329861023,0
True,4.10638429645113,0
True,4.17687905628822,0
True,1.68712134994828,0
True,2.21446268285479,0
True,2.33985888483013,0
True,2.70282441141091,0
True,0.807831368980833,0
True,2.09219600149705,0
True,2.74760105098375,0
True,1.36164347716383,0
True,1.05577869206483,0
True,1.88754856008329,0
True,4.51680237713333,0
True,1.3572324159053,0
True,2.93448517695575,0
True,2.53749234699636,0
True,1.33735147466914,0
True,1.91469690360724,0
True,1.65272345554631,0
True,2.00202158580637,0
True,1.21023826693607,0
True,0.992479651152534,0
True,1.76144257324563,0
True,1.71935450908666,0
True,1.37733048982288,0
True,2.55505065856543,0
True,1.46660012328035,0
True,3.09597433945763,0
True,1.69780166708453,0
False,1.68952021291698,8.11075980538175E-05
True,1.35005408057228,0
True,1.40166291922658,0
True,1.71924602626905,0
True,2.04868617299355,0
True,0.700465487830825,0
True,2.09903119969197,0
True,0.99917175400303,0
True,1.35826729529297,0
True,1.68017271137802,0
True,1.72507421355869,0
True,1.89479456151008,0
True,1.75187949915598,0
True,0.769015798594384,0
True,2.17620607597469,0
True,2.57379329236701,0
True,1.82181589537674,0
True,2.30442575392154,0
True,1.92836274738728,0
True,1.44618648330522,0
True,1.85970050620627,0
True,0.912924484826192,0
True,1.50782745029053,0
True,1.28029965769063,0
True,2.4755761990314,0
True,1.53130818653509,0
True,2.22250755210138,0
True,2.15195170500397,0
False,2.53983173133539,0.000140101925942979
True,2.3566893792537,0
True,1.98430961281394,0
True,1.80322262644205,0
False,1.33820110024537,0.000484894961463633
True,2.7776189880136,0
True,1.0067581740147,0
True,0.656650607389709,0
True,1.13045026725589,0
True,1.70689162390504,0
True,1.81309203156399,0
True,1.27671243106505,0
True,2.21045507102432,0
True,1.47497539748925,0
True,1.10798857643055,0
True,2.05724037372297,0
True,1.70838022670467,0
True,1.60725187869572,0
True,1.54595822460258,0
True,2.10014522636069,0
True,1.15678216612001,0
True,1.09161765962774,0
True,1.00289739129964,0
False,2.64924298204662,0.000235618548781836
True,0.846817877569741,0
True,2.38044579639806,0
True,1.79702129785356,0
True,1.45697831326484,0
True,1.30426799605417,0
True,2.1192933744285,0
True,2.39949621555603,0
True,0.915876521335646,0
True,1.6188423594681,0
True,1.75600390228586,0
True,3.25840658320056,0
True,2.00553062450062,0
True,1.84132949794786,0
True,4.29102424574289,0
True,1.97554692782185,0
True,1.99492318927923,0
True,1.35916412062229,0
False,4.09682762075123,0.000188996036820295
True,2.6028251933556,0
True,1.4525360315073,0
True,1.1817405747939,0
True,2.15543569012141,0
True,1.12389357933749,0
True,3.75992077740267,0
True,1.40715230053847,0
True,2.22614033341107,0
True,0.977338035591075,0
True,1.77700249227996,0
True,2.38680225303283,0
True,2.16144749402751,0
True,1.53256594365946,0
True,1.06791272486989,0
True,1.34334348620572,0
True,1.4152185007672,0
True,1.11929234860166,0
True,1.90320015561101,0
True,1.39382664146727,0
True,3.87174404360682,0
True,3.51571383563942,0
True,2.58988809252956,0
True,2.18201327936819,0
True,1.67013279906678,0
True,3.34209966516075,0
True,1.93636348241582,0
True,1.62034963917062,0
True,2.62240360132129,0
True,1.25793113834079,0
True,2.17689171906447,0
True,1.46212586730893,0
True,2.01932425286102,0
True,3.89286314347809,0
True,1.57976159618129,0
True,1.82385953930269,0
True,2.16800541797623,0
True,2.18248964031424,0
True,2.25971840624871,0
True,2.20322076635373,0
True,3.49231280576124,0
True,1.24000061208069,0
True,2.1621903392513,0
True,2.68538560624418,0
True,3.41907717609113,0
True,1.86856863404673,0
True,2.09343123679901,0
True,3.71283988387017,0
True,2.20520799401973,0
True,0.769368615251859,0
True,1.13671898424791,0
True,1.74866656321087,0
True,0.949758511707933,0
True,1.15551823164358,0
True,1.34760739745108,0
True,1.80905491740441,0
True,0.981776588824225,0
True,1.87756285081322,0
True,1.02632796429429,0
True,1.08639962849458,0
True,1.66379314182498,0
True,2.85653625832406,0
True,0.966965268557849,0
True,2.41469612869758,0
True,2.36341868718675,0
True,2.02873343108865,0
False,1.10025193849844,0.000616242485689687
True,2.03429506110365,0
True,2.79028754427911,0
True,3.04744503411257,0
True,2.49970307183386,0
True,2.07478254961998,0
True,1.43224713325697,0
True,1.22688220888592,0
True,3.58943810109023,0
True,1.12359005821131,0
True,1.01177370860997,0
True,2.37609056304436,0
True,1.68885568845844,0
True,1.6647627964854,0
True,1.29365061652157,0
True,1.26589209198414,0
True,1.12127020113242,0
True,1.72254866262765,0
True,0.720879677729422,0
True,2.23782270360873,0
True,1.3879129164169,0
True,2.28190612804437,0
True,0.834500619151257,0
True,1.1303879768306,0
True,2.20840403154737,0
True,1.27737320211732,0
True,2.42726474275609,0
True,2.61740517635603,0
True,0.966762268728519,0
True,3.84388425002351,0
True,2.39021606696494,0
True,1.41643826706617,0
True,3.94074384298516,0
True,2.73215802851591,0
True,1.78751822871958,0
True,3.06747632410217,0
True,1.47199684613035,0
True,2.28453329676219,0
True,2.95592610337007,0
True,2.22385834060905,0
True,1.38023499188224,0
True,1.04479332970116,0
True,3.03310376660233,0
True,2.22099745350643,0
True,2.74254712067321,0
True,0.788978339256862,0
True,1.65604835318115,0
True,3.02534787889578,0
True,1.32636376637978,0
True,1.93479227441749,0
True,2.78006650903968,0
True,2.04548806942713,0
True,2.65636579501821,0
True,1.90183339649285,0
True,1.04755439784538,0
True,2.94937809983027,0
True,1.50577847456407,0
True,1.4894216199533,0
True,2.35760429133438,0
True,2.02651037123364,0
True,2.22122570498773,0
True,0.866779308323006,0
True,0.772995153595553,0
True,0.696602271884649,0
True,1.39513234374052,0
True,2.57678974507606,0
True,2.16726991820808,0
True,1.25043001360154,0
True,1.07585459549185,0
True,1.39333747352417,0
True,1.0322835000403,0
True,1.38945843979128,0
True,1.08488707828373,0
True,2.45400715908443,0
True,2.38263572896453,0
True,1.22965348554381,0
True,1.20793195376524,0
True,1.65875864357654,0
True,3.43633012193669,0
False,2.2653847818345,0.000165750871637867
True,2.02522842896033,0
True,2.88324221340224,0
True,1.84004544498097,0
True,1.50507733928407,0
True,1.4687569731272,0
True,1.49726514972788,0
True,2.16206560619188,0
True,2.49974482309362,0
True,2.40217030148078,0
True,2.04120064449034,0
True,2.5126640930741,0
True,2.01070758696099,0
True,1.21941766967224,0
True,1.36679652984592,0
True,0.756358420876694,0
True,1.16731422048516,0
True,2.75611815775504,0
True,2.14459847985545,0
True,2.08247948011472,0
True,1.57961870749009,0
True,1.51283549682072,0
True,2.9858325477957,0
True,1.08533419048903,0
True,1.08784924737035,0
True,1.16290030163479,0
True,1.43217045396887,0
True,2.10872506219126,0
True,1.68608596664933,0
True,2.33926316436472,0
True,1.65585257746539,0
True,2.89105811999395,0
True,2.63164207666033,0
True,3.00646725967393,0
True,1.43913644691033,0
True,1.33308056332926,0
True,1.67816864797556,0
True,1.3111732326491,0
True,1.26202089843183,0
True,2.17662706340915,0
True,2.16103917496643,0
True,1.4052649309845,0
True,3.31419334964935,0
True,2.98073630214222,0
True,3.43925249235553,0
True,1.98908143884221,0
True,1.4995041469104,0
True,2.66086394625618,0
True,3.11427435519308,0
True,1.71496070405572,0
True,1.50429229682587,0
True,1.31850227729281,0
True,0.956105737337439,0
True,0.982988433759955,0
True,3.68582252711621,0
True,2.52007353643074,0
True,0.672226282790257,0
True,2.15756189477591,0
True,2.97036058523378,0
True,1.55614219645978,0
True,1.44414599358876,0
True,1.76706074156922,0
True,1.43767423201461,0
True,1.78344621623669,0
True,3.58965647357804,0
True,3.80637175576074,0
True,2.40230140765063,0
True,1.09268995083602,0
True,2.03180430770698,0
True,1.32726969001986,0
True,3.40714369884919,0
True,3.06248334730468,0
True,1.12752651839194,0
True,3.84669940378249,0
True,1.7091030194063,0
True,1.21951666716479,0
True,2.32304297766461,0
True,2.0045932258882,0
True,2.41972439129356,0
True,1.92135544436029,0
True,2.34709081993449,0
True,4.40436647138665,0
True,1.01660298577202,0
True,1.10727727084705,0
True,0.894250003030028,0
True,1.96661792246411,0
True,2.50674133041599,0
True,2.64035700025367,0
True,0.744532478108835,0
True,2.39780497497226,0
True,2.76048598433201,0
True,1.62942992641823,0
True,1.02399562910342,0
True,1.47167360700347,0
True,1.28540753949645,0
True,0.680709362697559,0
True,0.965696783305565,0
True,1.66848814141906,0
True,1.92244391481013,0
True,2.4803835395301,0
True,0.898142800893718,0
True,3.19784575513007,0
True,2.7678925664465,0
True,2.63480289831713,0
True,1.58816035895164,0
True,2.9450430756215,0
True,2.31636344605068,0
True,2.20435038660022,0
True,1.69783200036753,0
True,2.68686909133016,0
True,1.27923994948291,0
True,1.68200988152704,0
True,1.62689343626988,0
True,0.941981107526712,0
True,2.21258465760232,0
True,2.51692282791012,0
True,2.33130596498376,0
True,2.47546000067046,0
True,1.87925138064517,0
True,3.10742012532439,0
True,1.60902844885157,0
True,1.28622633205133,0
True,1.28929681746572,0
True,1.62722384279465,0
True,3.06800025020232,0
True,3.8649125636676,0
True,1.91271668827178,0
True,2.15540863604234,0
True,2.53812306169406,0
True,2.81925743764714,0
True,0.988126995828477,0
True,1.57349402826418,0
True,1.17900233384581,0
True,1.58567336431983,0
True,0.823474624339149,0
True,1.32543725004363,0
True,1.50242739854678,0
True,1.51434559234287,0
True,2.06051909038806,0
True,1.09896724271969,0
True,1.31193551606295,0
True,2.67167861724359,0
True,1.76678470543832,0
True,1.03856183794122,0
True,2.61617964158394,0
True,0.932725613841761,0
True,1.46256508054315,0
True,2.20334659329069,0
True,2.28765117365166,0
True,2.78118166144093,0
True,2.24928025906688,0
True,1.71050316815517,0
True,2.49181720290039,0
True,1.98276079170098,0
True,0.857602563867585,0
False,1.73888918735409,0.0001382333520318
True,2.04842714011582,0
True,1.80920200640738,0
True,1.07284217097404,0
True,1.45415034682935,0
True,1.00796110743747,0
True,1.67668996620758,0
True,1.18405647964011,0
True,0.891155031914625,0
True,1.54953977633512,0
True,1.23241366759678,0
True,1.96368894056366,0
True,1.51521831720072,0
True,2.06471035995357,0
True,0.661883658482349,0
True,1.36273951590529,0
True,3.16435270484383,0
True,2.86255460411476,0
True,1.67977892684287,0
True,0.921250110437478,0
True,1.25008446527343,0
True,1.62433349052355,0
True,2.30448913219978,0
True,2.70510484888315,0
True,2.05106590943578,0
True,1.23988022755216,0
True,1.8963668242363,0
True,1.99438231754432,0
True,2.9708227382766,0
True,1.05070236118875,0
True,1.69771420651252,0
True,2.40912663788251,0
True,2.01468221757346,0
True,1.41057791996723,0
True,0.732286349168865,0
True,1.71288619048215,0
True,1.06550711996064,0
True,2.86732997942304,0
True,2.81454184050187,0
True,1.62680764317491,0
True,2.95076204450502,0
True,2.95589672795507,0
True,2.67426426862324,0
True,1.20246938902467,0
True,1.94058881420338,0
True,1.42677387099377,0
True,1.23492451252488,0
True,0.925275776631529,0
True,4.01505322729589,0
True,1.35237090735232,0
True,3.43074237338848,0
True,2.64184139559916,0
True,2.45404800900931,0
True,2.20551046580885,0
True,2.52198804844287,0
True,1.58404765186416,0
True,3.85713968954762,0
True,1.72919696444683,0
True,1.24077356239489,0
True,2.35224327061937,0
True,0.84902634956024,0
True,2.03702363583477,0
True,2.63394426608142,0
True,1.99631914965698,0
True,1.06255507467588,0
True,0.892396307938496,0
True,2.99836108088581,0
True,2.44300281436483,0
True,2.59593920633782,0
True,2.74241514512933,0
True,1.48956623961922,0
True,1.72249197480367,0
True,2.52801787949853,0
True,2.27440203165076,0
True,3.12257821229519,0
True,1.81619814194709,0
True,1.89492783862826,0
True,2.06729159162469,0
True,1.10975907748178,0
True,0.933679371093656,0
True,2.32591454290193,0
True,1.51035010353124,0
True,1.24805514046323,0
True,1.69008965782884,0
True,1.20645633243778,0
True,1.32867951948068,0
True,1.27668807657183,0
True,0.836537412912562,0
True,1.54031680184438,0
True,2.63011063605302,0
True,2.02569121932085,0
True,2.45856963759336,0
True,2.98215232038644,0
True,1.75532934906868,0
True,3.13290523558697,0
True,2.38760384838307,0
True,0.989146931243454,0
True,1.51665469286278,0
True,0.792850600845292,0
True,0.793750025391448,0
True,3.36109007640005,0
True,1.80922880229179,0
True,1.60863584815493,0
True,1.58733213730223,0
True,1.8595059669174,0
True,3.1449661035436,0
True,1.39517496681225,0
True,2.22404664395742,0
True,1.39830702408475,0
True,2.28030218233854,0
True,1.91221506631959,0
True,1.46668711029778,0
True,2.87912747819919,0
True,1.23667148484621,0
True,2.63948811468622,0
True,1.39301961770077,0
True,1.21601482329352,0
True,1.33825933231097,0
True,1.68172608980158,0
True,1.33706997395585,0
True,1.77097824096387,0
True,3.94666930345623,0
True,2.79743429207124,0
True,2.51304805410425,0
True,2.81329352491084,0
True,2.88791261707058,0
True,1.78629330061324,0
True,1.29615217748091,0
True,0.808517366776499,0
True,1.53052970469707,0
True,2.26078127343412,0
True,1.66065628471264,0
True,2.52398186841992,0
True,1.46493385715876,0
True,2.36959357590299,0
True,0.636722237408712,0
True,1.55628600330336,0
True,2.65264951416975,0
True,1.59895845852787,0
True,1.60434578068051,0
True,1.66897713284328,0
True,2.91392815851643,0
True,1.81791328298818,0
True,2.30315998088224,0
True,1.64032480651954,0
True,1.29215309929001,0
True,2.18124518461666,0
True,1.95256652114858,0
True,1.74686706338151,0
True,2.21213658715429,0
True,2.19114580738886,0
True,0.591684543154104,0
True,1.16734008430936,0
True,0.860278053981181,0
True,2.3794741486963,0
True,2.73037995859641,0
True,2.32072488998236,0
True,1.05348481015309,0
True,2.05069910237625,0
True,4.10466227781049,0
True,2.13510627820107,0
True,1.50321412958145,0
True,1.71716361640909,0
True,1.46237054463939,0
True,1.35586687227431,0
True,1.86222613522578,0
True,0.592586564826552,0
True,2.62949888448518,0
True,1.35687997247656,0
True,2.07904138740463,0
True,1.36705049158404,0
True,1.26167535906664,0
True,2.80378767458963,0
True,1.24140404618727,0
True,1.56051579238169,0
True,0.845449654056333,0
True,1.9695704261079,0
True,0.990268701457843,0
True,1.63897597897265,0
True,2.03582080299531,0
True,2.1651707979018,0
True,1.84721247282427,0
True,2.53459650001091,0
True,1.67650271007735,0
True,1.04130347599587,0
True,1.30530145139076,0
True,2.0811598302682,0
True,1.40317806663653,0
True,1.69440284159659,0
True,2.4584714956232,0
True,3.3267503159392,0
True,4.23646661905112,0
True,1.84688804727012,0
True,2.56604528902732,0
True,1.23897826211599,0
True,0.705747328143825,0
True,1.77199526541668,0
True,1.12913498560163,0
True,1.51334951975612,0
True,3.2907442749188,0
False,3.833574884476,0.000145741543883781
True,0.906731482467388,0
True,2.66471672362569,0
True,1.52315723822655,0
True,1.82523369273712,0
True,2.44815069561538,0
True,2.91884206228714,0
True,1.06864492684019,0
True,3.28903956991711,0
True,1.24986493814972,0
True,2.47574103676519,0
True,1.03103741637835,0
True,1.30184661372415,0
True,0.919863506787258,0
True,1.48023801050049,0
True,2.74379111996261,0
True,2.64575886602723,0
True,1.48796177400246,0
True,2.88076741819352,0
True,1.72941124407706,0
True,2.4461609987667,0
True,2.05150096114029,0
True,1.22107024996341,0
True,0.708272466417279,0
True,1.98659085972474,0
True,1.08993595846351,0
True,1.43902996378828,0
True,3.60906263757306,0
True,3.41460631291312,0
True,3.4716423500908,0
True,2.01422718442671,0
True,1.40653084583821,0
True,2.04820000661614,0
True,1.41717324014251,0
True,3.01150421889585,0
True,1.42174467813541,0
True,1.49773738003933,0
True,0.927982369261636,0
True,1.94271058739316,0
True,2.76489824211985,0
True,2.64198641331402,0
True,1.55793929064036,0
True,0.719706228608208,0
True,1.38527727675117,0
True,4.47768881538622,0
True,2.58078070189255,0
True,1.45660280238877,0
True,1.39318712770451,0
True,1.83149107796057,0
True,0.621518330985617,0
True,2.21447751374453,0
True,1.79683581235661,0
True,1.5166242889275,0
True,2.50022732775221,0
True,1.07161322805909,0
True,2.36997299279222,0
True,3.76974759634712,0
True,1.70015449253943,0
False,3.44062490430969,0.00025172737692836
True,1.2993565757149,0
True,3.42033790938981,0
True,2.56631984020861,0
True,3.81918391700783,0
True,2.6250347572977,0
True,2.80861968912749,0
True,1.28068796952283,0
True,1.8101366629233,0
True,1.31536966339423,0
True,1.949251098668,0
True,1.32154532258636,0
True,1.074516521779,0
True,1.93748407216485,0
True,1.22977524228746,0
True,1.85871517019558,0
True,1.10696899360631,0
True,1.74017556992376,0
True,2.63355670189833,0
True,2.00090223968681,0
True,1.90155944043795,0
True,1.23499379883975,0
True,3.0558387596976,0
True,1.9971915624183,0
True,0.930938727743551,0
True,2.31652003358669,0
True,1.24466371340622,0
True,1.11634716041332,0
True,2.43288841590769,0
True,1.26938636836507,0
True,1.19308777060776,0
True,0.978238080107618,0
True,1.42460868837584,0
True,2.23698423378192,0
False,1.02837387865424,0.000410981869385318
True,2.31191360457844,0
True,1.63119129417157,0
True,1.52835548290464,0
True,1.43160389085796,0
True,1.17012793849267,0
True,2.28538412407907,0
True,1.46853039763294,0
True,1.58528301760356,0
True,2.06577681193709,0
True,0.966139229676635,0
True,1.61747299186854,0
True,2.73479336397688,0
True,3.94181523415996,0
True,2.00477841314542,0
True,1.4894259852699,0
True,3.00846661131472,0
True,1.45758323498449,0
True,2.4819481072695,0
True,1.14841031895727,0
True,3.20208838744847,0
True,2.1376659692864,0
True,2.33336088067107,0
True,3.33951921574584,0
False,1.84140492518245,0.000498583714665032
True,1.99941873682077,0
True,0.673913868977992,0
True,1.4939831071499,0
True,2.10217221795755,0
True,2.03974644780714,0
True,1.3667159604323,0
True,1.74358871251356,0
True,1.84072056954378,0
True,1.50136792731436,0
True,2.51616355308039,0
True,1.08039005240973,0
True,1.17642805062773,0
True,1.60802926923806,0
True,0.954494121754738,0
True,3.56211411841496,0
True,3.14870947432028,0
True,1.1045275011305,0
True,1.26898673747146,0
True,3.16375798671153,0
True,3.10566919552247,0
True,4.01932996130132,0
True,1.67223081927964,0
True,1.07899534908956,0
True,3.23235936747025,0
True,1.54439368350219,0
True,2.37670940166992,0
True,2.74991285316464,0
True,1.16166929692794,0
True,1.46444938788569,0
True,1.77320000055421,0
True,0.792636915829754,0
True,3.21740957892595,0
True,1.0297646623826,0
True,1.33232094504945,0
True,2.53534741076369,0
True,1.54086253879485,0
True,1.38990665212788,0
True,1.14709707722685,0
True,1.28310135047414,0
True,1.92806147134027,0
True,2.15216450749364,0
True,1.63202421907558,0
True,3.52539049739807,0
True,1.78619270102055,0
True,1.51984466642115,0
True,1.19419774637142,0
True,2.13942874696963,0
True,1.12911693301963,0
True,2.1856202345156,0
True,2.47747242373807,0
True,3.37100656612213,0
True,1.5918092605524,0
True,2.35402664476208,0
True,1.82045526875452,0
True,1.3066753232652,0
True,1.3918693290831,0
True,2.12065756182797,0
True,3.8272106014956,0
True,2.79078647074757,0
True,2.81121308108479,0
True,2.26202587219448,0
True,2.05977124506829,0
True,1.39571884769054,0
True,1.01654977476021,0
True,2.58974724575206,0
True,1.44078853409793,0
True,1.42905103314063,0
True,1.27525771790413,0
True,1.65580928577105,0
True,2.9792634527316,0
True,3.82833903336793,0
True,2.10428085331103,0
True,2.60721713017069,0
True,1.76874891856612,0
True,1.24606291929055,0
True,2.13882259390395,0
True,1.91880748041041,0
True,1.78500579271504,0
True,1.50004117561701,0
True,1.37343817810042,0
True,2.27004245010367,0
True,2.45664544616257,0
True,1.17102880349254,0
True,1.65464572318755,0
True,2.84918250744871,0
True,1.9497809817514,0
True,1.95364600523851,0
True,3.69787451198589,0
True,0.959503118514978,0
True,3.20003353868894,0
True,2.61801754052986,0
True,1.09371182424163,0
True,2.02462027150736,0
True,1.41380721056702,0
True,3.18057584618327,0
True,0.816061648232723,0
True,2.99163568112974,0
True,3.58960087594115,0
True,1.63943939864735,0
True,1.90286604169084,0
True,1.72106524373293,0
True,1.81040291155628,0
True,1.96553376171727,0
True,1.11373153652985,0
True,1.33515694924374,0
True,2.05823835132774,0
True,2.27189000874751,0
True,1.93990317317977,0
True,1.73767140213675,0
True,3.26032181583205,0
True,2.14521519740959,0
True,2.63767269928285,0
True,3.30616460433556,0
True,1.43821466518039,0
True,2.93877495377045,0
True,2.36171380310501,0
True,4.16232016644562,0
True,2.08516855076762,0
True,2.14051228066295,0
True,1.50228608798168,0
True,1.7439166142533,0
True,2.43314643625526,0
True,3.53410066259687,0
True,2.96051844211293,0
True,1.08043014238555,0
True,2.98212749102603,0
True,0.790326646903904,0
True,1.38626302499533,0
True,1.25303098117997,0
True,0.746919478565431,0
True,2.82110869850992,0
True,2.99696354830039,0
True,2.79676875134446,0
True,1.68421748094962,0
True,1.3942903946532,0
True,4.00525895716983,0
True,0.837415360057384,0
True,2.85776108754082,0
True,1.44375505104923,0
True,3.51250076503889,0
True,1.55010456622717,0
True,2.30864921191285,0
True,1.22821697192572,0
True,1.50329706554439,0
True,2.34797965434203,0
True,1.94676133501399,0
True,1.44153501782715,0
True,1.34892998166393,0
True,1.71558449403966,0
True,1.35776039972128,0
True,1.41448064102772,0
True,2.44376732083421,0
True,1.8056866135072,0
True,1.4284901887119,0
True,1.64610016042866,0
True,1.44839990800874,0
True,1.05742408419784,0
True,1.6143576110634,0
True,1.79689855592534,0
True,3.9436401859181,0
True,1.43569400788959,0
True,1.77317060737169,0
True,0.992666138095365,0
True,0.980522071800885,0
True,1.11015753734501,0
True,0.722797624541996,0
True,2.09346466703081,0
True,1.06464746522559,0
True,1.41577291097226,0
True,1.84124582094795,0
True,0.924365641403399,0
True,3.44063765408149,0
True,2.71927733091391,0
True,1.29626787204388,0
True,1.31037026508435,0
True,1.03100868999003,0
True,1.28020027246239,0
True,1.38550136220006,0
True,1.4552104669766,0
True,1.42336233240223,0
True,1.98996079644459,0
True,2.76347686043333,0
True,3.58362392467489,0
True,4.00294363744362,0
True,2.60812799922797,0
True,1.55149722256949,0
True,1.93173775936976,0
True,2.02627828112803,0
True,3.28313922220886,0
True,2.74115329283999,0
True,0.918458796432352,0
True,1.28349802433163,0
True,1.56803960429738,0
True,2.84741775771062,0
True,1.39964548663325,0
True,2.87093223819416,0
True,3.26971778266249,0
True,1.77888395032523,0
True,2.03205879410723,0
True,2.49120761110045,0
True,1.64284585323363,0
True,1.59627461050682,0
True,1.79475827326532,0
True,1.31697657939965,0
True,2.75778807026765,0
True,0.833184608352913,0
True,1.01050720617265,0
True,1.35803296004961,0
True,1.5613561856409,0
True,3.79686677379605,0
True,2.88750567504398,0
True,1.77467888885872,0
True,2.39725012279667,0
True,2.74569642380664,0
True,2.27347114736995,0
True,1.38909953421291,0
True,1.60881079598054,0
True,1.59676910870737,0
True,0.766018707816679,0
True,2.14370127069864,0
True,2.65924723506631,0
True,2.45737935970749,0
True,1.76385514751914,0
True,2.16163664762057,0
True,2.42354107961954,0
True,2.29514609548823,0
True,3.29217368211783,0
True,2.00806984551017,0
True,2.5052056321235,0
True,1.55588414858532,0
True,2.09948208522491,0
True,2.16703077544561,0
True,1.43251567509214,0
True,0.923379736468195,0
True,0.492637118734709,0
True,2.00663464785148,0
True,1.28178181649194,0
True,1.49707026792753,0
True,2.72407704191597,0
True,1.07368761483513,0
True,4.00307199302167,0
True,2.50825138144007,0
True,1.13787279458693,0
True,1.26614095407303,0
True,1.22777214661376,0
True,0.908459732826983,0
True,0.918336767599482,0
True,1.61820878858847,0
True,2.07227459112829,0
True,1.50616846122875,0
True,3.6951614450971,0
True,2.75727113740044,0
True,1.47597604799294,0
True,2.13107078571621,0
True,1.16010158033264,0
True,2.57983149245893,0
True,0.9316391875412,0
True,0.898294069527279,0
True,1.2243993630374,0
True,3.15609223894542,0
True,0.991719747498685,0
True,1.89032015984418,0
True,1.98528335623161,0
True,4.10861071246684,0
True,4.1350967736728,0
True,0.965583404260675,0
True,2.33248651044148,0
True,0.870540750506187,0
True,2.25007738032105,0
True,2.10519709251476,0
True,2.94665267397807,0
True,1.86096058408903,0
True,2.17032026455643,0
True,1.24817498504379,0
True,0.698896967836269,0
True,0.63020045454058,0
True,0.885256138905808,0
True,1.79659182613223,0
True,1.92926073914582,0
True,1.45241086357983,0
True,2.26716029108662,0
True,3.5005627340738,0
True,2.14783756964272,0
True,3.1735297783981,0
True,0.804788079261108,0
True,1.1168517535734,0
True,2.01192643969127,0
True,1.46335326898629,0
True,2.0301433032652,0
True,1.50841865422285,0
True,1.40701617908701,0
True,1.14609724561038,0
True,1.59493732898865,0
True,1.35499438302425,0
True,2.62362253244407,0
True,1.80612728914542,0
True,1.28854933558133,0
True,1.71133295275002,0
True,2.20598520253894,0
True,1.04327222368236,0
True,0.980206836568443,0
True,2.75414848633806,0
True,1.62197932735666,0
True,1.64271952330177,0
True,2.48392533617856,0
True,3.76549536124697,0
True,3.02771395323137,0
True,0.95219433524846,0
False,1.35313161431761,0.00015499885080015
True,1.45842867594868,0
True,1.99257697364892,0
True,2.36583318207291,0
True,2.99795356907145,0
True,2.21974187456648,0
True,2.82144330516668,0
True,2.79227952363645,0
True,2.15726923103698,0
True,1.06237749952284,0
True,3.43771473902672,0
True,1.94578550930282,0
True,1.59785195093449,0
True,1.69972185611651,0
True,1.83910181977825,0
True,1.45553459579998,0
True,1.30956890990157,0
True,2.91244591460896,0
True,1.51646153286172,0
True,2.02383417085233,0
True,1.4124685607807,0
True,0.977535491663108,0
True,0.925849572420233,0
True,3.71136715889781,0
True,2.30169317302613,0
True,2.55730519138371,0
True,3.79894396356471,0
True,1.57449567799178,0
True,1.32327692861742,0
True,3.23175351729566,0
True,1.07796435672248,0
True,1.2120579113447,0
True,0.496545789295947,0
True,2.06316909375892,0
True,2.47028234007222,0
True,4.31063256755748,0
True,3.627510172229,0
True,1.82758784697298,0
True,2.16806460479943,0
True,2.81321099794739,0
True,1.76704223145543,0
True,1.33430690934775,0
True,1.57419602979085,0
True,3.75377904692396,0
True,1.58860747253776,0
True,1.02989283048382,0
True,2.57997467799816,0
True,2.97881548402932,0
True,1.2322540169138,0
True,2.95287081230511,0
True,2.49330065122513,0
True,0.779295660339206,0
True,1.14154867681442,0
True,2.26536288214365,0
True,3.19474225818624,0
True,2.86609761873314,0
True,2.94221379536974,0
True,1.56028348327829,0
True,1.11187804804361,0
True,2.08928221570137,0
True,0.879589124828886,0
True,3.07764963438577,0
True,4.45095516605759,0
True,2.50830878050677,0
True,1.3150914609006,0
True,3.30415336390325,0
True,2.80226361430013,0
True,2.31109949086819,0
True,0.919143430547208,0
True,1.29988056293878,0
True,1.42035659103076,0
True,3.92517943529517,0
True,1.84446063469561,0
False,1.46526239177234,0.000156042050427524
True,1.98377746683377,0
True,1.52116834806919,0
True,2.51117058838838,0
True,1.6593351661506,0
True,2.06240971677071,0
True,2.95281219141978,0
True,2.65584512654416,0
True,1.3727627343828,0
True,1.18804852015824,0
True,1.71998721067094,0
True,3.47165321742147,0
True,1.97516387782689,0
True,0.808988261049238,0
True,1.01119259902823,0
True,1.61333719009372,0
True,3.75189987115398,0
True,1.5948173243436,0
True,0.804658565874924,0
True,1.47351988756347,0
True,1.71616291513992,0
True,3.32373592196504,0
True,3.42507337662652,0
True,1.64466078769841,0
True,3.38274801432275,0
True,0.979287643718521,0
True,1.85196187794551,0
True,1.53175238723257,0
True,2.58006335365308,0
True,1.48348816219697,0
True,1.66608999165862,0
True,2.07560903296992,0
True,2.79066078490741,0
True,1.06194025588216,0
True,2.0660529855184,0
True,0.752990459261743,0
True,2.36804417732242,0
True,1.60573883947886,0
True,0.813014369609166,0
True,1.40958370747399,0
True,1.085980237627,0
True,3.62321886034687,0
True,1.25511016560373,0
True,1.609311040842,0
True,1.57816948828301,0
True,1.56236211555339,0
True,2.24175809289015,0
True,1.78212580948099,0
True,2.11931756706129,0
True,1.93057750540091,0
True,0.869578327236702,0
False,3.51103738694415,0.00016761620564831
True,1.18697336793409,0
False,1.51855489002207,0.000766680664514912
True,1.11798664959461,0
True,0.972847627465025,0
True,1.64531976217636,0
True,2.94978871945296,0
False,2.85232589364341,0.000382012477414969
True,0.876374207056857,0
True,2.11039614387904,0