Success,Time,Fitness
True,1.7247011137302,0
True,2.11999400868298,0
True,2.40171344944889,0
True,2.22724128882618,0
True,2.12618019404638,0
True,2.56073412783382,0
True,1.04195576356448,0
True,2.62459528504362,0
True,1.17170135541478,0
True,2.39911921139951,0
True,2.15920227716262,0
True,1.35776051965055,0
True,1.23954056874539,0
True,2.2625346296214,0
True,1.38779546292488,0
True,1.98336864350255,0
True,2.89400444417803,0
True,2.43367712442582,0
True,2.17864471759485,0
True,2.42941307271834,0
True,1.97637071764564,0
True,1.7812906462718,0
True,2.49880844811463,0
True,2.21811246114902,0
True,2.36863541790811,0
True,2.37271925761849,0
True,2.27267674099621,0
True,1.62510947280664,0
True,1.38037738100149,0
True,2.1815999564994,0
True,2.372042920189,0
True,2.50522255530607,0
True,2.34587709900839,0
True,2.53829226759607,0
True,2.28787156959114,0
True,2.59367056392207,0
True,2.12905137866873,0
True,1.69262188069935,0
True,1.83298585487573,0
True,2.38714096837747,0
True,1.82776158055961,0
True,1.64999222329326,0
True,2.25363584664101,0
True,1.94236266257371,0
True,2.40768210583837,0
True,1.96629691239979,0
True,2.03086653397307,0
True,1.98894390430763,0
True,2.45066191515895,0
True,2.28158355484573,0
True,2.36096231037746,0
True,2.50763009861498,0
True,2.17415688955468,0
True,0.645415207854404,0
True,1.74007541717175,0
True,1.80692133649053,0
True,0.823909495363302,0
True,1.59491360410645,0
True,1.40275387679778,0
True,2.33055827579753,0
True,1.92632837306943,0
True,2.19050973273664,0
True,2.64744346998302,0
True,2.78376290847582,0
True,1.74494530442322,0
True,2.02829226472572,0
True,2.03850471261563,0
True,2.43598128159676,0
True,2.66092987585146,0
True,2.64616544990556,0
True,0.285982109697177,0
True,2.68544933053898,0
True,2.3447937380579,0
True,2.35702415842585,0
True,2.46828794886845,0
True,1.24955116087492,0
True,2.66857392586897,0
True,2.37243942903115,0
True,2.76167095321095,0
True,3.4280101476174,0
True,2.18630324546113,0
True,2.17993365592347,0
True,2.29152883707134,0
True,1.44207202702369,0
True,1.98274583556746,0
True,2.12397136186339,0
True,2.10925012074492,0
True,1.86197155514014,0
True,1.55454457722673,0
True,2.51327237707265,0
True,2.42242805535868,0
True,2.00053486338601,0
True,0.555149887042548,0
True,1.98901692986199,0
True,2.24325112039525,0
True,2.47581861173821,0
True,2.1875166095701,0
True,2.42481534976055,0
True,2.78096096102424,0
True,2.36194514629974,0
True,2.34548923013413,0
True,1.87622630595018,0
True,2.6862925977392,0
True,2.80540540161682,0
True,2.52986579542272,0
True,0.365890865808235,0
True,3.08756548659228,0
True,2.61229340377508,0
True,1.64868548367801,0
True,2.42243555233461,0
True,0.653432735629455,0
True,2.38670525672399,0
True,1.61101103241269,0
True,2.14916314242668,0
True,2.017905031197,0
True,2.82081289645574,0
True,2.36532854093894,0
True,2.32615930093453,0
True,0.754666827603001,0
True,2.23475758196686,0
True,1.98856166667896,0
True,0.434172775663597,0
True,2.08502108391501,0
True,2.27028406945848,0
True,2.1566570293453,0
True,1.22614518321141,0
True,2.40944476983808,0
True,1.88901711457752,0
True,2.06983445219097,0
True,2.42099289016257,0
True,2.27439172320923,0
True,1.58294162159976,0
True,2.49692252958657,0
True,2.84419970201501,0
True,1.09550564093338,0
True,2.72971857962761,0
True,1.42990185153289,0
True,1.90310814533571,0
True,2.2180294314004,0
True,2.37141310078742,0
True,2.27274225736399,0
True,2.25981828794648,0
True,1.79749270137553,0
True,1.20425193317204,0
True,2.34074673701844,0
True,2.39275757019786,0
True,2.8423007613742,0
True,1.97709881163926,0
True,1.65583550013687,0
True,2.34943176882552,0
True,2.42979411108179,0
True,1.57681129948338,0
True,1.86230121604714,0
True,1.89908205653068,0
True,2.27187082486677,0
True,2.03546711872636,0
True,2.52885549258526,0
True,2.41828467640368,0
True,1.91381047721815,0
True,2.54172832439157,0
True,2.86098740193387,0
True,3.15458436408928,0
True,2.71719328111927,0
True,1.60560180325788,0
True,2.57646976417951,0
True,0.22215665880456,0
True,2.13300587210052,0
True,2.71723825616259,0
True,1.96382969482492,0
True,2.06566229361207,0
True,1.76498087899157,0
True,0.544271432594637,0
True,2.52585544099,0
True,0.501033080819175,0
True,2.21916866434702,0
True,2.74181769514401,0
True,2.4196372596211,0
True,1.73153591054693,0
True,2.94037956286709,0
True,2.16763599830624,0
True,2.8141433607244,0
True,2.22708302922296,0
True,2.24160733273713,0
True,2.43633955483313,0
True,1.23722650533027,0
True,2.19698300457701,0
True,2.39246363331479,0
True,1.82508064102993,0
True,2.33391156245304,0
True,2.24714064758527,0
True,2.47460375791816,0
True,2.15560585603831,0
True,1.45364776001778,0
True,2.87391443580133,0
True,2.08574294547597,0
True,0.846067874446589,0
True,2.04859728297605,0
True,2.85842632187624,0
True,2.46083248285238,0
True,2.8999381633923,0
True,1.70143400403268,0
True,2.36676730896337,0
True,2.65861654018559,0
True,2.19297418201605,0
True,1.85260041775791,0
True,2.07935598702919,0
True,1.76239485901911,0
True,1.90266941783791,0
True,0.162193227602211,0
True,1.77156229623815,0
True,1.89155340896587,0
True,2.59074949801373,0
True,2.73620500781797,0
True,2.6663039648922,0
True,2.39946851488304,0
True,0.981512992377979,0
True,2.55038824198438,0
True,2.20746815428617,0
True,2.17542279333784,0
True,2.40203788643562,0
True,2.15879275670633,0
True,2.24826924867627,0
True,1.9508513590084,0
True,1.27757683308821,0
True,1.77838384984921,0
True,1.88272630576195,0
True,1.89901751832664,0
True,2.49615591416582,0
True,3.28650908771058,0
True,0.872732181685404,0
True,1.98788630892897,0
True,2.66095958878618,0
True,2.40476085607192,0
True,1.37690136616028,0
True,2.54401636633884,0
True,1.81727957180497,0
True,1.89500225661654,0
True,1.91132182038976,0
True,2.10465048013784,0
True,1.77879153505161,0
True,1.62192487732298,0
True,2.03707135490292,0
True,2.49467430322703,0
True,0.515327599433825,0
True,0.917798310161531,0
True,1.77751764712764,0
True,1.56945477378033,0
True,2.09808916487063,0
True,2.24568642453293,0
True,2.633083520767,0
True,1.91901444543423,0
True,1.77574394072764,0
True,2.13701225087764,0
True,2.57075381447409,0
True,2.35535316231995,0
True,2.64241450096383,0
True,2.65979805485017,0
True,3.07273286984006,0
True,2.53408313013292,0
True,1.85057914554674,0
True,1.82879178589034,0
True,1.99389878820878,0
True,1.96377276212945,0
True,1.8555905500107,0
True,1.8674375325567,0
True,1.61886948687717,0
True,1.79520680082041,0
True,1.49671497536814,0
True,2.72838227647979,0
True,2.54473958368251,0
True,1.75439013253324,0
True,2.46502011193131,0
True,2.45011230953244,0
True,2.61601439585636,0
True,2.1993454807142,0
True,2.78777843888524,0
True,2.6452806618695,0
True,1.49468304437109,0
True,2.91044165760154,0
True,2.58814140402969,0
True,2.49821733729371,0
True,1.54192237010695,0
True,1.69266498827817,0
True,2.63965982989575,0
True,0.977983705394708,0
True,2.24235432873423,0
True,1.98962000616961,0
True,2.18422962480516,0
True,2.07835414074622,0
True,2.04402415509703,0
True,2.74333402319754,0
True,2.0580948770504,0
True,1.46924941174141,0
True,1.5957905936118,0
True,1.03542765473336,0
True,2.22586044264073,0
True,2.34215563058439,0
True,2.21696679124423,0
True,2.06098993516186,0
True,2.2635701145308,0
True,2.22480277882371,0
True,2.7416140855666,0
True,2.10160278847422,0
True,2.35090056172377,0
True,2.25719132217344,0
True,2.77570844313453,0
True,3.24966956138634,0
True,1.91793769752752,0
True,2.10734247716731,0
True,1.9250169353287,0
True,2.02452045115226,0
True,1.95968063980591,0
True,2.73702942243312,0
True,2.53593920897921,0
True,2.28967436175567,0
True,2.43157800360532,0
True,2.18610000493581,0
True,2.12532431590565,0
True,1.88056402754915,0
True,0.671315393449849,0
True,2.20499598144148,0
True,2.22976198080247,0
True,2.16793766203338,0
True,1.74243810769624,0
True,1.99088104428317,0
True,2.27977107088429,0
True,1.70375060126744,0
True,2.19247179796043,0
True,2.21808944345166,0
True,2.62353318072813,0
True,1.80165653149877,0
True,1.9607037432224,0
True,2.21680024514893,0
True,2.24991532338397,0
True,2.36425119342395,0
True,2.66758215132314,0
True,2.77473450175978,0
True,2.615890201517,0
True,2.04721673706823,0
True,2.28727103728848,0
True,2.38910351922712,0
True,3.32596221958151,0
True,0.42331249796875,0
True,2.3979702458031,0
True,0.75295245037294,0
True,2.41183675583118,0
True,2.14505252595742,0
True,2.20069365299118,0
True,2.10282758876734,0
True,1.95946133150022,0
True,1.60588630976714,0
True,1.560766250371,0
True,2.16097827588872,0
True,2.31122065626658,0
True,2.44949660517599,0
True,0.875894166961631,0
True,2.69834540442237,0
True,2.22629634089134,0
True,2.38724337574392,0
True,0.487390941190091,0
True,1.67254556543319,0
True,2.4817253658798,0
True,2.44986993580214,0
True,1.75915194677529,0
True,2.6858388560834,0
True,2.6129915059073,0
True,2.75578506680073,0
True,1.91309339294995,0
True,2.65702969560953,0
True,2.18103133509116,0
True,2.08191610555812,0
True,1.85526044828118,0
True,2.68374686656645,0
True,1.89548557469389,0
True,1.94690727634182,0
True,1.94962381406917,0
True,2.43362893579893,0
True,2.69064755588689,0
True,2.76612958089474,0
True,2.23052906812369,0
True,2.59002667638311,0
True,1.91626835884415,0
True,2.20198646012017,0
True,2.13520155598889,0
True,2.36159058792851,0
True,2.39920485356531,0
True,1.34045931344313,0
True,2.0298996830846,0
True,2.43917463070842,0
True,1.52319715265612,0
True,2.08742579362394,0
True,1.83831013350725,0
True,2.23293315163512,0
True,1.65871570746383,0
True,2.19641252690016,0
True,2.02351363866902,0
True,1.82345075063725,0
True,1.65820278687057,0
True,1.55965868356992,0
True,1.96901196370412,0
True,2.55242290277922,0
True,1.563044591546,0
True,0.528275753310934,0
True,2.57264043188727,0
True,2.08068038347764,0
True,2.52076368817553,0
True,2.10796131658541,0
True,1.93514923994741,0
True,1.89806652031372,0
True,3.05266373110202,0
True,1.96392590513505,0
True,1.99133385117908,0
True,1.96955912821977,0
True,2.11422462319798,0
True,2.34645436647231,0
True,1.8798530850585,0
True,2.65008592978264,0
True,1.75665057517596,0
True,2.32583692314032,0
True,2.42462371137638,0
True,2.41571889922438,0
True,2.59119000732865,0
True,1.43323375008992,0
True,1.89663475087583,0
True,2.21761987499867,0
True,1.80496459693385,0
True,2.62268123608412,0
True,2.47099367442489,0
True,2.11098088276451,0
True,3.16618342473171,0
True,2.27725536493349,0
True,2.28460211486124,0
True,2.84126773684022,0
True,2.3086645366476,0
True,1.61904321720309,0
True,1.5256573872148,0
True,1.82381392584062,0
True,1.43518921878279,0
True,1.99174557997701,0
True,2.96380529437848,0
True,0.56366801263425,0
True,3.02372585343983,0
True,0.768362671554361,0
True,2.81791858900137,0
True,2.69870365653494,0
True,2.31089000051481,0
True,1.29088564219205,0
True,2.29125100019894,0
True,2.22330719274389,0
True,2.20127469671355,0
True,2.47655319069667,0
True,1.99615338635632,0
True,1.86681543511478,0
True,2.21589428130593,0
True,2.68087518083835,0
True,1.98103239186117,0
True,2.70901196818754,0
True,1.598706308932,0
True,1.96474453445916,0
True,1.05062122588736,0
True,1.36405685106223,0
True,1.55360560307667,0
True,1.07186208241475,0
True,2.11189719859538,0
True,1.64590135072481,0
True,2.15350245076792,0
True,1.66130199012912,0
True,2.4263789466554,0
True,1.76185390896235,0
True,1.92420136161781,0
True,1.88985440806709,0
True,2.22791082852978,0
True,2.25685313308958,0
True,2.61026419754521,0
True,2.43417265807947,0
True,2.36803886113047,0
True,2.15597337996521,0
True,1.90604708206191,0
True,2.06678374753689,0
True,1.98301305557114,0
True,1.68448592669962,0
True,2.41083467334058,0
True,2.10299865553643,0
True,2.61175327673703,0
True,2.11660772310244,0
True,2.12408402027127,0
True,1.8157942378378,0
True,2.46006615012447,0
True,1.52783002935142,0
True,2.55672095226168,0
True,2.77821209516995,0
True,1.97363735525757,0
True,2.02891780965736,0
True,0.884817281598055,0
True,1.23449109057196,0
True,1.92065829884474,0
True,2.98630797422087,0
True,2.38798622479214,0
True,1.49596091193534,0
True,1.6316697499675,0
True,0.94027662090884,0
True,2.58722375450275,0
True,1.62743042450196,0
True,3.2695553274137,0
True,0.984409225033495,0
True,2.02344826152247,0
True,2.03792926595482,0
True,2.03104003531215,0
True,1.67643954118201,0
True,2.07818906275532,0
True,1.13340680133089,0
True,2.04885981485406,0
True,2.82599313497146,0
True,2.17740479298534,0
True,1.98254470093485,0
True,1.3733365436526,0
True,2.14570117957365,0
True,2.04922253106621,0
True,2.87875789916356,0
True,2.29688759550098,0
True,2.31997119963123,0
True,1.55423487095077,0
True,2.09490154471814,0
True,2.44431943552985,0
True,2.21539267002495,0
True,2.44815303346896,0
True,1.57894456238265,0
True,2.51399651501682,0
True,2.5852225262471,0
True,2.65354805783679,0
True,2.1089372332097,0
True,2.25070813319277,0
True,2.08481301287788,0
True,2.09060988847853,0
True,2.48683011660637,0
True,1.84177453665847,0
True,2.21986365073213,0
True,2.04357114361097,0
True,2.69735561033758,0
True,2.26107307952856,0
True,2.5813670946788,0
True,2.01865061378422,0
True,2.90003330224809,0
True,1.35058986834082,0
True,2.51794287157045,0
True,2.01168595730942,0
True,2.00039512448546,0
True,2.34513491149163,0
True,1.46816954483774,0
True,2.52092447538026,0
True,1.19689259270312,0
True,2.19420299728012,0
True,2.65708964356078,0
True,2.37543245436767,0
True,1.25890487124396,0
True,2.89446591358405,0
True,2.09194856286785,0
True,2.54444189482389,0
True,2.18119782309562,0
True,2.31529063544365,0
True,2.38684437766414,0
True,2.12083516814982,0
True,1.77442430687818,0
True,2.19778071641034,0
True,1.70958194383263,0
True,2.48185250530236,0
True,2.34931550388624,0
True,2.12234977034692,0
True,2.09292293831523,0
True,2.42854383573734,0
True,2.54383230497579,0
True,2.08882171240858,0
True,2.3777297280235,0
True,2.16971234608835,0
True,1.58516446884545,0
True,1.72977338626578,0
True,2.11101574041666,0
True,2.30779465362813,0
True,1.56131007219003,0
True,1.86720907002727,0
True,1.93811232466202,0
True,0.95347099110112,0
True,2.36720834484801,0
True,2.09041467144337,0
True,1.83731236835684,0
True,2.85895911957741,0
True,2.41566274523683,0
True,2.15816615661079,0
True,2.31348528281515,0
True,1.7280699962615,0
True,2.21815150906451,0
True,1.86921304321941,0
True,2.4358561053957,0
True,2.0403974735102,0
True,2.08941964503582,0
True,2.21603468812374,0
True,2.53821651118712,0
True,2.48202200424968,0
True,0.86850337572068,0
True,2.5288057453013,0
True,0.60741071732099,0
True,2.14734118063217,0
True,1.71581827592475,0
True,2.08227116352078,0
True,1.57866985741287,0
True,1.80948420409908,0
True,2.48584249892723,0
True,2.53728643126279,0
True,2.93613217215631,0
True,1.49225893881566,0
True,2.1861062927721,0
True,2.27007076042418,0
True,2.63875646093983,0
True,2.53044550426154,0
True,2.14765833295414,0
True,2.36665858057925,0
True,2.14698663765502,0
True,2.27288288440866,0
True,2.42954230522965,0
True,1.77902007486694,0
True,2.82926175779537,0
True,2.79930330613237,0
True,2.41131548407584,0
True,2.4835833710781,0
True,1.5865537364346,0
True,2.18154711781284,0
True,2.30022204322428,0
True,1.96216190520408,0
True,2.32642828223032,0
True,1.91632255904659,0
True,1.89949657553703,0
True,1.78321019386986,0
True,2.5377191937126,0
True,2.14236775948564,0
True,2.70318190684307,0
True,2.70059004099427,0
True,2.34533388543748,0
True,1.92357844655108,0
True,2.05928680721462,0
True,0.779793987454933,0
True,1.85130611670626,0
True,2.69297276061896,0
True,2.57546085004043,0
True,2.82225023504821,0
True,1.98863153669059,0
True,1.75236643663623,0
True,1.90704433843645,0
True,1.76589931171658,0
True,1.64280544668143,0
True,2.08076217651362,0
True,1.39206116595555,0
True,1.75958785697283,0
True,2.52850313685085,0
True,2.63971301305085,0
True,2.30165095142063,0
True,1.18386414864177,0
True,2.29752615071423,0
True,1.87361155329235,0
True,1.60512710489506,0
True,1.10946824990851,0
True,2.69515882555871,0
True,1.67394445291048,0
True,2.15374798455674,0
True,2.31808964296974,0
True,2.77761691183075,0
True,2.16351938382965,0
True,2.24966307936801,0
True,2.5151087244562,0
True,2.26405190364636,0
True,2.4231423874535,0
True,3.54324397054177,0
True,2.83513735561209,0
True,1.98929041596365,0
True,1.40490891540914,0
True,1.73375596248999,0
True,2.07888199751358,0
True,1.43041586693107,0
True,2.70737480067842,0
True,1.96036334146242,0
True,1.92877923264841,0
True,1.51173560254789,0
True,2.2395902166753,0
True,2.45527273931593,0
True,1.77049730944669,0
True,2.59444189163488,0
True,1.5230940698838,0
True,1.26075365570528,0
True,1.93340517006169,0
True,2.54686293244386,0
True,2.3896624876082,0
True,2.09166187120699,0
True,2.49086909522101,0
True,1.2358651224527,0
True,2.61622274366943,0
True,2.34040956007442,0
True,1.50499680370636,0
True,0.528982399857587,0
True,1.97736912597955,0
True,2.32571276860065,0
True,2.33912700283185,0
True,2.46246511551205,0
True,2.79790855787742,0
True,2.06755209440186,0
True,0.344823709315865,0
True,2.56274516443365,0
True,2.21888651573974,0
True,2.55501714289412,0
True,2.02970777377994,0
True,1.86482731593611,0
True,2.28630798999081,0
True,2.45448157472444,0
True,1.70153806151753,0
True,2.08969917049578,0
True,2.29823000555214,0
True,2.66449206291278,0
True,2.54253089133193,0
True,2.74723882792583,0
True,2.75688662481617,0
True,1.43616290825178,0
True,2.06369022010444,0
True,1.92454846684572,0
True,2.40200164121703,0
True,2.27787003884248,0
True,0.910381522048057,0
True,0.87126441252604,0
True,1.95693326539466,0
True,2.02245918975339,0
True,1.02121186684005,0
True,1.42996429700487,0
True,1.79505564280556,0
True,2.33148485878505,0
True,2.77547395072306,0
True,0.747217808544726,0
True,2.25846693609067,0
True,0.338247339032843,0
True,2.10014128042825,0
True,2.41414356494041,0
True,1.85007464032126,0
True,2.37959946696912,0
True,0.660533431431516,0
True,2.38562545524122,0
True,2.31766784826346,0
True,2.33223461666175,0
True,2.30307401670794,0
True,2.5451333217881,0
True,2.29487711895033,0
True,2.2909248480789,0
True,2.29682559732939,0
True,1.53681962449361,0
True,2.39953892901146,0
True,2.29170506346852,0
True,2.29379570586378,0
True,2.04870586579956,0
True,2.71294981179498,0
True,2.30875950244336,0
True,1.70584765565169,0
True,2.06432182122655,0
True,1.99995319046849,0
True,2.28845705755312,0
True,2.38525869349859,0
True,2.51199304909277,0
True,2.61787841940057,0
True,0.631503554311685,0
True,2.25158086670391,0
True,1.86804233654213,0
True,2.18024555995366,0
True,1.77598366486329,0
True,2.87711945164125,0
True,2.18815232066019,0
True,2.72572841041985,0
True,2.53827020109201,0
True,2.17250470512426,0
True,2.58094541627851,0
True,0.501136860031825,0
True,2.82369276129264,0
True,2.67726740260307,0
True,1.72626432488319,0
True,2.59344769762939,0
True,0.826972493572013,0
True,1.08616456719482,0
True,2.6123124726464,0
True,2.6333085717136,0
True,2.6723170146854,0
True,2.46813690381499,0
True,2.23102389343369,0
True,1.77545824207803,0
True,2.69259454518003,0
True,2.58219768097163,0
True,1.93020783049081,0
True,2.755782344824,0
True,2.28981351411905,0
True,2.07942864916736,0
True,2.76979712838796,0
True,2.76859310337511,0
True,2.37256236301104,0
True,2.26108037697156,0
True,2.52737583585401,0
True,1.60595776181533,0
True,1.93393313352612,0
True,1.89486431932433,0
True,2.61410040207545,0
True,3.10119420924329,0
True,3.58350266873861,0
True,2.72333031587897,0
True,1.78428341731738,0
True,2.46330367895377,0
True,2.10486923096047,0
True,1.40763522782186,0
True,2.25133743233946,0
True,2.31814376666838,0
True,2.0056923699205,0
True,1.58479435134703,0
True,2.50450479247174,0
True,2.66428168735092,0
True,1.96759024464366,0
True,1.91569853130558,0
True,2.96494102715701,0
True,2.28825840797771,0
True,2.29315093026776,0
True,1.51312153836002,0
True,1.68425444219907,0
True,2.66086326955877,0
True,2.32773435992914,0
True,2.28802716020384,0
True,2.52048687318092,0
True,2.21508190187791,0
True,1.59898875363052,0
True,2.12933875592537,0
True,2.47612720282422,0
True,1.7986197414002,0
True,1.79045053886665,0
True,2.40795715071307,0
True,2.28481533914292,0
True,2.24537893365482,0
True,2.34474115094845,0
True,1.56613080781085,0
True,1.13243211976224,0
True,2.0104824435884,0
True,2.52387897334409,0
True,1.94261796866109,0
True,2.66292708133955,0
True,2.81640055015758,0
True,2.10585692102547,0
True,1.76062029896615,0
True,1.86443934049373,0
True,2.20910113571194,0
True,2.22726028593262,0
True,2.5163883968177,0
True,0.665495606478077,0
True,2.04600828651315,0
True,1.61863877716683,0
True,1.92196195024081,0
True,2.18707362669514,0
True,2.39430142206515,0
True,3.01196690219674,0
True,1.60134323933401,0
True,2.43631955082018,0
True,1.52729321716692,0
True,2.6609392560121,0
True,2.91244171720129,0
True,2.29364522941593,0
True,1.87711085068495,0
True,1.67946338862895,0
True,2.67858283073766,0
True,2.2569864267801,0
True,1.8408029827944,0
True,2.89083788846799,0
True,1.55801959779957,0
True,2.11740543915715,0
True,1.78280491556385,0
True,0.681901696421757,0
True,2.32780035522286,0
True,1.5512707472722,0
True,1.90235546687862,0
True,2.68142008255148,0
True,1.1479088736137,0
True,2.2981648623926,0
True,2.25654601644431,0
True,1.37597886337175,0
True,2.17325281146427,0
True,2.10794067551983,0
True,2.52617324799829,0
True,1.78625529467397,0
True,2.54744321075631,0
True,2.40955171148981,0
True,3.05961650799409,0
True,2.24257852475871,0
True,2.40301626631378,0
True,2.37003915017736,0
True,1.78894189934181,0
True,2.31973734870978,0
True,2.90166437378892,0
True,3.27570219207584,0
True,2.40752789610126,0
True,1.87202114470774,0
True,1.57198803472597,0
True,2.21814591214224,0
True,2.43313574918334,0
True,2.21596294760588,0
True,2.49522574433316,0
True,2.62553240353523,0
True,2.64073272226314,0
True,1.16407012279581,0
True,1.51743628393112,0
True,1.97453705686036,0
True,2.61006929246395,0
True,2.92371283748177,0
True,2.20482774615136,0
True,1.76204200496209,0
True,2.31901921444589,0
True,1.62147395747411,0
True,1.05984611338763,0
True,2.47902336849569,0
True,2.47800787349769,0
True,1.67115091785865,0
True,1.50750638356536,0
True,0.468226099032184,0
True,1.49018221164342,0
True,1.95900639289151,0
True,1.88389885626151,0
True,1.82233879202822,0
True,2.22551382562974,0
True,2.31783049644386,0
True,2.47074353882796,0
True,2.08704476953576,0
True,2.60474271871503,0
True,2.4402083766422,0
True,2.88053382211714,0
True,1.64392836581342,0
True,1.94756062192834,0
True,3.03528372379187,0
True,1.76204062337818,0
True,2.73184578702184,0
True,2.91497384973544,0
True,2.40327765477859,0
True,1.62581412766031,0
True,2.3149326627498,0
True,1.31118692284763,0
True,2.43934908514092,0
True,2.31122175595531,0
True,0.532994616503454,0
True,1.79407173686413,0
True,1.27937713455474,0
True,2.10537596236321,0
True,2.67874351052214,0
True,2.35626424490839,0
True,2.13431493873286,0
True,2.33958811887023,0
True,2.61621276355343,0
True,2.0890546383365,0
True,2.72638693668882,0
True,2.11907361271209,0
True,1.85501226338429,0
True,1.26780838844975,0
True,2.18621014768177,0
True,1.89621027328016,0
True,1.99521302921141,0
True,2.35830128810965,0
True,2.13382519504936,0
True,0.38089793312696,0
True,1.9915935286063,0
True,2.72081792115134,0
True,2.65314989977072,0
True,2.7193651175655,0
True,2.02087977882806,0
True,2.65424816422913,0
True,2.83123026358689,0
True,2.58294926178204,0
True,2.10009329719011,0
True,1.0276686846395,0
True,1.92826438116972,0
True,1.90871926168391,0
True,2.13154046349208,0
True,2.19556565714863,0
True,2.07560607333625,0
True,1.71257516134297,0
True,1.91118468920083,0
True,2.50700668493579,0
True,2.93063876735666,0
True,2.57520924832342,0
True,2.88559493710352,0
True,2.25783918888251,0
True,2.14007573456932,0
True,2.62739439412634,0
True,2.2138421976626,0
True,2.37413757337555,0
True,2.77788334921736,0
True,2.63573739210877,0
True,2.25054583661801,0
True,2.36422718159029,0
True,2.63169614558805,0
True,2.41059162504265,0
True,2.11565904931956,0
True,2.12220209307644,0
True,2.16244521722712,0
True,1.41033260962123,0
True,1.65212170461491,0
True,2.16525097236303,0
True,2.20347403633649,0
True,2.02562159534056,0
True,1.18922929574869,0
True,1.46789810965872,0
True,0.657174889866071,0
True,2.50922821006945,0
True,2.08537774174708,0
True,2.37160618388947,0
True,2.30803539331946,0
True,2.61200606058638,0
True,2.05606750539535,0
True,2.05047720607176,0
True,1.92950295805107,0
True,2.22581065462182,0
True,2.5914833220859,0
True,1.84815313631326,0
True,2.42624082007502,0
True,2.42079159489985,0
True,2.09982027228747,0
True,1.12559164287824,0
True,2.18623719655405,0
True,2.40255236687321,0
True,2.30560056533012,0
True,2.64782606010772,0
True,2.84904813311902,0
True,2.43292560239874,0
True,1.83770593052751,0
True,1.660186882146,0
True,1.58709098414218,0
True,0.807872259645381,0
True,2.57615191684572,0
True,2.08922273707352,0
True,2.43468201054281,0
True,1.94450441437252,0
True,1.90177440240994,0
True,2.22282814235152,0
True,2.75099537306093,0
True,1.24549519718664,0
True,2.15679262005065,0
True,1.40106636343197,0
True,2.41061183897582,0
True,2.06342539778715,0
True,2.3205096662662,0
True,1.93948102898103,0
True,2.18358138823651,0
True,2.31231806166348,0
True,2.08923947293002,0
True,2.07646805154051,0
True,2.08164503332877,0
True,1.81816175421569,0
True,2.68011408609661,0
True,2.36051111986539,0
True,2.62938196835683,0
True,1.1296590360462,0
True,2.49615594392363,0
True,2.05670942900577,0
True,2.08464853071226,0
True,0.863473600277156,0
True,1.90553624547357,0
True,2.41653154833006,0
True,1.78113604726152,0
True,2.28293073984585,0
True,1.67764958280696,0
True,0.457323983424628,0
True,2.35062148999329,0
True,0.3915608502549,0
True,1.47729003171968,0
True,1.94046660827446,0
True,2.31527591577875,0
True,1.58776976131229,0
True,1.89876921773302,0
True,2.22794396653045,0
True,2.43413077995465,0
True,2.48768238579721,0
True,1.13696915783643,0
True,2.1286152437601,0
True,2.44154684374825,0
True,2.32980211433274,0
True,2.47322948729424,0
True,1.82602128330261,0
True,1.51508265514983,0
True,1.63481507052035,0
True,2.14407679607698,0
True,1.58724339884765,0
True,0.728005479982744,0
True,1.70766927952401,0
True,2.49929431017171,0
True,1.18738248307606,0
True,2.68041818875011,0
True,1.78534709948412,0
True,1.84749099941931,0
True,2.21335682855578,0
True,2.33670816289295,0
True,1.99929354167784,0
True,2.01606614524156,0
True,3.08919394837524,0
True,2.89364132598166,0
True,2.85842373302045,0
True,0.510366797962953,0
True,2.97879761586385,0
True,0.591766832071863,0
True,2.04045423366119,0
True,2.07385658423023,0
True,1.93431558318487,0
True,1.97041926899783,0
True,2.36181029302502,0
True,1.74910878841644,0
True,1.81144428176014,0
True,2.43972023047807,0
True,2.14666991385633,0
True,2.80652824326558,0
True,1.93699214185329,0
True,1.88861198659001,0
True,2.23091268619492,0
True,2.36532395126709,0
True,0.83987480212379,0
True,2.9268649148508,0
True,2.1706304553161,0
True,2.01760325177574,0
True,1.74241811029772,0
True,2.59790596898213,0
True,2.64170817696771,0
True,2.78698119342982,0
True,2.07391250422222,0
True,2.20773648735542,0
True,2.23544410374644,0
True,1.34105879607086,0
True,2.4808860539611,0
True,2.25665501636972,0
True,0.808981377975478,0
True,2.21270214636406,0
True,2.4091207767805,0
True,2.066489027828,0
True,2.35033642961329,0
True,3.50566747600744,0
True,1.74140067176417,0
True,2.72812653566089,0
True,2.58225303559722,0
True,1.8746959847865,0
True,2.46245393485289,0
True,2.38565204671645,0
True,2.38217067651961,0
True,2.46901631104853,0
True,2.97693427349993,0
True,2.27520711049583,0
True,2.26122446456253,0
True,1.55275266437969,0
True,2.6364120984641,0
True,2.56828243412088,0
True,1.49900782850124,0
True,1.80840150938428,0
True,1.91448600704686,0
True,2.24599393916697,0
True,1.44825150460565,0
True,2.50090148362654,0
True,2.08268084012611,0
True,2.22028935020729,0
True,2.19797163726501,0
True,2.10215468095381,0
True,2.7306656876223,0
True,2.5860967188742,0
True,2.10924929654717,0
True,1.76335221436529,0
True,2.39929462644412,0
True,2.26762279993883,0
True,2.03620098065773,0
True,2.39431830612231,0
True,2.05271169159715,0
True,2.22076748889368,0
True,2.15322038817787,0
True,0.621394843226759,0
True,0.812692953730641,0
True,2.3818318412751,0
True,2.87628197676341,0
True,2.72853531147833,0
True,2.99758239038279,0
True,2.4073806715738,0
True,1.98516362357655,0
True,1.76364788049285,0
True,2.53722258875235,0
True,2.1953379133481,0
True,2.67334858107813,0
True,2.59250684938303,0
True,2.29277753766705,0
True,2.4957527668938,0
True,2.95604220855851,0
True,2.65126801346267,0
True,2.03791411566204,0
True,2.53173780531361,0
True,0.234098354250702,0
True,2.78217524588173,0
True,2.42647188731846,0
True,2.86430609314935,0
True,1.79254894061899,0
True,1.90641124896384,0
True,1.90554723444672,0
True,2.07785412462121,0
True,2.38524832667628,0
True,2.71654741774665,0
True,2.09336121560683,0
True,2.54053348674119,0
True,2.40094874162623,0
True,1.66367322896094,0
True,2.36320422496267,0
True,1.69227240008337,0
True,0.697795494372506,0
True,1.64111308597149,0
True,2.49479944294083,0
True,2.53517261285594,0
True,1.63588769074218,0
True,1.71551566056601,0
True,2.48993593745554,0
True,1.79784970566767,0
True,0.835865229268577,0
True,2.19208338333129,0
True,1.70273135653181,0
True,1.66444136766116,0
True,2.57692621960154,0
True,2.75224613681191,0
True,2.46146062044288,0
True,1.9892575137518,0
True,1.75300547276942,0
True,1.99456652702559,0
True,2.1887758606634,0
True,2.18874323331504,0
True,2.37094221371675,0
True,2.90570364573932,0
True,2.3919049554809,0
True,1.75381099477343,0
True,2.07153632547559,0
True,2.12601207786608,0
True,1.92067220520696,0
True,2.91659500028881,0
True,2.49317425274579,0
True,2.05025582890237,0
True,2.40178927006555,0
True,2.44252914973897,0
True,2.61904346288177,0
True,2.70358067791494,0
True,2.58917320536867,0
True,1.66038528288301,0
True,1.8229067273728,0
True,2.50694323195513,0
True,2.42882766227036,0
True,2.36706232228406,0
True,2.29111335826607,0
True,2.25211244428722,0
True,1.3582978056511,0
True,2.98574735923798,0
True,1.93338880370459,0
True,2.14536690917108,0
True,2.14011974779646,0
True,1.93456791873804,0
True,1.67081847170627,0
True,2.4130739859771,0
True,2.86706706036736,0
True,2.6551115316225,0
True,2.06399942049977,0
True,2.39194698277683,0
True,1.22439456784264,0
True,1.43226957107507,0
True,1.8815428210689,0
True,2.37193895593358,0
True,2.00449763839205,0
True,2.88734684034516,0
True,2.21246151807205,0
True,2.02091361134253,0
True,2.27674593389769,0
True,2.24476827760884,0
True,2.08952785589407,0
True,2.60092379736846,0
True,2.56329835823053,0
True,2.06330997775651,0
True,2.25821894721663,0
True,2.19033753255178,0
True,1.83704402849929,0
True,2.09524502121008,0
True,1.83109183571116,0
True,2.58182357424753,0
True,2.31821444613961,0
True,2.78905506058759,0
True,2.03842700782862,0
True,2.11734789942267,0
True,2.53611808807132,0
True,0.824631762540586,0
True,1.24396249587992,0
True,2.38581206650405,0
True,2.72241185853914,0
True,3.09398897388424,0
True,1.45894080949129,0
True,0.99894136147815,0
True,2.00664928898195,0
True,2.07537637176939,0
True,2.37538799555671,0
True,2.67682713905656,0
True,2.21811239877615,0
True,1.83605450726083,0
True,2.01650638437352,0
True,2.39755025496556,0
True,2.78522719027249,0
True,2.30974774113302,0
True,2.01647473309072,0
True,2.56988254899141,0
True,2.10059291736724,0
True,1.63311231375783,0
True,2.55196455077949,0
True,2.70825601283173,0
True,2.2426948949449,0
True,2.14820908144349,0
True,2.27977124938482,0
True,2.05749591942111,0
True,2.07746467229326,0
True,2.08427281326446,0
True,1.51177729092562,0
True,2.53987478630444,0
True,2.19914629843935,0
True,1.83807660394042,0
True,2.21728586231907,0
True,2.76055754607864,0
True,2.56879983520689,0
True,2.43294249738919,0
True,2.31075387215474,0
True,2.09024567909808,0
True,1.88546841922654,0
True,1.4957539993071,0
True,2.11770129985891,0
True,2.55086112601679,0
True,2.69205863136148,0
True,2.21180523079743,0
True,2.36081185762043,0
True,2.79480628916994,0
True,2.19214088007565,0
True,2.13686366594475,0
True,1.64123645386416,0
True,2.28122855960766,0
True,2.06121818803906,0
True,1.08797109033362,0
True,2.12995302420122,0
True,2.18149951275885,0
True,2.18278762081895,0
True,2.04656836538042,0
True,2.24020059113944,0
True,0.60290492900095,0
True,1.08208156520918,0
True,2.35974401480897,0
True,1.73925313554258,0
True,2.33615692413194,0
True,2.08599553270801,0
True,2.31277867114572,0
True,2.52017186652575,0
True,2.62228647491313,0
True,2.61205143326474,0
True,2.75939485888407,0
True,3.11718064941293,0
True,1.95149742313456,0
True,2.31830921113216,0
True,1.48336229666483,0
True,2.50699802415158,0
True,2.65440555457685,0
True,2.30651969616468,0
True,2.30373637018451,0
True,2.33371138115261,0
True,2.40220811285371,0
True,2.58818021805202,0
True,2.80421620598094,0
True,2.45817891787991,0
True,2.03417678150999,0
True,2.35940017168175,0
True,1.90791497765971,0
True,2.22022545461133,0
True,2.47075318216526,0
True,2.67857381552029,0
True,2.02391128355545,0
True,2.66003244919304,0
True,0.808921566723033,0
True,2.66372923371517,0
True,2.22820971928275,0
True,1.40858676624243,0
True,0.272621453491827,0
True,0.914385011897295,0
True,1.62609903351819,0
True,1.73867592692438,0
True,2.00080304352623,0
True,2.7551339564081,0
True,2.32135190856525,0
True,2.87304538495854,0
True,2.18328218960209,0
True,2.28400254364484,0
True,2.0049658306574,0
True,2.48903125846411,0
True,2.91160847106256,0
True,2.39498147528757,0
True,2.15116143873529,0
True,1.83485978797364,0
True,2.44728741994298,0
True,2.14934305860089,0
True,2.54199039135806,0
True,2.33789450272221,0
True,2.70115670303949,0
True,2.4997705956335,0
True,1.95574038325232,0
True,1.75008508697204,0
True,1.26461604132098,0
True,2.27595785783027,0
True,2.02802784638293,0
True,1.81242610706873,0
True,1.740871204243,0
True,2.07909520560572,0
True,1.67868385198086,0
True,1.8655740641191,0
True,1.37756531545602,0
True,2.90156269460362,0
True,3.13161129177289,0
True,0.881011450910655,0
True,2.76255733502747,0
True,2.68992700541522,0
True,1.8391618051865,0
True,2.5671529392027,0
True,0.5103141784057,0
True,2.4850051935633,0
True,2.24858290179172,0
True,1.36479207576659,0
True,2.50867846684453,0
True,2.86659016105317,0
True,2.19105303532228,0
True,2.10753417439866,0
True,1.77560661278239,0
True,1.77546448330696,0
True,2.64004951250263,0
True,2.34877454517063,0
True,1.44517139975872,0
True,2.42794176213294,0
True,1.7045770950063,0
True,1.50441742744543,0
True,2.14374311095042,0
True,2.0190894560973,0
True,2.76304049898477,0
True,2.45007247591861,0
True,2.08165998730281,0
True,0.64425510094229,0
True,3.00325280127671,0
True,2.99959867110152,0
True,2.5461701243455,0
True,1.97463225349551,0
True,1.97346980873968,0
True,2.01205635558575,0
True,2.31414526140812,0
True,2.66060998710587,0
True,2.78676072529455,0
True,1.80765022385394,0
True,2.08015922029639,0
True,2.0672757449372,0
True,1.69280701499168,0
True,2.28557850878357,0
True,2.5467414430674,0
True,1.62280690816927,0
True,2.53298069099243,0
True,2.43526692253982,0
True,2.53093608847335,0
True,1.72354721657203,0
True,2.34711924215837,0
True,2.55839314018927,0
True,2.36472232173766,0
True,1.12871745452408,0
True,1.50695055434881,0
True,2.3651013237338,0
True,2.0993054077168,0
True,2.5046336295948,0
True,0.863262020310603,0
True,2.65998165868278,0
True,2.50444791871166,0
True,0.713424972466706,0
True,2.470923584764,0
True,1.8884275569811,0
True,2.8532122153923,0
True,1.68657812695273,0
True,2.21707310933769,0
True,2.57412392867667,0
True,2.38268554873195,0
True,2.09358903450118,0
True,2.35053659209733,0
True,2.37456014292853,0
True,2.04009496730594,0
True,2.71758656275085,0
True,2.41136318989562,0
True,2.13526814720158,0
True,3.11149206941224,0
True,2.79927153677115,0
True,1.50466098726963,0
True,2.40660312090617,0
True,0.876007304668517,0
True,2.04308690875071,0
True,2.03294644074168,0
True,2.41032397082076,0
True,2.62100157266248,0
True,2.26674919980651,0
True,2.36395623951682,0
True,1.81088447884431,0
True,2.85287432636047,0
True,2.88822775544026,0
True,3.38078336753938,0
True,0.344223592832342,0
True,3.46243186438629,0
True,2.45111189758673,0
True,2.09662669981662,0
True,1.22633251388128,0
True,2.35131697098227,0
True,2.22700165274669,0
True,1.75963127041103,0
True,2.41339188204143,0
True,2.0876582534513,0
True,2.42572407852358,0
True,2.17468361707033,0
True,2.22381750255489,0
True,1.91701255673237,0
True,2.34078977751604,0
True,2.28199545214483,0
True,2.57699249915145,0
True,1.45684277419541,0
True,2.65315191037786,0
True,2.16382602476555,0
True,2.45256379573142,0
True,2.70569984691279,0
True,2.86118479485258,0
True,2.14406161679279,0
True,1.53936697209218,0
True,2.06902374912024,0
True,2.38561202116737,0
True,1.63484532218249,0
True,2.28837133911442,0
True,2.48926787774495,0
True,0.420129877907493,0
True,2.07290138095203,0
True,2.58585807827178,0
True,2.18277289380582,0
True,0.310014863283246,0
True,2.25421676282981,0
True,2.30373600319794,0
True,1.95370630759467,0
True,2.20239767728586,0
True,2.00203007404082,0
True,0.622067207252014,0
True,2.53028123551584,0
True,1.82186612114506,0
True,2.61740471611284,0
True,2.17915380631766,0
True,2.61716806996514,0
True,2.40321534607287,0
True,2.66795047457024,0
True,3.1725427902003,0
True,2.35790009771951,0
True,2.02805592077201,0
True,2.82647391074031,0
True,2.53672947302157,0
True,2.59606305811144,0
True,2.54348488733664,0
True,2.91140142010947,0
True,2.92623943294681,0
True,2.21827648968227,0
True,1.09441467669944,0
True,2.18565191454911,0
True,2.52261848299889,0
True,2.69018222031602,0
True,1.98134154439588,0
True,2.38401753400104,0
True,2.36783275960899,0
True,1.77474264393005,0
True,1.98588036708993,0
True,1.06826950768332,0
True,2.1748321511323,0
True,2.14104164054408,0
True,1.87794479068414,0
True,1.49395817943964,0
True,2.20187574460731,0
True,2.23378272423508,0
True,2.2380855711221,0
True,2.25186110773272,0
True,0.260679110866583,0
True,2.43308554113171,0
True,2.41256831471309,0
True,2.49194838151759,0
True,1.60454558493047,0
True,2.66035870892878,0
True,2.17471166633688,0
True,2.18115005069353,0
True,2.19309609837762,0
True,2.7277208219998,0
True,1.77253167863456,0
True,2.03812737030383,0
True,2.42839985066107,0
True,2.31917000594902,0
True,2.37225449238552,0
True,2.61711940807217,0
True,2.27169585630751,0
True,0.388789894384484,0
True,0.869659434689336,0
True,2.48853323508148,0
True,2.36348513731392,0
True,2.18634002255942,0
True,0.693990310972565,0
True,1.93793922675197,0
True,1.94898520066393,0
True,2.07908027786054,0
True,1.81363583817874,0
True,2.15602438459192,0
True,2.08376930524788,0
True,2.48910360140123,0
True,1.75400187072531,0
True,2.63393387991481,0
True,2.22160485584839,0
True,0.972034314394241,0
True,2.59333281674322,0
True,0.782922375510308,0
True,2.71205234906829,0
True,2.03791202652142,0
True,2.40529456184545,0
True,1.85730627725877,0
True,2.33740404924144,0
True,1.92616113391381,0
True,2.7666008071744,0
True,0.632848537906015,0
True,2.23049043112102,0
True,2.65526086084258,0
True,2.06350527895769,0
True,2.34289362613246,0
True,2.51170791627522,0
True,0.510832932183764,0
True,2.50368709150714,0
True,2.23799144970898,0
True,3.00821143329845,0
True,2.6280411744157,0
True,2.23454267843599,0
True,2.16405930816556,0
True,2.17644737939506,0
True,2.82287593167723,0
True,0.438113972628322,0
True,2.41068946515972,0
True,2.23952031632004,0
True,1.92131080250426,0
True,1.82385733745765,0
True,2.55500221821098,0
True,2.00841724433199,0
True,2.75105415285498,0
True,2.32862679649872,0
True,2.38038269761787,0
True,2.2107338791815,0
True,1.90509405780113,0
True,1.77113318302389,0
True,1.37996108690088,0
True,2.78626565926559,0
True,2.51240946391155,0
True,1.95461545453454,0
True,2.14148735085854,0
True,2.54091406916057,0
True,2.23920935598378,0
True,2.05970336589011,0
True,2.28733731366944,0
True,2.29110773583723,0
True,2.15814541684583,0
True,2.08881984030438,0
True,1.21830823337129,0
True,2.98473106230575,0
True,2.29386771330758,0
True,2.76067458872225,0
True,2.55746629051292,0
True,1.97005477053501,0
True,2.02293422719724,0
True,2.66352709519311,0
True,1.9466433492457,0
True,2.65797147058326,0
True,0.63918229706463,0
True,2.30747477418944,0
True,2.76632410255155,0
True,2.2122073312195,0
True,1.55445308954506,0
True,2.05779186386143,0
True,2.5612930991094,0
True,2.40871896651892,0
True,2.16742991241526,0
True,3.29095092609449,0
True,2.78505259600184,0
True,2.47705795406865,0
True,2.83793350512003,0
True,2.6288480920327,0
True,2.47428501592827,0
True,1.73548414056217,0
True,1.98677340153654,0
True,1.86171517752147,0
True,2.30278407126348,0
True,2.64791052916701,0
True,2.2824313476159,0
True,2.80779768671812,0
True,2.44430002401987,0
True,2.61271746900561,0
True,2.91072571902118,0
True,2.56327523314585,0
True,2.57337048097382,0
True,1.70822629971309,0
True,1.86281451851652,0
True,2.38962279190586,0
True,2.90069724902526,0
True,2.31313091726002,0
True,2.49214706368858,0
True,2.84835806407305,0
True,2.44990002178525,0
True,2.70305216586083,0
True,2.04565638791359,0
True,2.33016026787501,0
True,1.74608155806357,0
True,2.3619480333928,0
True,2.15622870218342,0
True,2.44046807126559,0
True,2.9546233530016,0
True,2.76658609378076,0
True,2.84110776352372,0
True,2.39618414324675,0
True,2.85164208348523,0
True,2.27698288154318,0
True,2.39282757665024,0
True,2.66543958294282,0
True,2.45324115828157,0
True,2.41012957235875,0
True,2.69361045098032,0
True,2.36143458575077,0
True,2.68006957136334,0
True,2.15876573927614,0
True,1.97604687154452,0
True,1.77331201870011,0
True,2.42779118212599,0
True,2.62973907749102,0
True,0.900220280578757,0
True,2.14993683656669,0
True,2.2096758967018,0
True,2.06719696191082,0
True,2.23874153758906,0
True,3.11340049029999,0
True,2.41561016556594,0
True,1.84473984555098,0
True,2.61940065311937,0
True,2.0543963923665,0
True,1.97786842196654,0
True,2.1379007330073,0
True,1.58773472147001,0
True,2.38043371895347,0
True,2.19422521064073,0
True,2.15673406605436,0
True,2.63059571896889,0
True,2.45036892737849,0
True,2.60008414306034,0
True,2.34607319576225,0
True,2.2708964921065,0
True,2.16575750505636,0
True,2.27625989864568,0
True,2.27934196768885,0
True,2.08174281258779,0
True,2.15096546211679,0
True,1.60128787858689,0
True,1.56045830023069,0
True,2.20781158939629,0
True,2.33524770399918,0
True,1.93222690242864,0
True,1.85695708692833,0
True,0.536551102331226,0
True,2.02021302472375,0
True,0.518847956222165,0
True,1.72832067199625,0
True,2.67222340299934,0
True,2.36932351460539,0
True,1.63424262901862,0
True,2.77618253015311,0
True,1.9548997623629,0
True,2.02222956478977,0
True,2.35550875430409,0
True,2.58290747115675,0
True,2.26352641174797,0
True,2.40110814298558,0
True,2.09386737485766,0
True,1.67341186810534,0
True,2.27129249252096,0
True,1.08770871997048,0
True,2.14653958295654,0
True,2.14145767128594,0
True,1.38402505758207,0
True,1.83284651558316,0
True,2.38791908284393,0
True,0.430322602934664,0
True,1.75145909732614,0
True,2.49413995594425,0
True,1.6313436171711,0
True,2.26105146593647,0
True,2.52961444659902,0
True,2.44133825851655,0
True,2.57440175309094,0
True,2.60162829588732,0
True,2.32092134369397,0
True,2.31916452659163,0
True,2.08280935055966,0
True,2.36208978105457,0
True,2.59256226677763,0
True,2.23484204433883,0
True,2.81760761072395,0
True,2.4003084014905,0
True,2.24750280123734,0
True,2.81840813770373,0
True,2.45488136104291,0
True,2.43541789536308,0
True,2.19800442793757,0
True,2.3297742195165,0
True,2.38251868539068,0
True,2.01981880550587,0
True,2.07571785656322,0
True,1.86756276655409,0
True,2.47263993625683,0
True,0.737812542554103,0
True,2.03193772138663,0
True,1.9413873867363,0
True,2.30392130334965,0
True,2.67834447909825,0
True,2.18196065818158,0
True,2.67558126642098,0
True,2.48708831608842,0
True,2.18241268907286,0
True,2.40043952535237,0
True,2.064281218305,0
True,1.81628145726769,0
True,2.61087269660419,0
True,2.40649601506995,0
True,2.20095145500059,0
True,2.21078634630783,0
True,2.14459730880162,0
True,2.31713179971193,0
True,1.48313142236228,0
True,2.29312797473014,0
True,2.00702852805835,0
True,2.2329127673396,0
True,2.98982477791515,0
True,3.08777706799085,0
True,1.08350892417385,0
True,2.56782003947589,0
True,2.52599742014,0
True,2.59275071495183,0
True,2.09431207887363,0
True,2.57848607595522,0
True,2.63303875267473,0
True,2.30250096538648,0
True,2.06124550162168,0
True,1.78274976124759,0
True,1.95884793360779,0
True,2.52371117707745,0
True,1.73860366493607,0
True,1.92842565992055,0
True,2.5042102461005,0
True,0.719835386055651,0
True,1.75688507752087,0
True,2.33968759680585,0
True,1.84466037874411,0
True,1.86174040729425,0
True,1.57722320432951,0
True,2.36077576322376,0
True,2.57612054280801,0
True,2.29156013197617,0
True,2.40074684541081,0
True,2.11627786621292,0
True,2.60698896622174,0
True,1.17091970058653,0
True,1.75617320443908,0
True,2.27737774996808,0
True,1.94649211057499,0
True,1.92528194799743,0
True,2.01602145216512,0
True,2.31637393862332,0
True,2.21176806996572,0
True,2.20942810871637,0
True,2.72175730726327,0
True,1.97510076947569,0
True,2.47033578304314,0
True,2.15723829043976,0
True,3.0111147411417,0
True,2.47939992567495,0
True,2.33269864504884,0
True,2.94952106926187,0
True,2.11821542461005,0
True,2.23939374042242,0
True,0.396468071961327,0
True,1.73148376933279,0
True,0.802817863496977,0
True,1.32434109949056,0
True,1.926987554677,0
True,2.22957908465663,0
True,0.98479319144723,0
True,2.61755112977917,0
True,2.5999435628201,0
True,2.13688645087706,0
True,1.84661756235966,0
True,2.12966937237265,0
True,2.01967205709328,0
True,2.07891088414261,0
True,2.23332003790752,0
True,1.80293733021585,0
True,2.5064566076557,0
True,1.88930553957599,0
True,2.54289435944497,0
True,1.02721897453136,0
True,2.58390639404458,0
True,1.59787560259307,0
True,2.02484155760965,0
True,0.791635763555465,0
True,2.29571797288291,0
True,2.29025432962302,0
True,1.99518614730502,0
True,2.65941424280625,0
True,2.43235440560967,0
True,1.73249074979493,0
True,2.28888850338729,0
True,1.15454877922705,0
True,1.97778979378882,0
True,2.57430764847534,0
True,2.30751642392667,0
True,2.81626439883096,0
True,1.6069830333184,0
True,1.91973493625848,0
True,2.26585431099475,0
True,2.46252732537625,0
True,2.36700890760333,0
True,0.528240859350385,0
True,2.56742849774965,0
True,2.2209979859732,0
True,2.02225785074248,0
True,2.13854651647856,0
True,2.08367943635216,0
True,2.70053910778654,0
True,1.93630122186961,0
True,1.96003252141377,0
True,0.265959884014169,0
True,2.15189959859188,0
True,2.35574037773248,0
True,1.99408941921205,0
True,2.17757523747445,0
True,1.5262427454981,0
True,2.09488485952247,0
True,2.49155828343218,0
True,2.51344520824643,0
True,2.18816566817167,0
True,2.5491476211736,0
True,2.55930981994846,0
True,0.90509406602193,0
True,2.11966624276893,0
True,1.33881220368871,0
True,1.67971951432363,0
True,2.02095783799842,0
True,2.50831537307127,0
True,2.5075010821766,0
True,1.19049287201891,0
True,1.87583717678324,0
True,2.66178698767807,0
True,2.38849596804417,0
True,2.44770396426238,0
True,2.1264705623107,0
True,2.05416707361136,0
True,2.78754445018501,0
True,2.60171289452311,0
True,2.77625909349559,0
True,2.38266013462481,0
True,2.5099878408829,0
True,1.98046446225494,0
True,3.02956616813972,0
True,2.64985292572257,0
True,1.9910813708798,0
True,2.11124088401843,0
True,1.97957350054508,0
True,2.41729292081868,0
True,2.48545420237289,0
True,1.97632268602861,0
True,2.45424980824052,0
True,2.17033783360782,0
True,2.59702280134045,0
True,2.24771465873089,0
True,1.97621724460871,0
True,1.75360615144696,0
True,2.02263482840837,0
True,2.31764369219386,0
True,1.87233440890364,0
True,2.62655818796185,0
True,2.14656172258447,0
True,2.26317639591219,0
True,2.57682308541694,0
True,2.94908262185478,0
True,2.18684788190502,0
True,1.90336240238437,0
True,2.16307902890751,0
True,2.27884535896534,0
True,2.58730054341041,0
True,0.774177223072675,0
True,1.68599786293638,0
True,1.5648661004337,0
True,2.03992827628389,0
True,1.84822342902271,0
True,2.29284698960876,0
True,2.36639313042162,0
True,2.2708674190926,0
True,2.44436730035081,0
True,2.56815154749744,0
True,2.11282471674498,0
True,2.13631169609167,0
True,2.17070225799482,0
True,2.64187585687761,0
True,1.91739085154507,0
True,2.54368486054072,0
True,2.27211619784481,0
True,0.993969623133027,0
True,2.11206645650472,0
True,2.13017881444653,0
True,2.22031497459083,0
True,2.2898330008611,0
True,1.15169487599958,0
True,1.96836267023431,0
True,2.30870020580276,0
True,2.05090361445353,0
True,1.84906611380654,0
True,1.86673867372879,0
True,1.08452030854046,0
True,2.17527279156645,0
True,1.86079290455105,0
True,2.25563787817353,0
True,0.925346123372779,0
True,2.29576173641526,0
True,1.87444315199392,0
True,2.25614550867839,0
True,2.13635953328437,0
True,1.9600567326111,0
True,0.568123956373379,0
True,2.2747784585483,0
True,2.14613859097852,0
True,2.76569703418594,0
True,1.31167758563253,0
True,1.8310898497429,0
True,2.31438140183003,0
True,1.96594368349256,0
True,1.02674321228481,0
True,2.31707343951104,0
True,1.58895994492077,0
True,0.492909991434121,0
True,1.58259966601801,0
True,1.81466559478459,0
True,1.64616771019175,0
True,2.0598657050827,0
True,2.38086565020001,0
True,2.57890397996809,0
True,2.92692909347727,0
True,1.95244818448341,0
True,2.20629072306873,0
True,2.79647253113277,0
True,2.10905576312158,0
True,2.23007905072858,0
True,2.32730927564075,0
True,2.37664819177562,0
True,2.56201540518673,0
True,1.98406130768759,0
True,2.89091662903803,0
True,2.28752577325268,0
True,2.77346747237175,0
True,2.27784827149578,0
True,2.85887866041155,0
True,1.80759041863969,0
True,2.71090800800963,0
True,2.55705497084124,0
True,2.07308995340856,0
True,2.00851144496534,0
True,0.670694218747218,0
True,1.26288297152357,0
True,1.22586362106924,0
True,2.2670339783512,0
True,0.372042761714743,0
True,2.05899268616906,0
True,0.564624540914371,0
True,2.21233130114716,0
True,2.84701154616028,0
True,2.2864681415676,0
True,2.21151759748011,0
True,0.693960939753104,0
True,2.55877197550692,0
True,2.53399887797874,0
True,0.65123923877732,0
True,2.32291917081756,0
True,2.42661872536047,0
True,2.5318153729076,0
True,1.07201943322169,0
True,1.66147349934652,0
True,1.03360993443217,0
True,1.82201753777532,0
True,1.1048701290591,0
True,0.430266166669586,0
True,2.11268144743029,0
True,1.86369600246361,0
True,2.15597698617946,0
True,2.97185776004929,0
True,1.42145214903267,0
True,2.72827519764195,0
True,2.02503240312231,0
True,2.57002162079879,0
True,2.72620109748467,0
True,1.8534637286801,0
True,1.33999085951679,0
True,2.1829001862927,0
True,2.55562754730962,0
True,1.62892316989014,0
True,2.8269972726533,0
True,2.10820179096282,0
True,2.54479432380911,0
True,2.18424541428693,0
True,2.66554374634657,0
True,2.67382195827784,0
True,3.0397936275995,0
True,2.2691570280009,0
True,2.11539796824997,0
True,1.96767712770485,0
True,2.27920873762983,0
True,1.50500335110061,0
True,2.1853319840915,0
True,2.01131202122791,0
True,0.923917813803177,0
True,2.49303343088153,0
True,0.322461041043393,0
True,0.457105219838286,0
True,2.20255587045897,0
True,2.855510893886,0
True,2.25581292923565,0
True,3.2031400723613,0
True,2.02595770296382,0
True,1.78888548332447,0
True,1.96804590114778,0
True,2.13495259296679,0
True,2.48018581443625,0
True,2.64973750233277,0
True,2.94631402401409,0
True,2.44616091856666,0
True,1.11981329733821,0
True,2.58444326624836,0
True,2.97777638934159,0
True,1.23171254112191,0
True,2.43744517554048,0
True,2.03827489681413,0
True,2.01339331331398,0
True,2.2653508882405,0
True,2.5271776650749,0
True,2.7291226631779,0
True,2.19700933681315,0
True,1.88721407071186,0
True,2.25088797781059,0
True,2.17370047749486,0
True,2.3007496159523,0
True,2.35713777551828,0
True,0.258695599454978,0
True,2.43334734380711,0
True,2.19630250298196,0
True,2.70379266593844,0
True,2.07729916674158,0
True,1.30683054242281,0
True,2.75303554520451,0
True,2.34968822898854,0
True,2.41184018153353,0
True,2.45096420063151,0
True,2.08069466462677,0
True,2.87546382316956,0
True,3.14105468876412,0
True,2.34598259078981,0
True,1.97527327298669,0
True,2.3581392434234,0
True,0.915901395868202,0
True,2.66346471094268,0
True,2.70479217835609,0
True,0.322854913075436,0
True,3.21536146991379,0
True,2.37662144921494,0
True,1.55152897139755,0
True,2.39542847011955,0
True,2.24034014094195,0
True,2.18256610478911,0
True,1.88817000168619,0
True,2.07519649129557,0
True,2.22973796720004,0
True,2.51511520558705,0
True,2.01715769052136,0
True,3.10771547243383,0
True,3.18729026365946,0
True,3.06643050706483,0
True,2.71927314036794,0
True,2.98875236190531,0
True,2.56131178539115,0
True,2.59452317219972,0
True,2.19720396874679,0
True,2.55535207220424,0
True,2.69320178706266,0
True,2.18699619746644,0
True,2.58996329395381,0
True,1.887651422114,0
True,1.68698309108227,0
True,2.92008412965599,0
True,1.81662768433916,0
True,1.79532930803623,0
True,2.32150474001417,0
True,2.3020729982539,0
True,1.99078015993733,0
True,2.2653165605884,0
True,2.480880012709,0
True,2.64950448614003,0
True,2.37680878147783,0
True,2.15309028939609,0
True,2.59411067310387,0
True,2.77439367620666,0
True,2.0827262068664,0
True,2.9479335747416,0
True,2.02628582017546,0
True,1.9733056137365,0
True,3.05189632493409,0
True,1.86443595234962,0
True,2.07194936124881,0
True,2.38371593032946,0
True,2.90819331908462,0
True,2.51549189932537,0
True,2.58116949480904,0
True,2.7195453105962,0
True,2.50042668974147,0
True,2.48454772339981,0
True,0.444406666394508,0
True,1.97170789993361,0
True,2.26299019585539,0
True,2.3697848821289,0
True,2.72620383932971,0
True,2.40029135301123,0
True,1.927843078585,0
True,2.56328351897457,0
True,1.37194292378003,0
True,0.473237996758028,0
True,1.83254694791155,0
True,2.04132376241714,0
True,2.50699328581819,0
True,2.56934849279402,0
True,1.98774097785659,0
True,1.73450237858819,0
True,2.2206071539429,0
True,2.16951667828272,0
True,2.31610719271455,0
True,3.01886532197623,0
True,2.09173818964799,0
True,1.63199229686537,0
True,2.30681709857141,0
True,1.95771947187537,0
True,2.32011439058601,0
True,0.938445077102353,0
True,2.32828561404941,0
True,1.75204063485787,0
True,1.10318467314806,0
True,0.913176075527232,0
True,2.37854980367772,0
True,2.29352303765386,0
True,2.59701155081945,0
True,2.53059850646922,0
True,2.38375779131484,0
True,1.88431994821546,0
True,2.26764145087397,0
True,2.17177780002025,0
True,2.31044305756287,0
True,2.37458756516848,0
True,2.18984724876546,0
True,1.92793842522018,0
True,2.27405548199965,0
True,2.14996243704974,0
True,2.22550425182888,0
True,1.98487836422112,0
True,2.40025453337225,0
True,2.55166252464047,0
True,2.27006949118999,0
True,2.71810541500987,0
True,2.60319608674634,0
True,2.62614584205547,0
True,2.50617036655299,0
True,2.26930679499236,0
True,1.43650181988978,0
True,1.5740564046533,0
True,2.75847520480373,0
True,3.00242886400976,0
True,2.08145743529921,0
True,0.58841568781109,0
True,2.246935639808,0
True,2.91998403946023,0
True,2.04091693371729,0
True,2.49644537282858,0
True,2.43388275404103,0
True,2.05308239387417,0
True,2.42786513823071,0
True,2.85200660553822,0
True,2.04264992456291,0
True,2.0336766863406,0
True,2.27029249294696,0
True,2.4143024782123,0
True,2.61901423227751,0
True,2.49369540700602,0
True,2.65472841682194,0
True,2.5045784366218,0
True,1.18782083606661,0
True,2.95680114981027,0
True,1.85348036728222,0
True,2.24234781711384,0
True,2.11059239180579,0
True,2.48109147884261,0
True,3.10579313235933,0
True,2.08419818333631,0
True,2.15403489486522,0
True,2.47539723011946,0
True,1.86760702986892,0
True,2.10708055973889,0
True,2.64869343126853,0
True,2.86797686174879,0
True,2.53215258702951,0
True,2.18481025762805,0
True,2.48820297450747,0
True,0.293634250108025,0
True,2.37366683998601,0
True,2.10543089194824,0
True,2.635065291326,0
True,2.66197300227599,0
True,2.34303943701846,0
True,2.12523275817045,0
True,2.04094082845884,0
True,0.57169506727876,0
True,0.485772799187066,0
True,2.13485934707906,0
True,2.20986478722008,0
True,2.05818545255948,0
True,2.17446316003474,0
True,2.42934888342201,0
True,2.41660906222657,0
True,1.94840919783611,0
True,1.97960083371086,0
True,2.52259783519039,0
True,2.34022400981706,0
True,2.47489890632423,0
True,2.18002412079761,0
True,2.46617146777722,0
True,1.94818099574153,0
True,2.27832400887658,0
True,2.79973475448539,0
True,2.46281510210358,0
True,1.43060849563718,0
True,1.8002728621373,0
True,2.15683849549503,0
True,1.42900600199575,0
True,3.03331917800762,0
True,1.98125382057526,0
True,2.41963191997277,0
True,2.38420210476547,0
True,2.32501283255337,0
True,1.37704904349598,0
True,2.02487452079045,0
True,2.80325909901632,0
True,2.20657017565027,0
True,1.77144539210036,0
True,3.47456898227786,0
True,2.31808816976307,0
True,1.02015835870011,0
True,1.96306819023302,0
True,1.67847774294331,0
True,2.4580425764687,0
True,1.84693427949166,0
True,2.54496682697797,0
True,1.83449672652072,0
True,2.05189845782802,0
True,2.17986317366426,0
True,2.33330439689506,0
True,2.328311124793,0
True,2.60255153047165,0
True,2.45074883697524,0
True,1.90318272534463,0
True,1.52815083846439,0
True,2.05594451608452,0
True,2.05770162103271,0
True,2.41432572115639,0
True,2.07379386451722,0
True,2.85544446396789,0
True,2.18403608015837,0
True,3.2552422813775,0
True,2.85278009659785,0
True,2.96614441422433,0
True,2.8917124885629,0
True,1.38179156898847,0
True,2.22406012101308,0
True,1.66538059212095,0
True,2.18596052217374,0
True,2.16188694610968,0
True,2.78887737503359,0
True,2.14613182779337,0
True,2.6418567824439,0
True,3.03960965932734,0
True,1.60418488797097,0
True,2.36409721230901,0
True,2.21480253777766,0
True,2.18332577239771,0
True,2.4678469077202,0
True,1.56013795880946,0
True,2.44245271540721,0
True,2.38645698695849,0
True,2.23606228298401,0
True,2.33128439546859,0
True,2.71645849269638,0
True,2.37704044489466,0
True,2.31674018008007,0
True,2.08584427181724,0
True,2.49044375355994,0
True,0.608423122282738,0
True,1.89108537343654,0
True,2.2884056615016,0
True,1.97235577401345,0
True,1.72752111479433,0
True,2.03647088341641,0
True,1.89108319687489,0
True,1.94687118485828,0
True,2.00832553401728,0
True,1.91622302694093,0
True,2.22528351703577,0
True,2.47813089719654,0
True,3.23036422803795,0
True,2.30848581019559,0
True,2.93380723391096,0
True,2.0408170864405,0
True,1.63666290765492,0
True,2.20290040579933,0
True,0.859196080526722,0
True,1.76212609195936,0
True,2.20251927473737,0
True,2.39295355282496,0
True,1.4338114321435,0
True,2.00242359991741,0
True,2.31081154710706,0
True,2.44501991840798,0
True,2.13906553617502,0
True,2.0521812175751,0
True,2.12397926652761,0
True,2.19738043095925,0
True,1.86992504396974,0
True,2.32780167272871,0
True,2.56686069511968,0
True,2.12599593058279,0
True,2.13847051164036,0
True,2.08456625584949,0
True,2.436230527418,0
True,2.48861308367971,0
True,3.16513816001989,0
True,2.2984549582701,0
True,1.90674025252033,0
True,2.12198360721978,0
True,2.29925703567455,0
True,2.24070341253367,0
True,1.87412860354539,0
True,1.96228137906514,0
True,2.05491633282644,0
True,2.24816911008691,0
True,2.77034347140102,0
True,2.00432987140432,0
True,2.77024967221743,0
True,2.17477358499496,0
True,2.10126273859056,0
True,2.5402177456919,0
True,2.38631464473902,0
True,1.45270171534238,0
True,2.3835344971906,0
True,2.2657485882512,0
True,0.347493922867028,0
True,1.76692164065775,0
True,2.43765243817294,0
True,2.91046997313904,0
True,2.33368640557979,0
True,2.5429131792373,0
True,2.60946132422995,0
True,1.89253193831811,0
True,2.23512112377597,0
True,2.63856382756895,0
True,2.44598588301519,0
True,1.63126673377152,0
True,0.805517497157689,0
True,1.95716847338702,0
True,2.18458127117985,0
True,1.94804406863095,0
True,0.756073883013711,0
True,2.12029755454572,0
True,2.28416304634456,0
True,1.46838301956339,0
True,2.41294246454712,0
True,2.2620699148569,0
True,2.57666622543859,0
True,2.26695729443655,0
True,1.68842143887648,0
True,2.04575860872166,0
True,2.68236930346644,0
True,2.05283266874533,0
True,1.23678804638804,0
True,1.43935712286309,0
True,2.39101938405866,0
True,2.06230947759779,0
True,2.42644284903609,0
True,0.462022846961611,0
True,2.87750847452398,0
True,2.52308139700932,0
True,2.41678680764932,0
True,2.38624522045944,0
True,2.61412725729399,0
True,1.01628477433949,0
True,1.88413230773658,0
True,2.0907253056852,0
True,1.8231817248531,0
True,2.06328588713387,0
True,1.79400773016134,0
True,2.5294271633182,0
True,2.5578016168114,0
True,2.31927498893076,0
True,2.46548171512211,0
True,2.53195767792878,0
True,2.95997746101333,0
True,2.6894505283617,0
True,2.19055754653487,0
True,2.48258871721643,0
True,2.48952404896265,0
True,2.07276698049361,0
True,2.28343970620742,0
True,1.71166329741452,0
True,2.42331708991261,0
True,2.06107719533193,0
True,2.53734299361429,0
True,1.93982886520972,0
True,2.49324079733149,0
True,1.57313488306695,0
True,2.61219335618918,0
True,2.56460821346188,0
True,2.47129370525962,0
True,2.08496952738458,0
True,2.52918748364678,0
True,2.83166715549158,0
True,2.56297001730453,0
True,2.61686134404297,0
True,2.16149590754109,0
True,1.70032914064712,0
True,2.39185381412489,0
True,2.73753031046769,0
True,2.13000150791367,0
True,2.02400920381677,0
True,1.78928054992695,0
True,2.17265130015212,0
True,2.12094254573915,0
True,1.99546232864006,0
True,2.50310296804692,0
True,2.56388984523308,0
True,2.6258183063537,0
True,2.17137766826439,0
True,2.61700305711374,0
True,2.25387517204513,0
True,1.78684513312895,0
True,0.556506900257435,0
True,2.59625188494808,0
True,2.44920517758252,0
True,1.87412558949499,0
True,2.27998573453336,0
True,2.23482097956136,0
True,2.50175835724193,0
True,2.69489918159578,0
True,1.70423440613434,0
True,1.51196570619976,0
True,2.2959949889135,0
True,2.23515044662341,0
True,2.28208130111451,0
True,2.29427697931129,0
True,1.90933956009182,0
True,2.60898476854527,0
True,2.29183181865336,0
True,2.1615941549018,0
True,0.905190081395032,0
True,1.52867429440336,0
True,1.95141065362146,0
True,2.74431710728458,0
True,2.25757218319767,0
True,2.29968985470204,0
True,1.99798443834061,0
True,1.54502454317813,0
True,2.27242823567012,0
True,2.12262142259196,0
True,2.34269447794642,0
True,2.2614011560531,0
True,2.26160373694239,0
True,0.681810164405695,0
True,2.35502049806094,0
True,2.14315002982748,0
True,2.51502555511591,0
True,1.98984715434745,0
True,2.14203200014102,0
True,1.8425027968426,0
True,1.76907526494221,0
True,2.31675252239552,0
True,2.37014595888724,0
True,2.22047154937384,0
True,2.08379678908018,0
True,2.53221683898966,0
True,2.39334465227612,0
True,2.7528810178519,0
True,0.302865227578085,0
True,1.7305769971261,0
True,2.15784026628322,0
True,2.46473603870059,0
True,2.43894940024997,0
True,2.54662420343472,0
True,2.40379966556877,0
True,2.46882950999365,0
True,2.25966784268302,0
True,1.22092249915567,0
True,1.76259291646407,0
True,2.00824730073512,0
True,2.15086965471753,0
True,1.69182702109556,0
True,2.07620954763129,0
True,2.5259758226229,0
True,2.87516963332645,0
True,2.34988276361643,0
True,2.66034953557804,0
True,2.60751897225666,0
True,1.99238682015837,0
True,2.48759257133866,0
True,1.9905441579439,0
True,2.28585939878133,0
True,2.29037384809265,0
True,1.09986473444226,0
True,2.48024943027999,0
True,0.93776879747145,0
True,1.92634638938508,0
True,2.5569935854665,0
True,2.11251679858699,0
True,2.19505290068402,0
True,2.70292398274364,0
True,2.96992974596561,0
True,2.7026422124496,0
True,2.72437556898298,0
True,2.50864564026761,0
True,2.67626743292416,0
True,2.47821037345633,0
True,2.75688685442567,0
True,2.28019986632677,0
True,2.86011901557003,0
True,1.96546698530349,0
True,1.90054427650163,0
True,2.12813810539161,0
True,2.47378106720959,0
True,1.39878567351431,0
True,1.73983989138363,0
True,3.05391122262194,0
True,0.41314780288615,0
True,2.32750518311652,0
True,2.27760221933699,0
True,2.09711004053154,0
True,2.14611995714413,0
True,0.261764775933099,0
True,2.28654629861202,0
True,2.17932478520637,0
True,1.40890514741355,0
True,2.11035883175742,0
True,1.80348769949034,0
True,2.25805099989446,0
True,2.34812790155814,0
True,2.53801713048478,0
True,2.50839636573103,0
True,2.26066673566021,0
True,2.65451941502031,0
True,2.30882882441507,0
True,3.20349408625652,0
True,2.48532553708521,0
True,2.16748858581702,0
True,1.88250163561377,0
True,1.73856508386109,0
True,1.86806713633528,0
True,2.49352913608048,0
True,2.61303222051813,0
True,2.18464810100982,0
True,2.74453913781321,0
True,2.25644650627123,0
True,1.45477261032602,0
True,1.97529210539786,0
True,2.63433279983595,0
True,2.34321036841481,0
True,2.49822868448195,0
True,1.87031080452719,0
True,2.27581575078506,0
True,2.28133931965476,0
True,2.16686719549369,0
True,2.86176558101842,0
True,2.73061055751034,0
True,2.08745477702145,0
True,2.51089362714336,0
True,1.39396749615368,0
True,1.92505219246793,0
True,2.43665909984492,0
True,1.94288705647397,0
True,2.03120901995323,0
True,0.375845050126753,0
True,2.65436800793674,0
True,1.54823796598594,0
True,2.16389920073426,0
True,1.79953109477656,0
True,1.90392492146754,0
True,2.26861773286804,0
True,2.45996696265642,0
True,2.5523051701155,0
True,2.76148152215968,0
True,2.1982561068434,0
True,1.7568500647694,0
True,2.56795446965696,0
True,2.54945731767499,0
True,3.5679376774462,0
True,2.63654488170422,0
True,0.368328827647005,0
True,2.67834130717819,0
True,2.40096377812813,0
True,1.73301293447145,0
True,2.64501084052054,0
True,2.45161756044368,0
True,1.84212164544987,0
True,2.25247569654683,0
True,0.851152468984119,0
True,2.4246431883514,0
True,2.50626331515556,0
True,2.32259718392459,0
True,2.29571923098166,0
True,2.09164123001198,0
True,1.93940274912062,0
True,2.74785786811187,0
True,1.82921896471258,0
True,2.22986995675941,0
True,2.01668578496989,0
True,2.51674321067803,0
True,2.15888294165828,0
True,2.036856320717,0
True,2.51591029166701,0
True,2.3418286192855,0
True,2.18436958719647,0
True,1.7254276756218,0
True,1.66235273341977,0
True,2.34320662728648,0
True,1.52135287786004,0
True,2.20932595809762,0
True,1.92371403117478,0
True,1.76958953256378,0
True,1.9542954079096,0
True,2.52330135881566,0
True,2.10718926292162,0
True,2.45869440700184,0
True,2.52027664191221,0
True,2.03938867652721,0
True,2.01436134675523,0
True,2.34143298998484,0
True,2.37342661905573,0
True,2.16688486021591,0
True,2.50727947639931,0
True,2.04378771590526,0
True,1.66685608944359,0
True,2.54524792254183,0
True,0.873999250472939,0
True,2.68747866174917,0
True,2.26163881515608,0
True,2.1274235875214,0
True,2.47693641404912,0
True,2.66905066801259,0
True,2.74928813059758,0
True,2.6711356947699,0
True,1.67857258472988,0
True,2.53175913819963,0
True,2.63856261214977,0
True,2.42263156066205,0
True,2.01459190618472,0
True,3.05157277249933,0
True,1.85549404021545,0
True,2.43082023907128,0
True,1.26003441181475,0
True,2.58279104965518,0
True,1.61507546703874,0
True,2.62235936475059,0
True,2.30159730671142,0
True,2.1867115813244,0
True,2.10607430970619,0
True,1.95089959840661,0
True,1.81069864080686,0
True,1.12986438765544,0
True,2.42848441085133,0
True,1.77009171714095,0
True,2.14005920004516,0
True,3.10079074442543,0
True,2.52968114680289,0
True,2.21138072763791,0
True,2.50846091533545,0
True,2.21810475712793,0
True,2.54080187596345,0
True,2.32835541204416,0
True,2.54687172868591,0
True,2.44261799869744,0
True,1.73294877356534,0
True,2.34771301118857,0
True,1.89322521723192,0
True,1.74854642856559,0
True,2.63289855575118,0
True,2.47719362598708,0
True,1.87127333219136,0
True,2.91962834838475,0
True,3.02079966671058,0
True,0.411575812356383,0
True,1.88361057668305,0
True,2.17395743979014,0
True,2.20669212029876,0
True,0.504869842007607,0
True,2.27971742401177,0
True,2.27069874322927,0
True,2.8778390581172,0
True,1.96063489247949,0
True,2.2589983033068,0
True,1.74798612644816,0
True,1.97982339569025,0
True,2.29288500552869,0
True,2.60277112312189,0
True,1.69443228733644,0
True,2.71537454228759,0
True,1.87660831119879,0
True,2.4837495026515,0
True,2.20692799964107,0
True,1.60557744833371,0
True,3.0612930496301,0
True,2.80333861012456,0
True,0.695277257919052,0
True,2.5907377427868,0
True,2.46521690665904,0
True,1.88100254512414,0
True,1.6718492744862,0
True,2.64641477518231,0
True,2.27942315261,0
True,0.969172890011081,0
True,1.82127157798545,0
True,2.113896190659,0
True,1.7667794567614,0
True,2.60351930948741,0
True,2.24403198100935,0
True,2.48689875521265,0
True,2.08178632775484,0
True,3.03401745464414,0
True,2.19891382730868,0
True,2.52873765837413,0
True,1.62529458772947,0
True,2.50348034128462,0
True,1.68056007830631,0
True,2.4552196309734,0
True,2.41249043372017,0
True,1.85229245800693,0
True,0.847197198023501,0
True,2.52610221704745,0
True,2.51280835669549,0
True,2.7249390948571,0
True,2.86634147489925,0
True,2.16503577492562,0
True,1.54771055336187,0
True,2.24793901000116,0
True,2.03038933316465,0
True,2.57690533037661,0
True,1.05935741046336,0
True,2.82216916635638,0
True,2.82530699091075,0
True,0.235801988848749,0
True,1.78338695817703,0
True,1.26124135240935,0
True,1.44626381882616,0
True,2.05118037959296,0
True,0.791871432378677,0
True,2.55345275376708,0
True,2.45773549042558,0
True,3.01292396789632,0
True,2.07231110911209,0
True,1.03673905640531,0
True,1.77712861010129,0
True,1.96411832229138,0
True,1.93162500357105,0
True,2.12358541452845,0
True,2.64684582526837,0
True,1.67524592272346,0
True,2.87087761879365,0
True,0.281399440247879,0
True,2.54932364117697,0
True,2.24938247563497,0
True,2.1260018720452,0
True,1.75659937744766,0
True,2.42275104414377,0
True,1.34851622280577,0
True,1.96986515432848,0
True,2.38288298175791,0
True,2.11783567368076,0
True,2.28413508916669,0
True,1.9502336771549,0
True,2.10642723502238,0
True,1.98665047197756,0
True,2.43948761041672,0
True,2.36337966051145,0
True,2.65547869436986,0
True,2.76957259838166,0
True,1.95484537576586,0
True,2.05614350734079,0
True,1.83327849896497,0
True,2.01060871601306,0
True,1.94559713659608,0
True,2.64981641629126,0
True,2.1998443798721,0
True,2.55361763413937,0
True,3.20394564902308,0
True,1.61017420295965,0
True,1.6743967300427,0
True,1.8553614775713,0
True,0.276912000426831,0
True,0.663330344330719,0
True,1.72435779818823,0
True,1.91353653672124,0
True,1.90880185553976,0
True,0.835340876625725,0
True,1.61431750923327,0
True,2.750390973803,0
True,2.37469104076583,0
True,2.31953575434758,0
True,2.66368410425321,0
True,2.42496381770787,0
True,2.62755208135049,0
True,3.02860436421875,0
True,2.00406364128054,0
True,2.31915465531557,0
True,1.58052730070244,0
True,0.68785467938351,0
True,2.16562739936107,0
True,2.18021547524733,0
True,2.43374237566655,0
True,2.24913316421451,0
True,2.30142763399722,0
True,2.16078711705594,0
True,1.74180466784633,0
True,1.65768030419233,0
True,2.54937089995947,0
True,2.13615497371251,0
True,2.55686728125744,0
True,2.80185446540889,0
True,1.4776216852184,0
True,3.01847105433555,0
True,2.42418429343361,0
True,2.27904280885538,0
True,1.8831322120427,0
True,3.07686612585517,0
True,2.58220195506543,0
True,3.12091941924702,0
True,2.18136113249437,0
True,2.29008946474417,0
True,1.05481791954746,0
True,2.70114537518356,0
True,2.51867996902229,0
True,2.81306628553457,0
True,1.96237208377681,0
True,2.09865207185991,0
True,2.23685728138159,0
True,1.64869390066843,0
True,2.28898369418123,0
True,2.61771531131277,0
True,1.92581366034545,0
True,2.397805122439,0
True,1.75451548502614,0
True,1.87142158239938,0
True,0.502901840780745,0
True,2.52849465760456,0
True,2.14609144098205,0
True,2.63731804397207,0
True,1.95744295810569,0
True,1.08807932229951,0
True,2.04318624976342,0
True,1.95635463968883,0
True,1.60558356971562,0
True,2.05201221624783,0
True,2.48961135643651,0
True,2.08406930374418,0
True,1.6971393454819,0
True,1.81223188473439,0
True,2.36218630202797,0
True,2.03204985786927,0
True,2.41653944567637,0
True,2.36395857485789,0
True,2.67667861265157,0
True,2.45114605137912,0
True,2.48805645988609,0
True,2.04006826899576,0
True,2.56204785863483,0
True,1.63749999796304,0
True,1.48075863348781,0
True,1.87717130201119,0
True,2.29458447186469,0
True,2.5319775219679,0
True,3.17036031431663,0
True,2.17480302715328,0
True,2.7612450119245,0
True,2.39206468435379,0
True,2.30788191544282,0
True,2.2956227104925,0
True,1.94130128072215,0
True,1.96089590608827,0
True,2.23638516880132,0
True,2.43355783513105,0
True,2.34974940566291,0
True,1.93873260436654,0
True,2.87579859934194,0
True,2.82501493801817,0
True,2.77911064765627,0
True,1.20360200839877,0
True,2.45493014520527,0
True,2.16963581411918,0
True,1.60725256508441,0
True,2.72041433720986,0
True,2.73219637402264,0
True,1.87515915940585,0
True,2.56437928787423,0
True,1.250352081477,0
True,3.05812941920039,0
True,2.42371086740663,0
True,0.821629805908984,0
True,2.54361021272537,0
True,1.81806239638184,0
True,2.16688001113359,0
True,2.46561856223115,0
True,2.20694322096247,0
True,1.88683545032491,0
True,2.2866792723432,0
True,2.01601071350426,0
True,2.7703252229974,0
True,2.53440776045113,0
True,2.07781733527135,0
True,2.20409067031971,0
True,2.62195957032156,0
True,2.12175987756552,0
True,1.61236121064664,0
True,2.65847907088502,0
True,2.35305138745347,0
True,2.5046505905671,0
True,2.67063123485653,0
True,2.10566609780504,0
True,2.9767120482416,0
True,2.10825090628414,0
True,2.28830747925894,0
True,2.32125801406044,0
True,2.34650711097112,0
True,2.02074566988615,0
True,2.34873499760899,0
True,2.07173724852782,0
True,3.28918684027445,0
True,2.54948648043575,0
True,2.43537755554276,0
True,2.2175403184531,0
True,1.72196666897907,0
True,1.98055634393362,0
True,2.24189422604402,0
True,1.72698003462045,0
True,2.19989683479825,0
True,2.87025619073504,0
True,1.77090974991891,0
True,1.77276980035309,0
True,2.03931093069313,0
True,2.12483956589867,0
True,2.0413253722643,0
True,1.97715854391231,0
True,2.65372994702316,0
True,2.56888442855881,0
True,2.79484501955162,0
True,2.82660866060675,0
True,2.34132126162216,0
True,2.40963110524278,0
True,2.47930000242835,0
True,2.30102303396782,0
True,2.51911557656469,0
True,2.33702734519117,0
True,2.62870102708814,0
True,2.17706509363323,0
True,1.95807675009405,0
True,2.58394084751165,0
True,2.34524625123193,0
True,2.66346412164968,0
True,2.93163711462534,0
True,2.43296192072788,0
True,2.958292302219,0
True,2.369347856121,0
True,2.11885035877488,0
True,1.95803979592116,0
True,1.14760255746739,0
True,2.72150790985439,0
True,2.65242318257389,0
True,2.28764627091234,0
True,2.81060839667256,0
True,2.05697674217478,0
True,2.68737419973556,0
True,2.24182708319493,0
True,2.59271018717719,0
True,2.40425498821185,0
True,2.68813187360835,0
True,2.73141045293077,0
True,2.55573253369542,0
True,2.13894559574777,0
True,2.16150528083553,0
True,1.08458282861743,0
True,2.25796598773425,0
True,2.22524855701637,0
True,1.89829491595175,0
True,2.60249149174886,0
True,2.66621241650801,0
True,3.11883807676338,0
True,2.39095513117377,0
True,1.80312216903413,0
True,1.53236812752595,0
True,1.88014881576431,0
True,1.63802365794872,0
True,1.53561132088829,0
True,1.81441468198886,0
True,1.56549654759992,0
True,2.49621198326366,0
True,2.18309200501302,0
True,1.36803678892404,0
True,1.65692298406537,0
True,1.10716291484334,0
True,2.74303265194137,0
True,2.52664020929854,0
True,2.40873023489017,0
True,2.22751649214427,0
True,1.52983840607992,0
True,2.48712289347304,0
True,2.14371171307341,0
True,0.339463022973301,0
True,0.431713465358837,0
True,2.1819301613447,0
True,2.33974699904957,0
True,1.91468563793032,0
True,2.02406706761004,0
True,2.00557000909711,0
True,1.98495990607368,0
True,2.31273975339903,0
True,2.40759196782985,0
True,0.63792674885989,0
True,2.092210606744,0
True,1.98828907270262,0
True,1.82013593744162,0
True,2.14499548462677,0
True,1.7117174516503,0
True,2.46308345881927,0
True,1.75939894069015,0
True,2.26103872518531,0
True,1.93289977516629,0
True,1.83798052107135,0
True,2.85954278958946,0
True,2.26968209929227,0
True,0.766108305147383,0
True,2.01421715965532,0
True,1.71238208478166,0
True,2.44063814392569,0
True,2.48489166960458,0
True,2.28016311313207,0
True,2.47092573612904,0
True,1.72567999498041,0
True,1.96464634476055,0
True,1.80177262117859,0
True,1.84231912043994,0
True,2.01458723132493,0
True,2.32995947215954,0
True,1.6589688435201,0
True,1.20017478697774,0
True,2.03042702659279,0
True,2.20795271153746,0
True,1.74740850943302,0
True,1.68274264801098,0
True,2.55564354235169,0
True,1.91250774028151,0
True,1.85278264410302,0
True,2.17533570030098,0
True,2.29694538894555,0
True,2.14438793854195,0
True,2.26395222338883,0
True,1.98051662499163,0
True,1.39269135070181,0
True,2.32329847846574,0
True,2.08781138547908,0
True,2.6001600681978,0
True,2.97145865903919,0
True,2.36405826483945,0
True,2.44339181329939,0
True,2.50517528500902,0
True,2.74570588398523,0
True,2.08979887879173,0
True,0.779370123329539,0
True,2.4090484077053,0
True,2.36390217195284,0
True,2.69684977372543,0
True,0.573241978173868,0
True,1.89221992317524,0
True,2.50372612209161,0
True,2.02791932446034,0
True,2.12896256180077,0
True,1.90955260086052,0
True,1.93330723176624,0
True,2.2075537393293,0
True,1.57292467191155,0
True,2.3653716151799,0
True,0.511505495733986,0
True,0.394983073675658,0
True,2.79324007382714,0
True,2.71435460125895,0
True,1.83195195912397,0
True,2.25290915704264,0
True,0.362898783191129,0
True,1.56323909649781,0
True,2.05571671213311,0
True,2.24640811635452,0
True,2.55904534803929,0
True,2.54261042882112,0
True,0.787566760258007,0
True,2.64298104311996,0
True,1.94049200433483,0
True,1.79737821270346,0
True,2.0753358415072,0
True,2.41849893803409,0
True,1.9738469116788,0
True,2.31208256777557,0
True,2.44909244964416,0
True,0.566261469354919,0
True,2.57594778261589,0
True,2.40338091610059,0
True,0.370944933903996,0
True,2.22728241587891,0
True,2.23036033537396,0
True,1.34275651667525,0
True,2.03197350067249,0
True,2.18684482960148,0
True,2.40436900137697,0
True,1.946976485686,0
True,2.17120641913638,0
True,2.4834374679455,0
True,1.8703497629413,0
True,1.78175556028806,0
True,1.9597836333111,0
True,1.98201836159063,0
True,2.91319628727495,0
True,1.777700348803,0
True,1.86519007272864,0
True,2.61939498735847,0
True,3.07963170689501,0
True,3.2051518596747,0
True,2.67127756863473,0
True,1.87513770107352,0
True,2.53548373021657,0
True,2.11249956904654,0
True,2.21185210383582,0
True,2.52499379092798,0
True,1.93576468846505,0
True,2.55144327322962,0
True,2.32152103585598,0
True,2.36960240006469,0
True,2.34384684599635,0
True,2.60229759736504,0
True,2.56295316032369,0
True,2.03961898519192,0
True,1.32595902464397,0
True,1.99783847225673,0
True,1.81669870380993,0
True,2.63151467430619,0
True,2.67458223171236,0
True,1.98046221105377,0
True,2.29313952055315,0
True,2.62554734035603,0
True,1.90776094337692,0
True,1.735731894805,0
True,2.2053304665876,0
True,2.40181341870327,0
True,2.03482396851953,0
True,2.68361514560753,0
True,1.96847131092836,0
True,1.45772848594394,0
True,2.44890781351226,0
True,2.21983902499281,0
True,1.8677318719248,0
True,2.62130810534874,0
True,2.7779578978364,0
True,1.31681450761289,0
True,2.48622091157648,0
True,1.98603061507453,0
True,1.75844246437728,0
True,2.78370257562809,0
True,1.92136023726709,0
True,2.25634784297268,0
True,2.98873504225726,0
True,2.4903627998897,0
True,2.2557549799504,0
True,0.653883456159216,0
True,0.75498761626687,0
True,1.63106009998773,0
True,1.9531243485348,0
True,2.90027118127337,0
True,2.32831995475968,0
True,2.4675426688388,0
True,2.10703999050564,0
True,1.82864115103508,0
True,2.71746571984883,0
True,2.44551227577885,0
True,2.55486618029615,0
True,2.16994005464152,0
True,1.62094275409227,0
True,2.02643738687741,0
True,1.92712561920737,0
True,2.3516722000712,0
True,2.17330557617997,0
True,0.646094317518262,0
True,2.53126462978716,0
True,2.83817265794116,0
True,2.34115878010027,0
True,2.65573433809765,0
True,2.74986421166843,0
True,2.37158360353965,0
True,2.81759819016682,0
True,1.34580340682806,0
True,2.07101833771116,0
True,2.57329934575321,0
True,2.53083262530877,0
True,2.45020829801086,0
True,2.12525239858518,0
True,1.9763732364302,0
True,1.99276651323963,0
True,1.64909781445133,0
True,2.03114482378,0
True,2.30525457906944,0
True,2.22921257275027,0
True,1.63951096201978,0
True,1.78943684240843,0
True,1.84054146449547,0
True,2.44073272807895,0
True,2.02186848297772,0
True,2.27898046151161,0
True,1.89021190164787,0
True,2.15694646928238,0
True,1.79172727127417,0
True,1.13282809698578,0
True,2.17779173299455,0
True,2.33549839915,0
True,2.54978087569008,0
True,2.54864539408615,0
True,2.56644397187111,0
True,2.57738990474613,0
True,2.50634072843667,0
True,2.57877192541182,0
True,2.35331146043201,0
True,2.82247315965269,0
True,1.60119524501856,0
True,2.02203476357465,0
True,2.20677293256476,0
True,2.15405665452447,0
True,2.11960267314658,0
True,0.237634927368091,0
True,1.35683262835063,0
True,2.42980243271771,0
True,2.33773702336485,0
True,1.86037113950356,0
True,1.7594504479566,0
True,2.45081211076573,0
True,2.13355242040958,0
True,2.22439926066341,0
True,1.75101543481391,0
True,2.16379310529288,0
True,2.29442806018105,0
True,3.11185958908557,0
True,2.92893422354937,0
True,2.86896508602413,0
True,1.77817841402333,0
True,2.65449455342858,0
True,2.36610521870551,0
True,2.57116411068615,0
True,1.98750958268269,0
True,1.9656833793158,0
True,2.46239733312544,0
True,2.35346831624377,0
True,1.94335085054569,0
True,2.28633660083616,0
True,2.43023356957255,0
True,1.9994421040774,0
True,0.91230975225042,0
True,2.26034105875799,0
True,1.84874029897181,0
True,2.33954926453461,0
True,2.04347085855149,0
True,2.11840627094976,0
True,1.90614174820022,0
True,1.92325382951826,0
True,2.4336353487322,0
True,2.04371259871768,0
True,2.61323373463927,0
True,2.04601479880347,0
True,2.44008098108901,0
True,1.10853800354057,0
True,0.758126043372773,0
True,1.67808019896967,0
True,1.62466588253829,0
True,1.62406134056641,0
True,2.30078341144135,0
True,2.39479124819463,0
True,2.0239859547422,0
True,0.438022892924272,0
True,2.0612565056161,0
True,1.94727569928505,0
True,2.21814414390455,0
True,2.19455877300993,0
True,1.69088589994289,0
True,1.22944157362849,0
True,1.40327273336756,0
True,1.74001197690927,0
True,2.15095211354849,0
True,1.61490803655953,0
True,1.80528207941794,0
True,2.06569362144027,0
True,2.03766639959925,0
True,2.6078692032661,0
True,1.95615547518064,0
True,2.27272773641163,0
True,2.24811236626577,0
True,2.88996511288902,0
True,2.24563101561316,0
True,2.2715713451964,0
True,1.96980163285348,0
True,2.28540325281214,0
True,2.57018500082944,0
True,2.17846696244472,0
True,2.4277650465203,0
True,1.75230779174743,0
True,2.63810763308167,0
True,2.11956471926275,0
True,2.25807977815897,0
True,2.72159601202129,0
True,2.06740499351454,0
True,2.38734247183124,0
True,2.25512536808089,0
True,2.42330456766122,0
True,2.02424043590131,0
True,1.27724714902653,0
True,1.89377400168621,0
True,2.17988226470952,0
True,1.93273521740391,0
True,2.44270112173794,0
True,1.62310603681319,0
True,2.01322762015601,0
True,2.18616266863567,0
True,1.93225252604959,0
True,2.41236815986258,0
True,2.1930242526614,0
True,2.49713528839121,0
True,2.0154773823267,0
True,3.22450182695571,0
True,2.71229905944634,0
True,2.45349292837312,0
True,2.2777250380084,0
True,1.94736022141752,0
True,2.77945589075396,0
True,1.97901420342177,0
True,2.23847194245825,0
True,1.72779469290477,0
True,2.10735707816155,0
True,2.53353322294657,0
True,2.47699865535893,0
True,2.01980167336356,0
True,2.77757940070041,0
True,2.12149321698804,0
True,2.10088125304142,0
True,2.24626006085586,0
True,2.04390468027188,0
True,1.91296341334843,0
True,2.14192544583752,0
True,2.3533074532786,0
True,1.32771885648655,0
True,2.28044207098667,0
True,2.77026829022045,0
True,2.34053605062022,0
True,2.22284167204859,0
True,1.89603289161215,0
True,2.38004650495962,0
True,2.05191011889841,0
True,2.46062168020974,0
True,2.0639035279055,0
True,2.12467876056748,0
True,2.23216859454713,0
True,1.95164130834644,0
True,2.91911912953294,0
True,1.73244538002881,0
True,2.11536387897226,0
True,2.17892794793399,0
True,1.6999962466222,0
True,1.57464355066418,0
True,2.95164506555554,0
True,2.38318645734841,0
True,1.82928519469382,0
True,2.81488801780867,0
True,2.78375816044076,0
True,2.83678515228101,0
True,2.37394857742493,0
True,1.01192470862274,0
True,1.99638922820552,0
True,1.42909755928638,0
True,2.03146692292475,0
True,2.44500988080976,0
True,2.0433201004737,0
True,2.47267284851251,0
True,2.29173579979549,0
True,2.81572772698429,0
True,2.85613605074093,0
True,2.61200528761929,0
True,2.6091403508301,0
True,2.26763540626119,0
True,0.816281579999715,0
True,2.7843337160715,0
True,2.12182136575769,0
True,1.89134394270543,0
True,1.78693934772785,0
True,2.29275962875109,0
True,1.82737659018364,0
True,1.97350834274076,0
True,2.36410271510579,0
True,2.05746511992013,0
True,1.56141791174064,0
True,0.771379965122449,0
True,1.81968137107555,0
True,2.48707754979452,0
True,2.03013476721126,0
True,1.77102074083506,0
True,1.72621365695007,0
True,1.8292042860176,0
True,2.19792732493161,0
True,2.55297133302367,0
True,2.35626013248046,0
True,2.37013108476588,0
True,2.11757313503572,0
True,0.677283609443445,0
True,2.24113011909826,0
True,3.50534722381617,0
True,2.42495092900607,0
True,2.00089042721703,0
True,2.53760389602351,0
True,2.69267015234277,0
True,1.4691395407752,0
True,2.21607568119924,0
True,0.81600908501384,0
True,2.24956306673496,0
True,2.47780047356148,0
True,1.9767245382667,0
True,1.51846834463072,0
True,2.39453090235669,0
True,1.58660958947699,0
True,2.49111484040286,0
True,2.26675366046905,0
True,2.83854384419747,0
True,1.86879183145035,0
True,2.99996044896613,0
True,1.11220872386018,0
True,2.61506852919557,0
True,2.18457724495116,0
True,2.22428354595201,0
True,2.1185628092997,0
True,0.477527255684617,0
True,1.80184320924247,0
True,2.2981379788288,0
True,2.21070172164061,0
True,2.13013962340387,0
True,2.37198624104059,0
True,1.90520478181933,0
True,2.45491133242664,0
True,1.96920675636585,0
True,2.09884261456396,0
True,2.4797751188825,0
True,1.17527147617343,0
True,1.67819171246866,0
True,1.97701695076764,0
True,1.96075686206084,0
True,2.31148764172056,0
True,2.15920318867653,0
True,1.90885258578616,0
True,2.13885283563306,0
True,2.11136222725568,0
True,2.33943529559251,0
True,1.92888804223333,0
True,1.72269431138417,0
True,2.05072329704133,0
True,1.74426735652866,0
True,2.02421294584144,0
True,1.634890327274,0
True,1.82793648670987,0
True,1.6614476334232,0
True,2.35568111108048,0
True,1.9876080498522,0
True,1.96438705605014,0
True,2.07207004348973,0
True,2.50574930190439,0
True,1.97238478097143,0
True,1.61863719651841,0
True,2.79143686873396,0
True,1.80062458812595,0
True,1.94609739009023,0
True,2.26255450296534,0
True,2.90780340080114,0
True,2.80957678333676,0
True,1.90628008141468,0
True,2.17160404857407,0
True,2.26727592688221,0
True,2.51441169577692,0
True,2.24712521374354,0
True,1.70639535878239,0
True,1.76760415414711,0
True,2.11283189476351,0
True,2.03859168172107,0
True,2.07171373978064,0
True,2.11497352583041,0
True,1.85117361932423,0
True,2.01077329417732,0
True,2.48932058202925,0
True,2.67114172509385,0
True,2.05794434547786,0
True,1.91882411989785,0
True,2.27941002859846,0
True,2.28155996736129,0
True,2.33171768210283,0
True,1.85768987298762,0
True,2.50468501458282,0
True,1.96386092199608,0
True,3.09276456689406,0
True,2.05927362028155,0
True,0.759146877527055,0
True,1.64398571834145,0
True,2.45447667905577,0
True,1.83948715629117,0
True,1.73175993938441,0
True,1.8421740345327,0
True,3.00457391950781,0
True,2.25914003804496,0
True,2.37736887236143,0
True,2.55163956924215,0
True,2.18252871667491,0
True,1.18581930024395,0
True,2.31947540412239,0
True,2.07815097920539,0
True,1.98179912427088,0
True,2.03482270669923,0
True,2.65236728581316,0
True,2.7326669799531,0
True,3.16650541134382,0
True,2.4835073259701,0
True,2.24135176852326,0
True,2.00039691307985,0
True,1.80935350188087,0
True,1.81465642053246,0
True,1.6428134247931,0
True,2.19446744254512,0
True,1.51795003724622,0
True,0.68925972976034,0
True,2.34098786721926,0
True,1.31532588083731,0
True,1.96900197427514,0
True,2.08029973630116,0
True,2.65182015073495,0
True,2.58313147665742,0
True,1.83943102090974,0
True,2.48450174414159,0
True,2.49286495063313,0
True,1.59866713534256,0
True,1.68594177916703,0
True,2.04049154148372,0
True,1.57290799657803,0
True,2.05311046298169,0
True,2.19216063255984,0
True,2.23241839736331,0
True,2.58540786825515,0
True,2.39061431346604,0
True,2.71325513687253,0
True,2.82772969065907,0
True,2.60969631392339,0
True,2.38798530552547,0
True,2.0827001000479,0
True,2.3492151714412,0
True,1.9655862567093,0
True,1.5863345459175,0
True,2.00257885086339,0
True,0.367410785526349,0
True,2.22817956135055,0
True,2.2437274500658,0
True,2.27922934918209,0
True,2.37255776551077,0
True,2.00257886637279,0
True,2.03344213026222,0
True,2.24572013554969,0
True,2.34308032646298,0
True,1.90073126248157,0
True,0.552359205063286,0
True,2.47942670425654,0
True,2.51084972939175,0
True,2.16996412480617,0
True,2.3391194631395,0
True,2.30596923581308,0
True,2.51580503526809,0
True,1.39457943247815,0
True,2.48918390807158,0
True,3.23671857606032,0
True,2.53353799958607,0
True,2.49265779145734,0
True,2.18085900986895,0
True,1.80160458080018,0
True,0.390224103443275,0
True,0.573052722978937,0
True,1.99375274468296,0
True,1.57636017540042,0
True,2.31547447656208,0
True,2.13401677005309,0
True,1.88433802772166,0
True,2.42602713159899,0
True,2.09461755591238,0
True,2.07935029890485,0
True,2.86778302799433,0
True,0.721663445916037,0
True,2.6761947510005,0
True,2.99130532291113,0
True,1.84636783743259,0
True,2.38143898268625,0
True,2.15530187369483,0
True,2.2743017464125,0
True,2.63931111646603,0
True,1.98400153607523,0
True,2.82704780755844,0
True,2.41019680691324,0
True,2.28356616426316,0
True,2.33246547974284,0
True,2.18222687481253,0
True,2.67852135059315,0
True,2.04955108845467,0
True,2.29942033968188,0
True,2.202751798764,0
True,2.4923719101193,0
True,2.21604407953365,0
True,2.18534650669936,0
True,1.8623929875902,0
True,0.554568194170882,0
True,2.40295099382524,0
True,2.0963724908826,0
True,1.95061854257032,0
True,1.5877174621503,0
True,2.52680646827237,0
True,2.30079565796628,0
True,2.29374705131124,0
True,1.98549976870151,0
True,2.26132528278901,0
True,2.08747871475523,0
True,2.62990974363853,0
True,2.27157553978294,0
True,2.45956618935021,0
True,2.46006245238579,0
True,2.69307305460149,0
True,3.07300431404526,0
True,2.45863406491492,0
True,2.66642826950503,0
True,2.17652043335186,0
True,2.46898082298875,0
True,2.61822207946859,0
True,2.52381628240511,0
True,1.93557667416457,0
True,1.94871343437106,0
True,2.54152142115803,0
True,1.7856755351003,0
True,1.8671699588456,0
True,2.41116853277235,0
True,2.31966884908987,0
True,1.77190337042808,0
True,0.218179204231649,0
True,2.31128404996157,0
True,2.50332151818111,0
True,2.55627158811511,0
True,2.42494064378487,0
True,1.54716400608999,0
True,2.75980033559849,0
True,2.74287798316536,0
True,1.69322657897328,0
True,1.98711067670369,0
True,2.179138349173,0
True,2.28472528016388,0
True,2.35470932831392,0
True,1.34781412994568,0
True,2.42796546534576,0
True,0.614447542275957,0
True,1.88719489045032,0
True,2.10246912029966,0
True,2.3993725944842,0
True,2.2967751990747,0
True,1.64136752724347,0
True,1.18869953768666,0
True,1.87214070532508,0
True,2.37217582406025,0
True,2.56692374652317,0
True,2.71167098877899,0
True,2.17492087645034,0
True,2.32560231408984,0
True,1.89728694579582,0
True,2.58048241133154,0
True,1.68693064638571,0
True,2.17121196304646,0
True,2.73864124077682,0
True,2.45046009336639,0
True,2.88615821401029,0
True,1.84603801122477,0
True,2.03119779100596,0
True,2.82320190067759,0
True,2.24076687685512,0
True,1.34362498841076,0
True,2.05929898508524,0
True,2.14222309118257,0
True,2.57441799269789,0
True,2.26434142481392,0
True,2.24218487652923,0
True,2.26081947807416,0
True,2.57578868122694,0
True,2.93944501814631,0
True,2.18229999199917,0
True,2.17219117839748,0
True,1.72477667821551,0
True,1.55682742885757,0
True,1.37907807882667,0
True,1.79516769418497,0
True,1.96659879473247,0
True,2.25796461193562,0
True,2.53156887633188,0
True,2.37052615247485,0
True,2.12271494215274,0
True,2.10042455240353,0
True,2.00586448465714,0
True,2.69290139689203,0
True,1.46088403818626,0
True,2.06628555820931,0
True,1.56990833058617,0
True,2.07666795515576,0
True,2.32705194413564,0
True,2.53682937971611,0
True,2.72268905644848,0
True,1.86358779837834,0
True,1.28419306904767,0
True,2.09016556312784,0
True,2.13040511565846,0
True,2.68851857079069,0
True,2.8640563352907,0
True,1.52308898133917,0
True,1.89712405803896,0
True,0.935544592753249,0
True,3.42359636041961,0
True,2.00823808255974,0
True,2.27361212187915,0
True,0.586819622893928,0
True,2.53709971166873,0
True,1.37454839342087,0
True,2.50115358082524,0
True,2.12036783342093,0
True,3.12168296958248,0
True,1.96280779358952,0
True,2.14668980219299,0
True,1.94926934967724,0
True,1.42786383392684,0
True,2.28010378133098,0
True,2.56722390105522,0
True,0.70489581166338,0
True,1.65792576585494,0
True,0.357989421879682,0
True,2.23598653248262,0
True,1.80236942218354,0
True,2.24615994169808,0
True,2.28358443571462,0
True,2.91775864917667,0
True,1.22002051395434,0
True,2.44930790561325,0
True,3.04984024155239,0
True,2.09749998861327,0
True,0.752354401759019,0
True,2.57946313201505,0
True,2.00864999573726,0
True,2.91202344955703,0
True,2.33390625689367,0
True,2.67736132771159,0
True,0.530582392071524,0
True,2.23805840136499,0
True,2.10270799335003,0
True,2.48572148434234,0
True,2.61600263665673,0
True,1.96340285117013,0
True,2.00081676937429,0
True,2.14246456743478,0
True,1.96228990392177,0
True,2.20880533904121,0
True,2.30133427401076,0
True,2.57550549590958,0
True,2.27117924162567,0
True,1.84339827976614,0
True,1.81847004530834,0
True,2.43440396640962,0
True,2.26457717533811,0
True,2.91770238426219,0
True,0.448716909440956,0
True,0.535688595176609,0
True,2.27719178763016,0
True,1.98775894280096,0
True,2.33695223398869,0
True,2.31281243621425,0
True,1.98641558493674,0
True,2.24522179475753,0
True,1.82975125854688,0
True,1.93431643584241,0
True,2.10542102274447,0
True,2.42541779606463,0
True,2.13683097518488,0
True,0.161896783153377,0
True,2.11046091908459,0
True,0.316032819525092,0
True,1.56058865794854,0
True,2.47107474780841,0
True,2.0264786109433,0
True,2.30229195710638,0
True,2.30288808315666,0
True,2.60886047847185,0
True,2.94105798233333,0
True,2.74502670098537,0
True,1.81764955197502,0
True,1.79958552412168,0
True,2.52480546644952,0
True,2.50671116059829,0
True,0.383791426554095,0
True,1.96270395103433,0
True,2.21818637908453,0
True,1.68605404465579,0
True,2.44661833502234,0
True,2.0012181311518,0
True,2.42372523716707,0
True,2.20261706074847,0
True,2.53978136971648,0
True,1.93496004024822,0
True,1.24088434753954,0
True,2.73034102370502,0
True,2.5618601115964,0
True,2.25126814457546,0
True,2.28788737176085,0
True,2.21753807365897,0
True,2.77006693826596,0
True,2.71782926348257,0
True,1.46508448778178,0
True,2.37997239754119,0
True,2.20547351363398,0
True,2.17011902651702,0
True,0.609774511305305,0
True,1.18580401061542,0
True,2.30874848235102,0
True,2.33486381624197,0
True,2.7291409546368,0
True,2.29385661187784,0
True,1.64144655383825,0
True,2.04520880120483,0
True,2.23779961027688,0
True,2.1928326237318,0
True,2.68971615442169,0
True,2.5639566093893,0
True,2.0952016583671,0
True,2.24002933632986,0
True,0.976787065193678,0
True,2.28341362018474,0
True,2.20285650965077,0
True,1.70800352299788,0
True,2.0673360561638,0
True,1.35653312065834,0
True,0.441472483593907,0
True,2.80930014578676,0
True,1.19287015291613,0
True,1.88550761314871,0
True,3.0080888940756,0
True,2.69769613366983,0
True,0.332201724415506,0
True,2.82734502489796,0
True,2.31911099979859,0
True,2.12646678884309,0
True,1.26478694217892,0
True,2.73282910608408,0
True,2.59524067035928,0
True,2.43022650305966,0
True,2.18835501158894,0
True,2.67707173776457,0
True,1.91126716881966,0
True,1.56300832388551,0
True,1.6466311533439,0
True,2.08435056106838,0
True,1.36175583769237,0
True,2.10744425141721,0
True,0.818725067595241,0
True,2.45299825932619,0
True,2.6617117081999,0
True,2.21552204938909,0
True,1.37134061659998,0
True,1.63227437876012,0
True,2.36744061706323,0
True,2.6427423337209,0
True,2.80649342774933,0
True,1.88370042502061,0
True,2.44624130281179,0
True,2.42911427035882,0
True,2.11640468389318,0
True,2.77618464399986,0
True,2.73104706189121,0
True,2.71933412096757,0
True,2.00171800681465,0
True,1.73091129710622,0
True,2.12626108272648,0
True,1.68409421402163,0
True,0.986240217858812,0
True,1.35138368709511,0
True,1.84510061521809,0
True,1.98795398516088,0
True,0.524447688109112,0
True,2.79202546083188,0
True,0.614849435599681,0
True,2.70880543229452,0
True,2.71852548887475,0
True,0.70560289931423,0
True,2.49335998526077,0
True,1.74553229138954,0
True,1.80397659513705,0
True,0.290127238690038,0
True,1.61772917087627,0
True,1.10647448916905,0
True,2.29752000965751,0
True,2.23805644512444,0
True,2.46887643430218,0
True,2.03654065616856,0
True,2.37354931371367,0
True,1.98575353426285,0
True,2.08465602662785,0
True,2.39980050319312,0
True,2.24503752673378,0
True,2.0293751493572,0
True,2.01697366382553,0
True,2.63999848496434,0
True,2.87600253284134,0
True,0.356837288080131,0
True,2.37313528286062,0
True,2.37421232245595,0
True,1.71457068638484,0
True,2.5940232046347,0
True,2.62143115467725,0
True,2.12111491718199,0
True,3.00561140963867,0
True,1.51313662120784,0
True,1.64465061139995,0
True,2.35477601466326,0
True,0.408655012045287,0
True,0.125475112176905,0
True,2.34107832153197,0
True,1.66509327362052,0
True,1.23269701775931,0
True,1.71346469077692,0
True,1.23730311506905,0
True,1.77322418828531,0
True,2.30753480849548,0
True,2.16217279172973,0
True,1.804272627594,0
True,2.57219703549445,0
True,2.14070960994853,0
True,1.78646111922379,0
True,2.34152904089811,0
True,1.18196125359871,0
True,2.8514829714187,0
True,2.32051017661041,0
True,2.15190016388539,0
True,1.83107024757388,0
True,2.73223905700792,0
True,2.48596890009938,0
True,0.369498445404063,0
True,2.04783497274253,0
True,2.44193665883814,0
True,2.33657752420083,0
True,2.31025318244105,0
True,0.376439015860162,0
True,2.34913671253168,0
True,2.33167093366416,0
True,2.13005531119563,0
True,0.847970708524027,0
True,2.30433525576728,0
True,2.66392577361316,0
True,2.65394440007609,0
True,2.06619899610001,0
True,2.60323659046338,0
True,1.55241053263956,0
True,0.757855361786836,0
True,2.22475999869174,0
True,2.39474504427553,0
True,0.809393239694703,0
True,2.66102133250125,0
True,2.67904387958084,0
True,2.23016084901466,0
True,2.41649281855073,0
True,1.7958588500258,0
True,2.63385547636959,0
True,0.543741606066883,0
True,2.09608308324233,0
True,2.06625375555066,0
True,1.81574498977271,0
True,0.662554338787983,0
True,2.1195712494156,0
True,1.8214830055412,0
True,2.17267864957839,0
True,1.46863747794201,0
True,2.16649035295991,0
True,2.53247291457839,0
True,2.09420119358541,0
True,2.25961788818845,0
True,2.8299465317973,0
True,2.42073840286914,0
True,2.36456450025119,0
True,2.47978867407172,0
True,2.39867385809658,0
True,0.638498722104705,0
True,2.18981043561111,0
True,2.55844976645795,0
True,2.24590685751286,0
True,1.19576392263494,0
True,1.60291543603157,0
True,1.69489055033516,0
True,2.59417974915552,0
True,2.39974062498543,0
True,2.56550752022857,0
True,2.30635137243977,0
True,2.32158103511601,0
True,2.48349830179273,0
True,2.64938451407493,0
True,2.10918114733427,0
True,2.52564316717098,0
True,2.15431066255199,0
True,2.01825856747137,0
True,2.13358827987026,0
True,1.82330232590764,0
True,2.21800118135574,0
True,2.2409157305208,0
True,2.26050962313247,0
True,2.18496955035192,0
True,2.45666689628657,0
True,1.84200517775676,0
True,1.75831281727161,0
True,2.55291847519502,0
True,2.3361930215866,0
True,2.68451944785801,0
True,1.58428061917633,0
True,2.42430737516779,0
True,2.50500260548604,0
True,2.31323679972472,0
True,2.24142373248463,0
True,2.61813762662028,0
True,2.78674950199759,0
True,2.65705764036542,0
True,2.71543206632213,0
True,2.77109420843961,0
True,3.54889976463095,0
True,2.40435321437935,0
True,1.74039227186947,0
True,1.74148039976033,0
True,0.644333283262688,0
True,2.48261249232276,0
True,2.13578195755342,0
True,2.08796382135046,0
True,2.12709078432216,0
True,1.97890780428365,0
True,1.5926960299602,0
True,2.59747257424883,0
True,2.11243019597552,0
True,0.971804427348732,0
True,2.30636113074271,0
True,2.08926928033186,0
True,2.34492966758521,0
True,0.788056159511037,0
True,1.59631133175501,0
True,2.14936826472599,0
True,2.40547191318164,0
True,1.94459467900738,0
True,2.31842465766592,0
True,2.35466560016324,0
True,2.32401598333604,0
True,2.08019632243453,0
True,2.33216725575121,0
True,2.13066729248949,0
True,2.8385034387171,0
True,2.26799968087098,0
True,3.06000159986175,0
True,0.811931049061184,0
True,1.72094649294491,0
True,2.27827807907805,0
True,1.33279205150612,0
True,3.41790916997409,0
True,2.04145884450345,0
True,2.09780656019416,0
True,0.712827623150204,0
True,2.07010259144007,0
True,1.6324676518294,0
True,1.51053594391673,0
True,2.24104112799563,0
True,2.45549618892117,0
True,2.60386522721844,0
True,2.27151922615127,0
True,2.52395620734352,0
True,2.70890736208639,0
True,2.22805199743051,0
True,2.959371179952,0
True,2.13220321283252,0
True,2.60861383780228,0
True,3.07138807596172,0
True,2.79123789260972,0
True,2.34676817475389,0
True,2.65850367317291,0
True,1.70459279178184,0
True,3.06147971204631,0
True,2.34031297776691,0
True,2.1872364386344,0
True,1.02386241280297,0
True,2.45693796404799,0
True,2.59714212907603,0
True,2.61543236384031,0
True,2.58325769370039,0
True,2.09081011255248,0
True,2.27893405116841,0
True,2.64077275597015,0
True,1.97650218683605,0
True,2.73684710823254,0
True,2.29731145903178,0
True,2.56580066962968,0
True,2.90138991148837,0
True,0.514821773553979,0
True,3.00180559259556,0
True,2.60042589644078,0
True,1.97319629476447,0
True,2.63701616885543,0
True,1.75133961210817,0
True,2.29397636949499,0
True,2.57456692589898,0
True,1.8998707953073,0
True,1.67370139921467,0
True,2.69764694837723,0
True,2.73061421091348,0
True,1.47415632145858,0
True,1.89551631860906,0
True,2.65644495788105,0
True,1.88912120784021,0
True,2.66980338063933,0
True,2.40737030345672,0
True,1.8613572039503,0
True,2.17837287635665,0
True,2.37095054719976,0
True,0.615785573428093,0
True,2.43855539602141,0
True,2.76604120368601,0
True,2.2061208440683,0
True,2.07374396708413,0
True,1.50057219516754,0
True,2.09358076351394,0
True,0.804967679845582,0
True,2.19145667088036,0
True,2.3956686499761,0
True,1.89349879813301,0
True,1.10439031519859,0
True,1.94088216626295,0
True,1.78936289883606,0
True,0.477251158027662,0
True,2.78697505141121,0
True,2.38488344962098,0
True,1.97009739750579,0
True,2.38379540194898,0
True,1.99734194305036,0
True,2.89488190774878,0
True,3.32781186114717,0
True,2.55337560798944,0
True,2.4935712104323,0
True,2.46784147421948,0
True,2.2029824310916,0
True,1.96751628362739,0
True,0.467759773965725,0
True,2.33798155321137,0
True,1.68346483192861,0
True,2.6392356871635,0
True,1.46541551361117,0
True,1.95436272116221,0
True,2.01784656380813,0
True,2.30986130901606,0
True,2.44256225318139,0
True,1.99799112323387,0
True,0.41000573749244,0
True,2.10834647925931,0
True,1.54553070179057,0
True,1.89370769888155,0
True,2.31905230828036,0
True,2.2180012126382,0
True,2.64290456071086,0
True,0.598140369418311,0
True,1.63770317083417,0
True,1.9863451630178,0
True,2.30803189693056,0
True,2.62461926983409,0
True,2.819186310325,0
True,2.21314466679459,0
True,2.03073286110387,0
True,2.7321047124821,0
True,2.52871983953729,0
True,2.57447600632095,0
True,2.53835931559872,0
True,2.41316208530046,0
True,1.05615282615943,0
True,1.73767514944018,0
True,2.56889781902845,0
True,2.02169314502422,0
True,2.65285223481301,0
True,2.15068695694977,0
True,0.567058993105076,0
True,2.04276358099299,0
True,2.65190734488526,0
True,2.04281694948193,0
True,1.66296666265011,0
True,1.95846228625179,0
True,2.51397291915651,0
True,0.4416453413028,0
True,2.21737584486566,0
True,1.96545465060963,0
True,1.73079999862096,0
True,2.21969362137404,0
True,2.14722832279867,0
True,1.24364423424683,0
True,1.81307997017089,0
True,2.29827671925291,0
True,1.88333425113113,0
True,1.69919876063575,0
True,0.433536894031341,0
True,2.04788585623822,0
True,2.21794058862319,0
True,2.69657540834329,0
True,1.50216914188951,0
True,1.12453244711552,0
True,2.24107018497597,0
True,1.63304085228323,0
True,2.39254761800329,0
True,2.47972879478141,0
True,2.2774686311589,0
True,1.80366086935784,0
True,2.24322871905607,0
True,2.1799174155009,0
True,2.34536639928671,0
True,2.6499543575937,0
True,2.15025969198948,0
True,1.79370607271732,0
True,2.2103194247249,0
True,0.269004318277765,0
True,1.56740562131764,0
True,2.19043134057499,0
True,2.39154832791695,0
True,2.40761120056593,0
True,2.04766170537907,0
True,2.40330157812921,0
True,2.61774198538109,0
True,1.91128778217004,0
True,2.36288079835389,0
True,2.50674551050162,0
True,1.88571526753822,0
True,1.95491797359277,0
True,2.48267025917915,0
True,1.73249236249801,0
True,2.67709835949715,0
True,2.77064446478292,0
True,1.77415816376361,0
True,1.77722779734634,0
True,2.93034956762867,0
True,1.89544474806436,0
True,2.58884463122427,0
True,1.45224230193311,0
True,2.17699142819148,0
True,2.06553057247398,0
True,2.47188973523576,0
True,2.64396065202633,0
True,2.34218017988543,0
True,1.84949712309032,0
True,1.4383513505559,0
True,2.23631913767725,0
True,2.71024038158783,0
True,2.52824787627198,0
True,2.16411352619532,0
True,2.9412977676528,0
True,2.30318853964705,0
True,0.692227902037227,0
True,2.2482653493542,0
True,2.10247264852645,0
True,2.0568941470404,0
True,2.0429529024353,0
True,2.41544834555938,0
True,2.03402450423672,0
True,2.87413134592857,0
True,3.1515015143366,0
True,0.875023166993874,0
True,2.08606156459109,0
True,2.71453965781487,0
True,2.37841593791334,0
True,3.59172310229816,0
True,0.38470222026242,0
True,2.59883935162571,0
True,2.23948642562168,0
True,2.64365510749588,0
True,2.1250686351907,0
True,2.09991377398314,0
True,2.25665617629034,0
True,1.9060871166094,0
True,2.56955689276249,0
True,2.37181411203944,0
True,1.99390670050182,0
True,2.34829476272816,0
True,2.41092369277809,0
True,2.35448254427855,0
True,2.54753148298628,0
True,2.67645793341537,0
True,2.15980884898991,0
True,2.61557117650255,0
True,1.41396498863598,0
True,1.05219480283313,0
True,2.02181895250502,0
True,2.35722631644882,0
True,2.60857925680622,0
True,2.05548588348494,0
True,1.19935556353251,0
True,1.41405517570103,0
True,2.3584935364808,0
True,2.46084853468216,0
True,2.41626792716212,0
True,0.862196758417383,0
True,2.10803236701991,0
True,2.42517254118749,0
True,1.83931406544334,0
True,1.41707901129319,0
True,2.66945985690105,0
True,2.19136618768336,0
True,2.16301795412404,0
True,2.01444780567479,0
True,1.77587044756778,0
True,1.84378858725399,0
True,0.600065774190927,0
True,2.14773347355776,0
True,2.42219223913639,0
True,0.489877814242717,0
True,2.55653737274317,0
True,2.14099457428827,0
True,2.24513560684496,0
True,2.17707329156643,0
True,1.6459362343996,0
True,1.93265570734122,0
True,2.32947233869688,0
True,2.52630779186456,0
True,1.73880472713558,0
True,2.3216891982042,0
True,2.15306567650848,0
True,2.42717000570792,0
True,1.91821840076962,0
True,1.3017797593762,0
True,1.80015235195071,0
True,2.0695288047305,0
True,2.03155166787111,0
True,0.506173964360584,0
True,2.43007054279181,0
True,2.15446836631735,0
True,2.83800313376599,0
True,2.55254778817557,0
True,2.56786875510562,0
True,2.57938870880776,0
True,2.42350216470526,0
True,2.02882502408811,0
True,1.85232473851458,0
True,2.37534191171033,0
True,2.01605621295686,0
True,3.0031669696791,0
True,2.45310589379923,0
True,2.96029003922892,0
True,2.75997941927529,0
True,2.72296786534322,0
True,2.32471649665785,0
True,1.3030930969831,0
True,1.62895561156273,0
True,1.78662078187228,0
True,2.85664875024773,0
True,2.73571623921924,0
True,2.06862834753954,0
True,1.26543170518645,0
True,2.21377559445074,0
True,2.45261958539809,0
True,2.49372790078709,0
True,1.64949355612731,0
True,2.64980289373035,0
True,2.84512762050656,0
True,2.64195631146504,0
True,1.98303226659989,0
True,2.2109562860641,0
True,2.49367049132162,0
True,2.45110413856463,0
True,2.51965178997295,0
True,2.86814711902524,0
True,1.81724188923817,0
True,2.3165394501597,0
True,0.446933816693457,0
True,1.85910329567937,0
True,1.56476954359125,0
True,1.63731358870013,0
True,2.68548070934221,0
True,2.18357682798404,0
True,2.23542787767135,0
True,2.60513146472494,0
True,2.17616386175278,0
True,2.14598648736744,0
True,2.60440145507757,0
True,2.48161670680703,0
True,1.75096789072436,0
True,2.17943054704619,0
True,1.55601877348134,0
True,1.25386627542888,0
True,1.43807007036541,0
True,2.0293813532581,0
True,2.31354930045514,0
True,1.69950450581212,0
True,1.55269035425562,0
True,1.98860263322651,0
True,1.60204687090829,0
True,2.0694322580942,0
True,1.86854301559724,0
True,1.63099524716419,0
True,2.31014609988214,0
True,2.04711406578051,0
True,1.90879887973072,0
True,2.57864106971082,0
True,2.27800438936252,0
True,1.49741360950819,0
True,1.56141168583573,0
True,2.25430831857512,0
True,2.35551511797307,0
True,2.1725442344488,0
True,1.94831994280607,0
True,2.69061658838501,0
True,2.27094486911765,0
True,1.9112038888786,0
True,2.55638532256095,0
True,2.60025813499441,0
True,2.33893351653331,0
True,2.01924907305138,0
True,2.48518977901908,0
True,2.0605275663737,0
True,2.18304770889954,0
True,0.610465627938627,0
True,2.41159651110091,0
True,0.810654734197969,0
True,0.391562570185046,0
True,2.24493680229368,0
True,1.05480707294648,0
True,2.03586275883022,0
True,2.23881187246997,0
True,2.15296152023988,0
True,2.02019663496345,0
True,2.35054833013649,0
True,2.21012627420477,0
True,0.783047449915438,0
True,2.38015518704255,0
True,2.2303433956315,0
True,2.30512908392842,0
True,2.07651351692605,0
True,0.592286679771268,0
True,2.95040756607548,0
True,2.42924010531387,0
True,2.66830867821785,0
True,1.98548525562458,0
True,2.05474249485596,0
True,1.76653973708544,0
True,2.21502262106827,0
True,2.86397295781981,0
True,2.32964656485994,0
True,2.66446862708948,0
True,1.39586214204842,0
True,2.68073409478588,0
True,2.37073293852894,0
True,2.11998725801578,0
True,2.90963874483922,0
True,2.65354421765359,0
True,1.52409460935418,0
True,2.63097474545055,0
True,2.03664802165307,0
True,2.55318663336034,0
True,2.2185784871916,0
True,2.51005216417423,0
True,1.95329936918075,0
True,1.77762476256996,0
True,0.551261444366001,0
True,1.93746047399269,0
True,2.44251232204428,0
True,2.02284026172139,0
True,2.53608265266608,0
True,2.56089720838301,0
True,2.58709149803958,0
True,1.53608177420316,0
True,2.66869645856497,0
True,2.81377452772316,0
True,1.00924817942704,0
True,2.08933707177925,0
True,1.8994445973203,0
True,2.49966340959143,0
True,2.29689341821705,0
True,1.93719602662654,0
True,1.88503553787629,0
True,1.91584800251447,0
True,2.59475065830476,0
True,2.01227197517198,0
True,2.3793028807002,0
True,2.24463651721039,0
True,1.01315671617438,0
True,1.7852846949011,0
True,2.63909209191443,0
True,2.05992292512218,0
True,2.55815697236033,0
True,2.3297195092338,0
True,1.62640686140304,0
True,1.45970506908126,0
True,2.27476326865497,0
True,2.16162635032669,0
True,2.45109323656458,0
True,2.11581588693234,0
True,1.64822536549316,0
True,1.51395603175907,0
True,2.2093842027991,0
True,2.45390819022296,0
True,2.39096363305386,0
True,2.89151889775292,0
True,2.27333050484742,0
True,1.60916212140066,0
True,2.49064904059746,0
True,0.736836638589152,0
True,2.40099853111068,0
True,2.45118680418269,0
True,2.52867735602753,0
True,2.71139106242293,0
True,2.65001662261516,0
True,2.33487021282657,0
True,2.22126011990621,0
True,2.65951074133584,0
True,0.90812384671997,0
True,2.22095748496533,0
True,1.66730585470245,0
True,2.92088626300813,0
True,2.34151333779221,0
True,2.15661520891422,0
True,2.21970063566712,0
True,2.8358584227347,0
True,2.19120473829231,0
True,2.04410991978252,0
True,1.81907776359335,0
True,2.17979327139725,0
True,1.89378572263662,0
True,2.05349143033837,0
True,1.84482809968218,0
True,1.59544685183424,0
True,2.02592285367517,0
True,2.17038245491915,0
True,2.79355010841676,0
True,0.406037867073465,0
True,0.662408680577359,0
True,3.04751072168102,0
True,2.47726277933782,0
True,2.28607164030472,0
True,1.49283571014015,0
True,2.26229613474549,0
True,2.40985247600052,0
True,1.40736956715547,0
True,2.08425042678669,0
True,1.878538419601,0
True,1.70522749372639,0
True,2.28141555309332,0
True,1.97969336654116,0
True,1.75872975277073,0
True,2.31632361246033,0
True,2.31457084017941,0
True,2.12913258514783,0
True,3.05997293637436,0
True,1.69579673470278,0
True,2.29406452519658,0
True,2.5828167570448,0
True,2.60780221791046,0
True,1.76621924592313,0
True,2.650676077279,0
True,2.25237676630197,0
True,2.3748018829756,0
True,0.386848549811866,0
True,2.64743148927891,0
True,2.0991026967783,0
True,2.42951824306742,0
True,2.06534931613821,0
True,2.01579821264164,0
True,1.85057666838909,0
True,2.27109617361372,0
True,2.62922211447412,0
True,2.95123303340544,0
True,2.43376573495825,0
True,0.408428059495457,0
True,2.49554859663626,0
True,2.04319515103139,0
True,2.61764033553651,0
True,2.45342790828429,0
True,1.50942587455678,0
True,2.38385083740576,0
True,2.30708276369764,0
True,0.976472475636549,0
True,2.49952309407422,0
True,1.56685177495719,0
True,2.38707181011896,0
True,2.46119064032847,0
True,2.20295035921898,0
True,2.28315544768455,0
True,2.67079650014169,0
True,2.46586513471268,0
True,2.04755449746061,0
True,1.52963970845861,0
True,2.38889501909876,0
True,2.20797073693676,0
True,2.47756229487276,0
True,2.12837225865532,0
True,2.09042032728184,0
True,2.06672545584672,0
True,2.19397513493514,0
True,0.685206654749685,0
True,3.31060844855455,0
True,1.92312089998816,0
True,1.89771742187973,0
True,2.45708369153583,0
True,2.63642436376827,0
True,2.61017310736334,0
True,2.16570425531977,0
True,2.4352861517588,0
True,1.25330714335384,0
True,2.37565271564031,0
True,2.57511930503011,0
True,2.1877821691739,0
True,1.73099567156389,0
True,2.4512830988166,0
True,2.59848382171776,0
True,2.36780061345187,0
True,2.12342550582216,0
True,2.56040207300899,0
True,2.13166315731241,0
True,1.69383422440802,0
True,1.85709423864926,0
True,0.390133909749289,0
True,1.55332505780581,0
True,1.8698130946499,0
True,2.78048733181398,0
True,2.09072075504034,0
True,2.88658627791506,0
True,1.75075482825697,0
True,2.08590502072795,0
True,1.87122178842624,0
True,0.849994117133298,0
True,1.77041177771179,0
True,2.16978537687551,0
True,2.04476253627097,0
True,2.57847239928083,0
True,1.88779127037117,0
True,1.36034868086922,0
True,2.41635562094579,0
True,2.25737156313427,0
True,1.84522105525238,0
True,2.11705818549134,0
True,2.04294479999586,0
True,2.00684262884141,0
True,3.08127318233475,0
True,2.2377246005853,0
True,1.20837645926721,0
True,2.55840366438174,0
True,1.68108312677153,0
True,1.75561017666416,0
True,2.83911056123216,0
True,2.74273130364535,0
True,2.02214741078082,0
True,0.532444278070641,0
True,1.75023604667741,0
True,1.95231419878157,0
True,1.86516156890085,0
True,1.05741729019905,0
True,1.82806630884315,0
True,1.76917769415912,0
True,2.02997428178712,0
True,2.71881576267929,0
True,2.42625889044289,0
True,2.00271859075604,0
True,2.21840771770357,0
True,2.01534991505574,0
True,2.67194865559916,0
True,2.84337179880875,0
True,1.85530648164319,0
True,2.15105629247226,0
True,2.06249804692634,0
True,1.6917317819976,0
True,2.78318275867742,0
True,2.36882546282344,0
True,2.96417536475198,0
True,2.26033575161573,0
True,3.46560484142581,0
True,3.12250637603507,0
True,2.38650292946926,0
True,2.45289142915392,0
True,2.82800527355343,0
True,2.44310937252714,0
True,1.81263730651261,0
True,2.42731940738406,0
True,1.90897103749602,0
True,1.89503896701037,0
True,1.71770957758695,0
True,2.42716086254258,0
True,2.4132069317606,0
True,2.13674357591614,0
True,1.81114570173283,0
True,2.33939042104508,0
True,2.25902755298575,0
True,0.523576991890259,0
True,1.86502808920759,0
True,1.95180445175511,0
True,1.85746291472576,0
True,1.42960620004952,0
True,1.51020486663151,0
True,2.71320334194023,0
True,2.70905985690286,0
True,0.862670972338923,0
True,0.467212302223088,0
True,2.31153987310184,0
True,2.01048613102455,0
True,3.01154653786597,0
True,2.53711146257388,0
True,0.791436507940272,0
True,2.48270559981858,0
True,2.22919861273584,0
True,1.22366300463426,0
True,2.0654615589683,0
True,2.16406287752094,0
True,2.47243721238875,0
True,0.694469085381732,0
True,1.14661574459483,0
True,1.85763806809352,0
True,2.17808830412021,0
True,1.86444007597538,0
True,3.48250439653602,0
True,2.42379354533149,0
True,2.22132579133585,0
True,1.99328186712298,0
True,2.00262159292675,0
True,2.38966849409906,0
True,1.58137667224175,0
True,2.14601658045124,0
True,2.21816513977988,0
True,2.08486665652595,0
True,2.65302613580482,0
True,2.34680626394112,0
True,2.33426917190371,0
True,2.82911484720207,0
True,2.78074711814656,0
True,0.364320491437048,0
True,2.27238988302379,0
True,2.77338278712336,0
True,2.52687784722243,0
True,2.89872059218721,0
True,2.04927447791436,0
True,1.51922740363868,0
True,2.47307557114574,0
True,1.86206594034419,0
True,2.62799129404289,0
True,2.51873024415052,0
True,2.64144568710599,0
True,2.50465206923467,0
True,1.85426327872799,0
True,2.40174336810739,0
True,1.72002723460488,0
True,2.45642169348292,0
True,1.94957517259848,0
True,2.04235857091661,0
True,2.28952011538886,0
True,2.5362816025271,0
True,2.36677827963348,0
True,0.544186414312635,0
True,1.82615678605234,0
True,2.34706425031873,0
True,1.76601990698775,0
True,2.09732256003884,0
True,2.78628364885601,0
True,2.73023641230312,0
True,2.40969887537529,0
True,1.97236243254722,0
True,1.77772489528822,0
True,2.50739078174917,0
True,2.17074226355376,0
True,2.5035022140241,0
True,2.03880917030039,0
True,3.02482719986301,0
True,2.14908412288549,0
True,2.54768567491202,0
True,2.13416785744094,0
True,1.89877207247733,0
True,2.19316189228639,0
True,2.82407876234271,0
True,2.95078274173668,0
True,1.87163805762472,0
True,2.51244534540393,0
True,1.53057279230382,0
True,2.186497496826,0
True,2.34479930274636,0
True,2.28111557865308,0
True,2.26037811120974,0
True,2.06282701310171,0
True,0.679358663954614,0
True,2.61019156744523,0
True,2.26376795107948,0
True,1.92252219788825,0
True,2.1368386405897,0
True,2.1960892178987,0
True,1.72480804426636,0
True,1.79408794848566,0
True,2.16023568706265,0
True,2.49142103038986,0
True,2.05326868443873,0
True,1.57228643452417,0
True,1.94579764968456,0
True,2.46046555083286,0
True,1.8966025836404,0
True,2.94890127665089,0
True,1.95804403761665,0
True,2.22676852813183,0
True,1.71046525110895,0
True,1.35175497646257,0
True,2.66148407332925,0
True,2.43362201154005,0
True,1.7895240072511,0
True,2.64214316666358,0
True,2.90034974915269,0
True,3.62948544208352,0
True,2.88874430184941,0
True,2.36203117777049,0
True,2.08045413917379,0
True,2.58727540763218,0
True,2.13264593345391,0
True,1.94982419588431,0
True,2.46407996515795,0
True,1.53638187586831,0
True,2.17178198378289,0
True,0.616141195553539,0
True,2.5986765208321,0
True,2.18371309042032,0
True,2.88294407926671,0
True,2.87125318446652,0
True,2.78498156657258,0
True,1.85821886167268,0
True,0.777923276503139,0
True,1.861433927477,0
True,2.19315007127781,0
True,2.28531032773276,0
True,2.27262657705882,0
True,2.95249947061366,0
True,0.597654511981876,0
True,2.43313395371701,0
True,2.27861833764382,0
True,2.75890869682113,0
True,0.485454174185224,0
True,0.733343921005092,0
True,2.82833415192266,0
True,2.2044887524274,0
True,1.79532633162565,0
True,2.01481032306417,0
True,1.50249882960277,0
True,2.53933604915701,0
True,0.711013404253948,0
True,2.25251439028376,0
True,1.85250593995516,0
True,2.10179297568734,0
True,2.03472581200442,0
True,1.99982963859768,0
True,1.701817281128,0
True,1.67501222853601,0
True,1.77690590124336,0
True,2.35281370503269,0
True,2.54753751039132,0
True,1.97920788544604,0
True,0.891749416608321,0
True,2.22413298798012,0
True,2.14910640206731,0
True,0.384765155043098,0
True,2.00792787827268,0
True,2.27663374168991,0
True,2.70818959796086,0
True,0.484796522400489,0
True,2.71234072320164,0
True,1.76115143118068,0
True,0.835558232946918,0
True,2.12530720873029,0
True,1.67755348876588,0
True,1.96199617002638,0
True,2.09653654343749,0