Success,Time,Fitness
False,1.8056717029329,0.000353942666275133
True,3.77363618576566,0
True,3.34078908250191,0
False,1.44186980871541,0.000624661336974
True,1.42127262207023,0
True,1.3360094349728,0
True,1.38020357251006,0
True,1.04840619002688,0
True,1.48432293900651,0
True,1.25119171055728,0
True,2.3146929201518,0
True,3.91238361196365,0
True,2.77695954341431,0
True,1.61315906817223,0
True,1.64873145306445,0
True,1.41318979633195,0
True,2.39847176940723,0
True,3.2964678689495,0
True,2.67750053146587,0
True,1.30949380160683,0
True,1.48141606386907,0
True,1.55196325983973,0
True,2.75203820176917,0
True,1.71929411233021,0
True,2.89723882585919,0
False,0.939451091973621,0.000187928032412898
True,1.50752285362648,0
True,1.5978057750498,0
True,2.06966614974071,0
True,2.92236152516718,0
False,2.54358216380836,0.000322709965581223
True,1.47173637199184,0
True,3.82207384028619,0
True,2.09001289000165,0
True,1.86166158875897,0
True,3.14801652807734,0
True,1.77393292582861,0
True,1.08215224797857,0
True,4.19470896061476,0
True,1.85842992114964,0
True,3.4654226025255,0
True,1.30525358312883,0
True,1.10368783657182,0
True,2.13504200460881,0
True,2.75730452288357,0
True,1.0476961604393,0
True,1.50222876777372,0
True,2.35581108715813,0
True,1.2715355790546,0
True,3.93884982407354,0
True,2.42409899322769,0
True,1.06763648344945,0
True,1.84844064473258,0
True,0.842225684092464,0
True,2.96360543921993,0
True,4.10638064072484,0
True,1.87558938207162,0
True,1.7426216617573,0
True,1.20311399287253,0
True,2.10487909674866,0
True,0.38497344714192,0
True,3.10062541100504,0
True,1.61696098648537,0
True,1.03078119989488,0
True,2.24971251196114,0
True,1.77784277287046,0
True,2.98656537221372,0
True,1.7187677561714,0
True,1.49953737447286,0
True,3.61521911126385,0
True,3.13200533991537,0
True,1.58829186284347,0
True,1.05404417459837,0
True,1.86255960550545,0
True,3.39741120769991,0
True,2.48691870413075,0
True,0.828482159111571,0
True,1.12262606694611,0
True,3.19715821950792,0
True,2.73563096637278,0
True,3.57095697027321,0
True,1.63319738101652,0
True,0.591781806563076,0
True,0.732640883879514,0
True,1.22721735798448,0
True,1.34924062818115,0
True,3.91146443068342,0
True,1.32232169944889,0
True,1.53354933478359,0
True,1.93445868324416,0
True,1.22880682002835,0
True,1.47655352695998,0
True,1.51757093729836,0
True,1.05050153812578,0
True,2.69721978748059,0
True,2.92218342532581,0
True,1.35503767910914,0
True,1.81756348725324,0
True,2.23792335673813,0
True,2.60987237224922,0
True,2.3988344294963,0
True,1.66333175297804,0
True,1.8879185603868,0
True,2.5804972216204,0
True,1.28165240203315,0
True,1.30655835430723,0
True,0.911050281868697,0
True,3.10577381344979,0
True,2.95569544757481,0
True,1.61470696094776,0
True,2.44153187033045,0
True,3.50896499967826,0
True,2.54791593858589,0
True,2.55913922668375,0
True,1.39576957251575,0
True,1.71440080336108,0
True,3.1276550457172,0
True,2.4948792148126,0
True,2.39601433668879,0
True,2.32926374622456,0
True,1.95425359503001,0
True,1.03771013367,0
True,0.926970083830494,0
True,1.68808964922295,0
True,1.0952961971176,0
True,1.30908713308989,0
True,1.74193522973134,0
True,1.19488565928338,0
True,2.01177254910298,0
True,3.4422488764562,0
True,4.46360764146862,0
True,2.95977354142157,0
True,1.58626074075377,0
True,3.55738828673986,0
True,3.8319811828419,0
True,2.92270573599086,0
True,2.9523078238518,0
True,1.39581808752396,0
True,1.03918764655038,0
True,0.94749652063421,0
True,1.7389026868717,0
True,1.31567844014111,0
True,1.87761375565309,0
True,1.85528351998525,0
True,1.39682559582421,0
True,1.71674887213016,0
True,1.95557054378605,0
True,0.892396274941836,0
True,1.97634773766885,0
True,2.29795257611011,0
True,1.40573265974908,0
True,2.10025206330263,0
True,2.51571236456923,0
True,1.95257742320703,0
True,3.69230837335343,0
True,3.8923089007211,0
True,1.97971106506554,0
True,1.42595973071957,0
True,1.69684618724633,0
True,2.41585384091933,0
True,2.20252688254648,0
True,1.77964274041345,0
True,2.16617802609697,0
True,3.18299768063294,0
True,1.56551996227373,0
True,1.26282999834617,0
True,1.32560941626564,0
True,1.0129540986763,0
True,2.23482327012828,0
True,1.74941432105435,0
False,2.23481625248345,0.000144990282659937
True,2.57119423366891,0
True,1.43565828211296,0
True,1.4767601622541,0
True,1.07200805941181,0
True,1.0140699524383,0
True,2.91908798960637,0
True,3.08500640204012,0
True,1.51270840658265,0
True,1.67880884342383,0
True,1.55297989879076,0
True,1.45850707382654,0
True,2.22932457109855,0
True,0.812642212563019,0
True,0.751227639808087,0
True,2.528398586886,0
True,1.16262669882453,0
True,2.35413507091439,0
True,1.78695796134367,0
True,1.61067681966369,0
True,1.56483566117117,0
True,2.19799656442118,0
True,4.20842733246447,0
True,3.26580316964969,0
True,1.81526004658688,0
True,0.939206631495046,0
True,0.475793457509367,0
True,1.00429118016614,0
True,2.78579087654232,0
True,1.71150675021841,0
True,1.58134672984571,0
True,1.97514071428657,0
True,1.50615193606056,0
True,2.27139376857818,0
True,1.82181830845478,0
True,3.05137637865305,0
True,3.55649354807171,0
True,1.46284291611091,0
True,2.16232316943985,0
True,1.73681254941995,0
True,1.39754433250918,0
True,1.08479975794469,0
True,1.13497696388604,0
True,1.47719618426267,0
True,1.15104905378218,0
True,0.978179394269147,0
True,1.18905084697057,0
True,1.51557907707053,0
True,2.37644306108636,0
True,1.35038757041764,0
True,2.03508466745356,0
True,1.60185956768222,0
True,1.69076575521793,0
True,2.75792377463698,0
True,1.43327855157495,0
True,3.08376557536359,0
True,1.37774312991986,0
True,1.02078205176095,0
True,1.20262066333729,0
True,3.2077808974026,0
True,2.03978472599736,0
True,1.83192130464468,0
True,2.37594695140523,0
True,1.17343212259175,0
True,0.595121432384153,0
False,2.59654443865474,0.000532058160302525
True,1.12164280550702,0
True,2.74635492694891,0
True,1.27910136901192,0
True,2.4843452321374,0
True,1.24321342327744,0
True,2.20712347563331,0
True,1.89726998822765,0
True,1.95239324322579,0
True,2.56396416907148,0
True,1.23511499081342,0
True,2.10928591351506,0
True,1.6828339901723,0
True,1.12643455626722,0
True,1.30192198468965,0
True,1.27018713652275,0
True,2.86603624841739,0
True,2.77107360937754,0
True,1.89438459729228,0
True,1.78483038367309,0
True,1.10911660531682,0
True,1.38645542704986,0
True,2.01528022845589,0
True,1.30302758370157,0
True,1.10544383689774,0
True,1.19452207276608,0
True,1.57474265269817,0
True,2.54866330668162,0
True,2.12946416587587,0
True,2.30556198229839,0
True,2.12022106839104,0
False,3.1740480260735,0.000531223524488237
True,2.00130783274809,0
True,3.14080539134513,0
True,3.42203267695882,0
True,0.979437155900567,0
True,1.27734065114073,0
True,1.83310387985039,0
True,2.74207162005125,0
True,3.4357075483875,0
True,0.900757494807429,0
True,1.55046649541097,0
True,2.17311042016995,0
True,2.2425445810877,0
True,2.66940654158386,0
True,1.19324572660467,0
True,2.40040446289285,0
True,2.10242143027353,0
True,2.66840240847041,0
True,3.39269027139939,0
True,1.86234847224886,0
True,1.80781641234328,0
True,1.13222244896555,0
True,1.33905199103295,0
True,1.93509559252683,0
True,2.15580347856445,0
False,2.5076531777278,8.3853632755511E-05
True,2.24212712321628,0
True,1.50061165900209,0
True,2.02417566967729,0
True,1.29929330296935,0
True,0.731383898931678,0
True,3.56053483091358,0
True,2.48168788220038,0
True,0.600481576815402,0
True,3.35523121356067,0
True,2.56153550626536,0
True,3.7089694670914,0
True,3.75380360686024,0
True,1.6460750046934,0
True,1.88334963053024,0
True,1.03905163251516,0
True,3.52710663512881,0
True,1.87892984023244,0
True,1.25399318855495,0
True,2.5026589165507,0
True,1.42431121427352,0
True,1.63639357498357,0
True,1.92918458131554,0
True,3.01042086882689,0
False,3.12242688904115,0.000122369468472527
True,2.57817690133617,0
True,2.49821253064902,0
True,1.26095464627315,0
True,1.5936606500491,0
True,3.93594229148965,0
True,2.54855412508622,0
True,1.73807149561122,0
True,2.14955039096714,0
True,2.0628543170634,0
True,2.0625690104853,0
True,1.25831268992772,0
True,1.8786084987543,0
True,2.12781401603119,0
True,2.22470919141344,0
True,1.17945340132559,0
True,2.03483637635779,0
True,1.44533692377951,0
True,2.60424227991537,0
True,2.47158874154879,0
True,3.32183908001126,0
False,3.64019477852498,0.00020183745172389
True,3.7323842260618,0
True,3.35800296807005,0
True,3.4573868134146,0
True,3.43815220737139,0
True,2.25587016889115,0
True,2.35421665679461,0
True,3.41239481067174,0
False,2.18767949797323,0.000486892431671804
True,1.88444132324158,0
True,1.13602222449806,0
True,0.940915403029394,0
True,1.40452632392392,0
True,1.63052497691278,0
True,1.02058625075717,0
True,2.8446156688638,0
True,0.941067998666395,0
True,1.58830730081096,0
True,1.24498040006451,0
True,1.07175693363152,0
True,2.66902016949271,0
True,1.16229795763776,0
True,1.50346781673483,0
True,1.20988225928409,0
True,0.801718331408298,0
True,1.84670638338527,0
True,0.720727690256269,0
True,1.05269074236624,0
True,1.73407503526544,0
True,2.62050382352263,0
True,0.996687058566787,0
True,3.76461706072463,0
True,4.38278822107886,0
True,2.75260115408009,0
True,2.14852125997566,0
False,2.35961404217251,0.00110227284292441
True,2.01766892794491,0
True,1.75246822707506,0
True,1.10461390644967,0
True,1.60831790857011,0
True,1.53998862378355,0
True,2.35317374033021,0
True,2.01668207450398,0
True,2.45970596391706,0
True,1.68163743544689,0
True,3.66963843548502,0
True,2.99753729943558,0
True,2.47146950713149,0
True,2.91757425326607,0
True,1.97136345959022,0
True,1.981119255969,0
True,1.23662674102748,0
True,1.64565283144534,0
True,2.07628791027005,0
True,1.24151255324989,0
True,2.34037898858404,0
True,1.82266533032599,0
True,2.21459916792822,0
True,2.40469443341685,0
True,1.76010480430297,0
True,2.35127684594633,0
True,1.61662747101547,0
True,1.34126010114718,0
True,1.86223824304541,0
True,2.08817057439484,0
True,1.5144109003057,0
True,2.76088773983706,0
True,0.977695282133845,0
True,1.0847738104112,0
True,1.99918369860493,0
True,2.49983856796312,0
True,1.62718553384984,0
True,1.25899755795077,0
True,0.730442369007573,0
True,2.36581154724878,0
True,1.32689415446032,0
True,2.05323312227869,0
True,1.26136596460342,0
True,2.37753145492743,0
True,2.55464469160183,0
True,1.08091935605266,0
True,1.80047946535087,0
True,1.63018628370223,0
True,1.55196689489152,0
True,0.987341158036929,0
True,2.08806239256856,0
True,2.27847586798802,0
True,0.970899166634554,0
True,1.77634876125322,0
True,1.83967404532306,0
True,2.09418150946186,0
True,3.95773501924916,0
True,0.694188954302354,0
True,0.809685586422525,0
True,1.58678289227307,0
True,1.78897865497962,0
True,2.15645272781025,0
True,3.16014692843259,0
True,1.50998306706816,0
True,0.817373841187406,0
True,1.96740502412535,0
True,0.874819150570823,0
True,0.910443140470309,0
True,2.25324446124027,0
True,2.94866350424215,0
True,1.08224868021475,0
True,1.04324735238886,0
True,1.35398909359536,0
True,1.31598957778196,0
True,1.69094689625385,0
True,1.82993603966382,0
True,1.7981385450119,0
True,1.9034584178998,0
True,1.66559865645254,0
True,1.38161749053788,0
True,2.58521188712279,0
True,1.06905674373877,0
True,2.47793600741504,0
True,1.26035662840331,0
True,3.18184608279949,0
True,2.67053230399159,0
True,1.53986795029993,0
True,0.732958333047934,0
True,2.1247090765856,0
True,2.26618450466531,0
True,1.26376450149177,0
True,2.09950976744138,0
True,2.08833953101692,0
True,2.72600328025703,0
True,3.75551444750073,0
True,1.90351103036158,0
True,1.50855594254125,0
True,1.2861640165748,0
True,1.13462557496836,0
True,1.98518725015012,0
True,2.77337392959172,0
True,4.00604006429648,0
True,0.958536818436677,0
True,1.11621935762544,0
True,1.05140778117484,0
True,4.07455678880087,0
True,2.00806464262381,0
True,1.05680015391753,0
True,0.609207311517546,0
True,2.99888987612823,0
True,1.05552268059155,0
True,2.62027108333372,0
True,1.44547922119262,0
True,1.87305932981878,0
True,2.18303502826124,0
True,2.21297613156392,0
True,1.68889884882014,0
True,0.938333913487721,0
True,1.72785181211863,0
True,2.30556361938413,0
True,4.52505140103599,0
True,1.73261629740765,0
True,2.68785721937723,0
True,1.92632370188246,0
True,2.92901212877971,0
True,3.23067704702336,0
True,3.73689335709782,0
True,1.3028957140131,0
True,2.41986401457029,0
True,0.800312298262799,0
True,1.88305654463371,0
True,2.41347269852829,0
False,3.38692518357528,0.000129637178205583
True,2.97663072511305,0
True,3.04571685395872,0
True,2.75438898573617,0
True,2.2337117236804,0
True,2.95459989419001,0
True,3.51608935550254,0
True,1.44151792425108,0
True,0.927892633126189,0
True,0.720201826402115,0
True,1.85515666369393,0
True,2.9411381099109,0
True,1.77656242491805,0
True,1.02064313674487,0
True,0.815634619992739,0
True,1.5692900851295,0
True,1.10029829176044,0
True,0.805953687701684,0
True,1.22635184593811,0
True,2.52499157111048,0
True,1.98423882096859,0
False,1.47869733255246,0.000799523761557984
True,1.99856215490054,0
True,2.59464491827672,0
True,3.01769960193728,0
True,1.93056076707448,0
True,1.33941377655995,0
True,1.96034812490015,0
True,1.4321976499842,0
True,0.836878309347766,0
False,4.32343803060295,0.000435699523005535
True,2.1950961459215,0
True,1.98218094693827,0
True,1.53224846717472,0
True,1.64825755448415,0
True,2.74045413101469,0
True,1.89110161514573,0
True,2.2035884996984,0
True,1.39144888937781,0
True,3.2450804304669,0
True,0.979634289996758,0
True,0.85048662173787,0
True,1.83206699912914,0
True,1.75298722050522,0
True,2.46125159727416,0
True,1.09917421735465,0
True,2.11910225582619,0
True,1.83220940461461,0
True,1.97700757698982,0
True,0.757458522339097,0
True,2.45445315908306,0
True,2.60964459207249,0
True,0.7479554635355,0
True,0.846769440239088,0
True,1.42781004160578,0
True,0.903434641354205,0
True,0.969301795965957,0
True,2.15532819148981,0
True,1.12858135763917,0
True,1.3976942163552,0
True,3.94795093243068,0
True,2.48076477337816,0
True,1.52434519183409,0
True,1.66097716860154,0
True,2.16952347209733,0
True,1.87236985861432,0
True,1.7867745054972,0
True,0.80109455844617,0
True,0.984664327526737,0
True,2.17114654717713,0
True,1.76789502963036,0
True,0.715134386350348,0
True,1.8109770062082,0
True,2.5546428261837,0
True,2.36230988057607,0
True,1.27890114293984,0
True,1.45167173880869,0
True,1.15334261862387,0
True,1.73148123800885,0
True,0.933957296666325,0
True,2.57102314172961,0
True,2.49394842353781,0
True,1.25837819166631,0
True,1.50958981540222,0
True,1.52021087899241,0
True,1.55040281528424,0
True,1.79152131769793,0
True,1.89100906513021,0
True,1.89400492091872,0
True,2.45880050217157,0
True,1.19971311806872,0
True,1.56114937222529,0
True,1.28420731673593,0
True,1.17419713476352,0
True,1.14811713106156,0
True,0.631090927493844,0
True,1.75415577532192,0
True,2.25401444289477,0
True,1.79236830973759,0
True,1.90624324333704,0
True,2.26209025423891,0
True,2.83319529442201,0
True,1.27117974556113,0
True,1.35997078615169,0
True,2.28188905876544,0
True,1.52799885515549,0
True,2.1497300849605,0
True,1.91328231840539,0
True,1.61002863565918,0
True,1.84733609030708,0
True,2.1008880244826,0
True,2.09935178958683,0
True,1.50270355906949,0
True,1.73671563915574,0
True,2.80374881325976,0
True,4.16995077805527,0
True,1.45633398941525,0
True,2.69294647756206,0
True,3.17688404014598,0
False,1.89811399648776,0.000671481873487461
True,0.967773194486998,0
True,2.3148202906096,0
True,2.99739233182287,0
True,2.59492890713789,0
True,1.64204065141912,0
True,1.5172081622092,0
True,1.33321029261941,0
True,1.18334350776766,0
True,4.49164391125042,0
True,0.939728395939377,0
True,1.02869519072518,0
True,1.68896745335394,0
True,1.65921846009645,0
True,2.17681116054278,0
True,1.85599261969966,0
True,1.59352618173738,0
True,2.07944866733357,0
True,2.36340440391524,0
True,2.04713169908482,0
True,3.22347774409387,0
True,1.5971454002077,0
True,1.41122945945207,0
True,1.79899050721316,0
True,1.51466822049891,0
True,1.82206080098194,0
True,0.835556166947785,0
True,2.89277833784122,0
True,1.11577551457191,0
True,1.61831653396579,0
True,2.13344522413599,0
True,1.25814382130684,0
True,1.89485559133495,0
True,1.89665803581917,0
True,0.212929050095795,0
True,4.06660755655113,0
True,2.19870656343292,0
True,1.37160150012638,0
True,1.47117221028214,0
True,0.996898154670666,0
True,0.766999488587701,0
True,0.850447042690877,0
True,3.21286915033937,0
True,3.93723930325485,0
True,2.24724411419241,0
True,3.55535967446989,0
True,3.3442819938611,0
True,1.82365839747933,0
True,2.47583239178602,0
True,2.53059713122221,0
True,1.67559851499487,0
True,2.87448723996318,0
True,0.739018039522385,0
True,3.12723964984151,0
True,3.31776269097258,0
True,3.20528031245719,0
True,2.13514200158855,0
True,2.46143111304603,0
True,3.75894768804516,0
True,1.97109835183408,0
True,2.10868386015034,0
True,1.44096389881418,0
True,1.59552626661455,0
True,1.5125284134548,0
True,2.08888731719714,0
True,1.7586251605141,0
True,1.350759932079,0
True,2.03439840509336,0
True,1.82991252206957,0
True,0.800412800814666,0
True,2.20611229154623,0
True,1.49355479886513,0
True,2.86030714584218,0
True,2.23145404329197,0
True,3.85351634100312,0
True,1.81531051685683,0
True,2.35156569533723,0
True,1.86514265796862,0
True,2.26640101081004,0
True,0.68250565953582,0
True,2.92407795315,0
True,2.67809783099115,0
True,1.71550014241153,0
True,2.71880696669323,0
True,0.667213293840984,0
True,2.54793607594692,0
True,1.02335687594575,0
True,2.94067896501632,0
True,2.94873370973043,0
True,3.98565151299555,0
True,2.24683598131491,0
True,1.43954826464968,0
True,1.48936261985315,0
True,4.00199139309586,0
True,1.83288063670632,0
True,2.79056395927428,0
True,2.08925282273948,0
True,3.56802451433742,0
True,1.05659663458548,0
False,2.43840164590718,0.000309831799448413
True,2.31470295172516,0
False,1.45868307626196,0.000249725198133999
True,2.62279656541815,0
True,1.85603295495443,0
True,2.12296439881186,0
True,1.0673682522999,0
True,3.27820389728181,0
True,1.71290133141143,0
True,3.44629612677107,0
True,2.97470635667488,0
True,2.5176230037681,0
True,0.86161643274574,0
True,1.39224847556765,0
True,2.283061574878,0
True,1.78664338268748,0
True,1.6406413041955,0
True,1.90954414374385,0
True,3.91317618744986,0
True,3.11164744961491,0
True,1.22535110930312,0
True,1.07764670049316,0
True,1.09236988552874,0
True,3.50776814480899,0
True,2.02043893782417,0
True,1.86612121586153,0
True,2.01086969142575,0
True,1.723583119125,0
True,1.33076779448655,0
True,1.70785030326274,0
True,2.94542190727894,0
True,3.40014694620489,0
True,1.0493065039775,0
True,2.43501294854936,0
True,1.53050997352622,0
True,0.930933399534419,0
True,1.58742993945863,0
True,1.71627061104815,0
True,2.58247593108278,0
True,1.32900690967551,0
True,2.26158521344638,0
True,1.29255656818163,0
True,0.759110540687919,0
True,2.12620807949422,0
True,2.14612310011609,0
True,1.17462330451212,0
True,2.13390558525676,0
True,1.5644829598161,0
True,1.46883204848534,0
True,2.76211776213142,0
True,1.15103977533013,0
True,1.10532710453582,0
True,1.75919521882779,0
True,0.920908086973955,0
True,1.60083701468994,0
True,3.43057119965962,0
True,2.0094902543207,0
True,1.3170697304742,0
True,4.13558070896791,0
True,1.53672787804482,0
True,1.14214332738813,0
True,1.57745974839233,0
True,1.27943856671761,0
True,1.54791686698191,0
False,0.973580904379282,0.000348279520500609
True,2.94484347254014,0
True,1.83752529927544,0
True,1.88585605490824,0
True,1.28043885562862,0
True,1.9091850186181,0
True,2.28114666293051,0
True,3.50040656186469,0
True,3.31177700774833,0
True,1.80846399183167,0
True,1.51576697920632,0
True,1.52547648653919,0
True,2.79603951461222,0
True,3.01184115463252,0
True,1.1062218310537,0
True,1.60089816331884,0
True,0.953720654591974,0
True,2.55778539510866,0
True,2.77565854551407,0
True,0.887915240682741,0
True,2.66029305584123,0
True,3.70018264117426,0
True,1.546992526435,0
True,1.5966073229449,0
True,1.79661451998332,0
True,2.26113685603378,0
False,4.18600976303969,0.000137839077916718
True,1.92832892004333,0
True,2.64246611212566,0
True,1.99397151009996,0
True,1.7893229919658,0
True,1.405550046149,0
True,1.69113642538229,0
True,1.57296275697915,0
True,3.28624903124834,0
True,2.40697313325719,0
True,2.42009230224478,0
True,3.30724727001661,0
True,2.26898223594401,0
True,1.04788957787969,0
True,2.87454001863748,0
True,1.54677046694465,0
True,1.31042068935258,0
True,1.1911958056724,0
True,2.79909927755723,0
True,1.14904770361865,0
True,3.14723666436607,0
True,3.63676012757859,0
True,1.95492326350807,0
True,2.50882309656176,0
True,2.37520989167375,0
True,2.4548714639097,0
True,0.749941405657001,0
True,2.56421441219775,0
True,0.955252061012712,0
True,1.89882565028378,0
True,2.24435098399765,0
True,3.58670213208257,0
True,1.13092229817731,0
True,1.9159884134249,0
True,1.81979575339152,0
True,3.96677744231798,0
True,2.12906026308589,0
True,0.875820300671867,0
True,1.80726917523768,0
True,1.26551175951281,0
False,1.1719331485,0.000278356368389622
True,1.27075541008596,0
True,2.8902126085916,0
True,3.10432851404268,0
True,2.3400517902322,0
True,1.20919278858835,0
True,3.98548099727036,0
True,2.19830161732463,0
True,1.13400193482862,0
True,1.54656946912731,0
True,1.21741442833151,0
True,2.79389825312742,0
True,0.680682748699978,0
True,2.95551310091965,0
True,1.86581219797517,0
True,2.61538160367314,0
True,3.27559989965376,0
True,1.05542926832776,0
True,1.81147055731751,0
True,1.76055978150606,0
True,1.56758585597521,0
True,1.7637361295349,0
True,2.42438864331341,0
True,3.02554331426774,0
True,0.771691821124319,0
True,1.86729039822367,0
True,2.38971388626064,0
True,2.4473961875361,0
True,2.66952105747115,0
True,2.58291025214979,0
True,1.68397098531448,0
True,2.05855600646667,0
True,1.63994510671906,0
True,3.28346037024408,0
True,2.93797329237285,0
True,1.7840095607856,0
True,0.838479057160287,0
True,0.685553738291081,0
True,2.62649030406194,0
True,2.22135025469979,0
True,1.76058565264198,0
True,2.41804215547816,0
True,1.46432459210673,0
True,2.21403859303057,0
True,1.19619596011746,0
True,3.361386827917,0
True,1.36749262312426,0
True,0.969141587667491,0
True,2.33856929529089,0
True,1.84908571514747,0
True,0.725470866320324,0
True,2.50456351114643,0
True,2.06850992789966,0
True,0.86607580300951,0
True,0.972054963405527,0
True,1.25430990676355,0
True,2.8328995596094,0
False,2.63440519981418,0.00128132622179489
True,2.85393154245003,0
True,1.67752072014586,0
True,1.96056625106465,0
True,0.657993517556179,0
True,2.46793374258893,0
True,3.96693282398341,0
True,0.905535676659068,0
True,2.27782355971808,0
True,2.18757220722889,0
True,0.995065622777727,0
True,3.02209454352206,0
True,0.936340752816176,0
True,1.65223630152049,0
True,1.79218253365908,0
True,1.3767339369648,0
True,1.51448314523859,0
True,2.00722390853777,0
True,2.31313715305994,0
True,1.8948521401123,0
True,1.66202988340295,0
True,3.34483298940408,0
True,2.24197214078673,0
True,3.18382336870168,0
True,1.84777451323219,0
True,1.6934725626237,0
True,1.96193759966638,0
True,0.844248354333909,0
True,1.29421591512682,0
True,2.91198173706359,0
True,2.60383060996889,0
True,0.883525198051273,0
True,2.35183510603352,0
True,3.1489193036494,0
True,1.87975996130275,0
True,1.02004578411352,0
True,1.86940504650191,0
True,2.52683644353794,0
True,2.72877892049803,0
True,2.36089605794199,0
True,2.70500213026066,0
True,2.2211954866095,0
True,3.52768651257751,0
True,4.39192023010164,0
True,2.33108600015992,0
True,1.86662467753907,0
True,1.2619214096314,0
True,1.65986554855533,0
True,1.79558383638138,0
True,0.961889190904245,0
True,1.99163339414768,0
True,1.13537385793578,0
True,1.46608965839028,0
True,2.28336885560764,0
True,1.65520838899236,0
True,3.22770866330531,0
True,2.95783114079312,0
True,3.27642082275296,0
True,2.15134401375975,0
True,1.38640605003534,0
True,2.30492692332414,0
False,1.85787992606638,0.00127148180035848
True,1.04632990907842,0
True,3.14214645230946,0
True,0.799987322753223,0
True,1.61050057874759,0
True,1.34605919427359,0
True,0.952856135980311,0
True,3.07194891578396,0
True,1.36005348014243,0
True,1.41015765283311,0
True,1.56934028278615,0
True,1.72516925213957,0
True,2.3110240369504,0
True,1.38560964547004,0
True,2.82249561982626,0
True,4.13048162942371,0
True,2.12501233494882,0
True,3.39834969920041,0
True,2.19354713734622,0
True,2.19281807396748,0
True,2.89293524032375,0
True,1.76905138220965,0
True,1.2738201366457,0
True,1.89445840787337,0
True,2.05326818068253,0
True,2.63991719566445,0
True,1.36841510560104,0
True,1.55361379535549,0
True,2.05716483122774,0
True,3.91849231150662,0
True,2.04392814341792,0
True,2.05650149099489,0
True,2.30547072013254,0
False,2.56841895571166,0.000327372806965655
True,1.10943654106499,0
True,1.6146985238188,0
True,2.80264043356093,0
True,1.01762474727967,0
True,2.93054748106307,0
True,2.09031796246752,0
True,2.38023713569149,0
True,1.44692987810471,0
True,1.42773083230057,0
True,1.17588211212433,0
True,0.907862229324669,0
True,1.75356795991509,0
True,2.60087316621897,0
True,1.63349224675989,0
True,1.86674062961624,0
True,2.43336148830891,0
True,2.06458795153866,0
True,2.50521394381371,0
True,2.79668901570391,0
True,2.59891814860303,0
True,1.62064832951682,0
True,3.25435375425729,0
True,1.99199679971899,0
True,0.98709523260016,0
True,0.860750661212857,0
True,1.9585021052977,0
True,2.88827539700804,0
True,2.05850977141121,0
True,1.76916805058156,0
True,2.03601640468891,0
True,0.906043913391653,0
True,0.808015552222918,0
True,1.17035318320806,0
True,1.27660369210921,0
True,1.10909612216501,0
True,1.30377558943351,0
False,2.45663725158557,0.000421096895906239
True,3.12859134740597,0
True,1.09628716908517,0
True,1.4123977436244,0
True,1.1290875870535,0
True,1.00504134070245,0
True,1.70939901653917,0
True,0.575044407758015,0
True,2.27754967956834,0
True,1.40950973327592,0
False,1.28943386482148,0.000108354971368537
True,2.57237451319982,0
True,3.71418830383969,0
True,3.19503572402473,0
True,1.44945430490947,0
True,1.44788534943978,0
True,1.85667355376595,0
True,3.60804786692954,0
True,3.61115907669738,0
True,1.50499680885284,0
True,1.51043958369601,0
True,2.34564293949917,0
True,3.29536628682355,0
True,1.71090787156804,0
True,2.85309113431186,0
True,3.4031893706236,0
True,1.9997662733057,0
True,1.69267492799433,0
True,0.920283164326391,0
True,0.832323802634101,0
True,1.2224553167177,0
True,3.97792145012133,0
True,4.0708193851284,0
True,1.28927937505671,0
True,2.28405309967454,0
True,1.1430511677183,0
True,1.83049800857253,0
True,2.20009258075573,0
True,2.58314830994553,0
True,1.98159952752381,0
True,1.09300050578479,0
True,3.65271551823753,0
True,0.969871621991785,0
True,1.90724631116513,0
True,2.78849306563698,0
True,1.99763645141613,0
True,1.38642260496411,0
True,1.51707322518563,0
True,1.77249307169754,0
True,1.72910422184561,0
True,2.0444379356907,0
True,1.48923101892897,0
True,1.15383821078506,0
True,1.53740319456051,0
True,1.3772343973922,0
True,1.54345682555167,0
True,2.41385508488098,0
True,1.33974106983141,0
True,1.41947785368289,0
True,1.11457650666969,0
True,1.44278670935543,0
True,2.0267093826646,0
True,1.28612633978315,0
True,1.76572098909592,0
True,2.28990259064657,0
True,1.51848274841884,0
True,2.6747514198707,0
True,2.40662839808715,0
True,2.24144432730544,0
True,1.88272912789353,0
True,2.37714855686651,0
True,1.84481584663376,0
True,2.37138360229317,0
True,3.02307307138908,0
True,1.6749750226151,0
True,1.69220939253343,0
True,2.23305295670287,0
True,3.5325265424077,0
True,1.65906030214042,0
True,1.5352496521714,0
True,1.6316504766432,0
True,1.21211654798333,0
True,2.71046050561584,0
True,2.48516302085453,0
True,0.859214593565132,0
True,1.1537016287754,0
True,3.65916501071917,0
True,2.05954408916356,0
True,2.20587456574855,0
True,1.11148578895512,0
True,1.2210599009143,0
True,1.57866302390745,0
True,2.82472126653843,0
True,2.40348218433822,0
True,3.47297858012584,0
True,2.25031735873568,0
True,2.77945810144088,0
True,1.94354937722959,0
True,1.69076117273704,0
True,1.24250750619236,0
True,1.8602860394167,0
True,2.08079977789022,0
True,2.72799398174716,0
True,1.22003653925151,0
True,2.17639014142809,0
True,4.01761162066578,0
True,1.67708988717125,0
True,1.24366930102799,0
False,3.35918210142294,0.000119847252939736
True,1.22123934799173,0
True,0.883360734305747,0
True,1.48909372143244,0
True,1.65365737006702,0
False,2.20204564899944,0.000242000820286641
True,2.03654512603626,0
True,2.07703025537247,0
True,2.21641815314114,0
True,1.11133784689352,0
True,2.63582192364278,0
True,1.78097379391137,0
True,2.57018274662079,0
True,1.96382949606767,0
True,1.3125730159218,0
True,1.84368527518057,0
True,2.3740640172722,0
True,3.98664119053521,0
True,0.937695354504707,0
True,1.05074835401622,0
True,2.62980047907842,0
True,1.84641861901408,0
True,2.90070659742817,0
True,2.56926467854222,0
False,2.82572413773871,8.09845518820886E-05
True,2.14412409749054,0
False,2.12376578438652,0.000120194853405791
True,1.38124829084022,0
True,1.03374528834395,0
True,2.02761942816412,0
True,1.6314787924042,0
True,3.44779366837738,0
True,2.22068456088304,0
True,0.807084627884791,0
True,2.15290078142009,0
True,1.80266170419249,0
True,2.56989527265025,0
True,2.22575427311553,0
True,1.82683293731831,0
True,2.58526113827737,0
True,1.27400072273962,0
True,2.91917311693809,0
False,2.16768279234731,8.99400276203452E-05
True,1.79813715176825,0
True,3.58536078033365,0
True,1.60335979285392,0
True,4.0066679056928,0
True,1.89016733168243,0
True,3.4786814402135,0
True,1.8842657569913,0
True,0.978979883278271,0
True,0.939737352359607,0
True,1.1515792143409,0
True,3.22991704453483,0
True,1.98635854159726,0
True,2.05006284509557,0
True,2.5180911102697,0
True,1.93189073962913,0
True,0.874689461802915,0
True,0.95947766254166,0
True,2.58751946005601,0
True,1.51093455884366,0
True,3.72329752796284,0
True,2.04547436309053,0
True,3.33811051704706,0
True,1.05122098098807,0
True,3.15737267938055,0
True,4.00029671675578,0
True,3.84346046453596,0
True,1.13070427922006,0
True,1.73321739884102,0
True,1.53345660920268,0
True,1.17677274534707,0
True,1.60422661933026,0
True,2.31388866830241,0
True,2.72434503973201,0
True,2.11170956613089,0
True,2.92384183319666,0
True,1.18202390229176,0
True,3.27689108129681,0
True,2.06625714892322,0
True,1.50835091960502,0
True,0.761083718469696,0
True,1.32267215291101,0
True,2.04271120410626,0
True,2.44912227483688,0
True,2.18525012124666,0
True,2.01104877603994,0
True,3.42032126480909,0
True,3.53654118027552,0
True,4.01792716277535,0
True,0.985392059316929,0
True,1.15509826675866,0
True,1.78143753103791,0
True,0.952931795152137,0
True,1.12492714197231,0
True,2.65770585353844,0
True,1.03072443123352,0
True,1.07030979041655,0
True,2.17990574846694,0
True,2.35635651207386,0
True,1.33089562412869,0
True,2.07602539075392,0
True,1.03695296567644,0
True,1.33505037685893,0
True,3.37772362811738,0
True,2.08607887424867,0
True,1.83124519716378,0
True,1.69711148491751,0
True,1.84875091013454,0
True,1.85264189150754,0
True,0.912862128229572,0
True,1.96066132871447,0
True,3.84577763251309,0
True,1.53518126527624,0
True,1.0523979974991,0
True,2.12735136726015,0
True,1.69076603502442,0
True,1.80030675983901,0
True,4.28510485950703,0
True,2.6028445461385,0
True,2.91362574851237,0
True,1.03607965766488,0
True,1.56409036991718,0
True,3.44244947678783,0
True,1.47983619353369,0
True,0.878667412196151,0
True,1.20883774409857,0
False,1.73846522562605,9.83268291447998E-05
True,1.2247717565853,0
True,1.15049694386519,0
True,1.32934845068745,0
True,3.18061971469969,0
True,1.22194286000422,0
True,1.6276980108,0
True,1.49308815113303,0
True,2.04191966073456,0
True,3.506390528393,0
True,1.23163552228848,0
True,1.10402199443651,0
True,2.308368251097,0
True,1.49782060274326,0
True,1.37253204838469,0
True,1.60240850853924,0
True,2.19472308788074,0
True,1.5103169127935,0
True,1.91947262190526,0
True,1.36603129051011,0
True,0.796155330553389,0
True,0.92057254537699,0
True,1.17703106842625,0
True,1.67442231795248,0
True,4.18626452700401,0
True,2.88193241720056,0
False,2.11243737145252,0.00176424394154717
True,1.70332192169441,0
True,2.07542629160293,0
True,2.60918178242899,0
True,2.82391440761098,0
True,1.63085849047888,0
True,3.34862917272633,0
True,1.47112326983402,0
False,1.95497795766129,9.55030802382384E-05
True,2.22526162464368,0
True,0.89233341548132,0
True,1.55669606713355,0
True,1.72908663896282,0
True,4.37116818859653,0
True,2.11447839969403,0
True,2.0829950657063,0
True,2.08630230372745,0
True,1.78625271016101,0
True,1.74310599078684,0
True,1.2620197246926,0
True,2.0193091740654,0
True,1.57522492187183,0
True,1.48322462476469,0
True,2.91668833462947,0
True,2.69740349833725,0
True,2.57362910097465,0
True,2.06559125925519,0
True,2.4608770612229,0
True,1.68972748301307,0
True,0.693016964509374,0
True,2.48162248730701,0
True,3.44292685650958,0
True,3.98681113981161,0
True,2.65309280914768,0
True,2.45883582015451,0
True,1.31621770161776,0
True,1.61316831416203,0
True,1.60142100767801,0
True,1.59479454096921,0
True,1.7276948504208,0
True,1.89099985370948,0
True,1.26486800658289,0
True,1.97393420814393,0
True,1.29961061165341,0
True,2.93285855127294,0
True,3.15634504951044,0
True,0.960116682244962,0
True,3.41961317476726,0
True,3.29085355392804,0
True,1.10012980177079,0
True,1.43018507862565,0
True,1.39175255444059,0
True,1.43687007266288,0
True,2.87890343294533,0
True,2.14575390506781,0
True,3.09070107217511,0
True,2.08151799424538,0
True,2.61195881079281,0
True,2.4424709363906,0
True,3.06875931166735,0
True,1.6314259399788,0
True,2.38872887568572,0
True,1.81216289497283,0
True,0.965998386889935,0
True,1.62708032928882,0
True,0.776152683566149,0
True,1.37160314137167,0
True,0.483474289511972,0
True,2.84857619368798,0
True,2.77741289010941,0
True,2.66572496423731,0
True,1.5289599496026,0
True,1.42222945704171,0
True,1.38435895284351,0
True,2.2257992796637,0
True,1.95793297980815,0
True,2.68558183937094,0
True,1.37969150915215,0
True,1.42119800955304,0
False,2.30077758236299,7.95151755991387E-05
True,2.54776660469709,0
True,1.41838490618036,0
True,1.40737613023968,0
True,2.373959486418,0
True,1.69018736844839,0
True,0.843893800657126,0
True,0.857920655366206,0
True,1.13047605890095,0
True,1.54986601262382,0
True,2.07079253366043,0
True,2.35533707265657,0
True,2.73362438930277,0
True,2.98632790596602,0
True,0.640233263514735,0
True,3.13128002131626,0
True,1.08704160022802,0
True,2.58015605029862,0
True,1.99638722540767,0
True,1.71474436638432,0
True,2.05909380640422,0
True,2.81148374402197,0
True,1.13119660424898,0
True,2.77161981250548,0
True,1.63807137281123,0
True,1.45080067569701,0
True,2.91172619329737,0
True,1.63083110653866,0
True,2.0812670924206,0
True,1.71337772622796,0
True,1.17412488745098,0
True,2.04623456219915,0
True,0.988248958774026,0
True,0.67889279325233,0
True,1.73813346455358,0
True,0.724447808604326,0
True,1.52210246834937,0
True,1.58520058530016,0
True,1.27211605690697,0
True,1.07427604252231,0
True,1.30267902568201,0
True,1.9635062328979,0
True,1.98086422346657,0
True,1.24757682334456,0
True,1.31440827214926,0
True,2.29355363769321,0
True,2.2602239032273,0
True,1.42661850059675,0
True,3.32714092108812,0
True,1.3985206953995,0
True,1.84258506924402,0
True,1.05002559531859,0
True,1.76956884822012,0
True,2.73155599433956,0
True,3.06726041233421,0
True,2.94208118687125,0
True,2.57242826115797,0
True,1.92140526236527,0
True,1.43862932459688,0
True,3.3431236660128,0
True,3.27979168313033,0
True,2.6583293162352,0
True,1.32343779288181,0
True,1.42778992456311,0
True,3.05976939593065,0
True,2.61145211699085,0
True,1.72932373593027,0
True,1.82609314666339,0
True,2.46213382452503,0
True,1.11992657472166,0
True,1.99976878043607,0
True,2.51424581887419,0
True,1.52069124191469,0
True,1.09245245228983,0
True,2.12176822983399,0
True,2.30120828898005,0
True,2.37606487391791,0
True,3.26535620894409,0
True,2.54267253898408,0
True,2.15509104266968,0
True,0.876361229733525,0
True,1.49404070994823,0
True,1.09063491742452,0
True,0.823347430783656,0
True,1.58062530903575,0
True,2.47077379350207,0
True,1.66604393478472,0
True,2.63830488045029,0
True,2.36634756740344,0
True,4.29945186251268,0
True,1.52775549394405,0
True,1.16412024588851,0
True,2.0796832181469,0
True,2.99844970984882,0
True,3.3689886621921,0
True,1.91756331492721,0
True,1.77634871982525,0
True,1.30018481959217,0
True,1.38157763889092,0
True,1.79149265390699,0
True,1.70760357319087,0
True,1.36671671434439,0
True,1.27778746854688,0
True,1.47447360557098,0
True,2.22522037753368,0
True,2.15157956917714,0
True,0.896960461791726,0
True,1.65617636575088,0
True,1.85540217602822,0
True,3.8945876133559,0
True,2.23577312539827,0
True,1.83757652703957,0
True,0.972891733912062,0
True,1.80314967778308,0
True,2.03588518846024,0
True,1.47193950163631,0
True,1.11256348203355,0
True,1.78934209312697,0
True,1.38322274521847,0
True,1.61868421048492,0
True,1.5280828648677,0
True,2.08480636307028,0
True,0.971910963631306,0
True,1.71122780913752,0
True,3.63636218370327,0
True,0.507742398704552,0
True,2.04399064922382,0
True,1.46037854459312,0
True,3.17197418985008,0
True,1.60300318777298,0
True,0.744217737009774,0
True,0.724036809870992,0
True,2.06301413967603,0
True,1.99811696239669,0
True,1.0106961229284,0
True,1.47392095771178,0
True,1.34149566341538,0
True,0.586081003002123,0
True,2.00088536489768,0
True,2.08942997477839,0
True,1.95954345700276,0
True,2.57976128567763,0
True,2.7213560522546,0
True,1.7385052602554,0
True,2.40941914015511,0
True,3.19272926582452,0
True,1.26390771314845,0
True,1.33842937513514,0
True,0.748063444541901,0
True,1.58214396122994,0
True,2.36267140628879,0
True,3.37056479571143,0
True,1.85538265301354,0
True,1.33551811162092,0
True,1.5854118695656,0
True,1.84135831583571,0
True,4.15849790819259,0
True,2.11214738418186,0
True,2.70508615586906,0
True,2.4157923797854,0
True,1.20736600652209,0
True,0.990894551315104,0
True,1.64381440116751,0
True,0.789942764935631,0
True,2.4873978337895,0
True,1.26211044492782,0
True,1.18540043224277,0
True,1.72765306053458,0
True,2.37515312262777,0
True,1.55892135279462,0
True,1.60477599574113,0
True,1.82001439832157,0
True,2.51213717371223,0
True,1.28654207689092,0
True,3.40893497551206,0
True,1.63760044146481,0
True,3.20793213091848,0
True,2.42885963356722,0
True,0.638916386030829,0
True,1.08496383443541,0
True,1.08168992797675,0
True,1.13397242950735,0
True,1.18465496897792,0
True,1.21862997040738,0
True,1.45516455405446,0
True,1.98950926497981,0
True,1.57730503652543,0
True,0.924912948157256,0
True,3.93115899899262,0
True,1.23107675311394,0
True,0.861133378168842,0
True,0.919162605984787,0
True,2.00331814881686,0
True,0.778213672756198,0
True,1.39637132062262,0
True,0.97994788373407,0
True,2.58787824374685,0
False,2.92727906650025,7.41894938360064E-05
True,3.80253189724879,0
True,2.40405959005682,0
True,2.40412656132596,0
True,2.88068120727744,0
True,3.53587623275538,0
True,1.36187072921584,0
True,1.07253806675668,0
True,2.51530297192669,0
True,1.63262479179957,0
True,2.82926553023657,0
True,2.63134617044718,0
True,2.48437776430166,0
True,0.980185715823067,0
True,2.86640917143156,0
True,3.53171999148669,0
True,2.29646464957685,0
True,1.71795286845724,0
True,0.647848501289345,0
True,3.88190906946686,0
True,2.46658220984403,0
True,1.31426863175833,0
True,3.43842262561678,0
True,2.00117498480429,0
True,2.15142215240928,0
True,1.68575227212613,0
True,1.5909055219688,0
True,1.59114418563886,0
True,0.960258672923898,0
True,1.36697120394059,0
True,1.20372602201518,0
True,2.79151510713259,0
True,4.25633137165558,0
True,1.53130425651551,0
True,1.59478486133016,0
True,4.075411378979,0
True,2.5576164344449,0
True,1.53576624705577,0
True,1.83901015982649,0
True,1.29928514484283,0
True,1.2273409190155,0
True,1.11525124934602,0
True,1.98325346829154,0
True,1.6432534556932,0
True,1.09197310631047,0
True,1.20813898769904,0
True,2.5724498216,0
True,3.36009561099159,0
True,2.2087650427302,0
True,2.45821633117413,0
True,1.26408854457661,0
True,1.39585680322591,0
True,2.91057293761842,0
True,1.98233535187608,0
True,2.00007437908911,0
True,2.93740377181,0
True,3.70486287969493,0
True,2.3286180621608,0
True,1.62679062723199,0
True,2.97307936315713,0
True,2.42892600572773,0
True,2.01899095634593,0
True,2.51363244862055,0
True,2.38244674347545,0
True,0.71657841684677,0
True,0.584854767449466,0
True,2.2682230907276,0
True,0.857919179962389,0
True,1.38498881289424,0
True,1.1112773662193,0
True,1.60262935045044,0
True,3.00458563719334,0
True,1.95390384765419,0
True,1.24523155449232,0
True,1.41648857775173,0
True,1.10891042451199,0
True,3.62245116632789,0
True,2.19996747235332,0
True,1.12249831432419,0
True,3.88911639116967,0
True,2.10195362185444,0
True,1.30078346311763,0
True,1.68201811596993,0
True,1.13482930271233,0
True,2.67609629597521,0
True,4.00566514546309,0
True,1.43876557439377,0
True,2.70043683222273,0
True,3.4461583766322,0
True,2.36325305021243,0
True,2.23184213668762,0
True,1.40844278967526,0
True,2.53033013614029,0
True,1.29225630738618,0
True,1.12310113717781,0
True,1.64058894002348,0
True,3.56210639177682,0
True,2.80316362612713,0
True,1.65881950206854,0
True,2.89337036803936,0
True,3.12397627931508,0
True,4.08201993343296,0
True,3.45145626004281,0
True,3.3334752224422,0
True,2.03545616575115,0
True,1.19419725884074,0
True,1.24527897328121,0
True,2.32968276042413,0
True,1.52910987928242,0
True,1.81783653527602,0
True,0.961324705791737,0
True,2.07313270254092,0
True,3.11266705685313,0
True,2.6038727833227,0
True,1.33621438936966,0
True,1.96959310904768,0
True,1.64133435870216,0
True,1.50416951619153,0
True,1.94017444903432,0
True,1.59351263550535,0
True,2.73098467008917,0
True,2.49774750983943,0
True,1.02052424430804,0
True,1.47843747434795,0
True,1.31229512713902,0
True,1.64356243658163,0
True,1.16534981149743,0
True,3.03428565524777,0
True,1.94675543519771,0
True,2.16033866747082,0
True,1.39626862779101,0
True,1.77123326942464,0
True,0.903599648664677,0
True,1.23535245511432,0
True,1.56237986676932,0
True,1.60379212196246,0
True,2.4775656327596,0
True,2.6011360641293,0
True,3.53750532754492,0
True,3.67389172281871,0
True,0.845970869803281,0
True,1.32891603876025,0
True,1.06998268691052,0
True,3.01466382689997,0
True,1.30927313517644,0
True,2.21105941441184,0
True,2.98600579482962,0
True,1.78487517906193,0
True,1.65390796484904,0
True,1.44157761090012,0
True,1.10666503533352,0
True,2.01860312984437,0
True,1.24321564933511,0
True,3.28936136732554,0
True,1.98228703979861,0
True,1.28977473383979,0
True,2.4508772282046,0
True,0.920722260044503,0
True,0.877724192261424,0
True,1.68812048843272,0
True,1.57847463981061,0
True,1.82576343646807,0
True,3.75915474414533,0
True,2.51935564665337,0
True,2.30343670031405,0
True,1.87896609829017,0
True,1.93776054141724,0
True,0.862704576104018,0
True,1.32185835136084,0
True,1.8108009354216,0
True,2.08955834199179,0
True,2.0741513484242,0
True,1.99330939840448,0
True,1.51609062634919,0
True,0.665045012027485,0
True,1.58098078708198,0
True,2.61311454305635,0
True,2.0464999689094,0
True,1.78763067289613,0
True,1.91529025379208,0
True,4.26185211839923,0
True,2.72981620582099,0
True,1.71039717031612,0
True,1.38165559231505,0
True,2.46308655423703,0
True,1.77792111919283,0
True,2.24571611186926,0
True,2.5067652681943,0
True,1.10918336431227,0
True,1.47201782630923,0
True,1.89052602513596,0
True,1.85680131580028,0
True,2.67446450337186,0
True,3.13002794981106,0
True,2.35785517229454,0
True,1.63648109896343,0
True,2.5753400467038,0
True,2.59277303547029,0
True,2.48646646277452,0
True,1.13192962459683,0
True,2.80698680479035,0
True,3.67117601604914,0
True,2.39674445984865,0
True,2.17949268671309,0
True,2.21774113912266,0
True,1.0588092423435,0
True,1.53790792462295,0
True,3.36200892494962,0
True,4.340620506298,0
True,1.98781345195795,0
True,1.8944545619463,0
True,2.03368338526233,0
True,1.98264632996094,0
True,2.30477291852937,0
True,3.45664565166324,0
True,2.05992392814125,0
True,1.03153350764196,0
True,1.40958335024704,0
True,2.82931582659079,0
True,2.67231892106067,0
True,2.15164705610196,0
True,1.77941232530027,0
True,2.60210633495539,0
True,2.51437912908644,0
True,2.35710853477919,0
True,2.20601782625447,0
True,2.58865107323513,0
True,3.20915449056738,0
True,1.4721902164812,0
True,1.68624946258248,0
True,1.71778898354228,0
True,1.30790443110413,0
True,2.88181232804126,0
True,0.387711686521007,0
True,1.54683138000662,0
True,2.36509656785516,0
True,2.09018799527254,0
True,3.11120137689773,0
True,1.37006958446515,0
True,1.03260362721158,0
True,2.12649393086065,0
True,1.10178700332443,0
True,1.67544182012485,0
True,1.34657075943024,0
True,2.02193727269037,0
True,2.00569387060506,0
True,1.93191340956096,0
True,2.13942087562532,0
True,2.45850365732339,0
True,2.69297807630663,0
True,1.33732324596798,0
True,2.77157926107768,0
True,2.60959035489359,0
True,2.10600019952889,0
True,0.664907727145967,0
True,3.10916438103373,0
True,1.62847088481581,0
True,2.22440701901701,0
True,1.57205805707269,0
True,2.37700755017598,0
True,2.46500262360844,0
True,2.01275501707869,0
True,2.16400092440144,0
True,2.10609638453575,0
True,1.26189809036552,0
True,1.5958867399163,0
True,2.63925091478349,0
True,1.64827815308877,0
True,2.21116147367105,0
True,2.44350158594873,0
True,3.10140490995818,0
True,1.73596176493936,0
True,0.573310562908562,0
True,0.649598755834777,0
True,1.51133743185145,0
True,1.26615167206273,0
True,2.36183075489517,0
True,1.89770007561184,0
True,2.55801510634959,0
True,2.52579392889191,0
True,1.9032416210211,0
True,3.90251822829171,0
True,1.32274431433583,0
True,0.882729453899045,0
True,4.03321685006462,0
True,1.65962047956936,0
True,2.40395688711762,0
True,1.18262837066786,0
False,1.63406591081341,0.000524096880619898
True,3.69698117971576,0
True,3.23449070285753,0
True,2.35447897687528,0
True,2.16544289415501,0
True,1.572558134941,0
True,1.89238044914229,0
True,1.4993316952108,0
True,0.547559679008753,0
True,1.28808542525482,0
True,0.86319152396143,0
True,3.58959419454163,0
True,3.1756653296286,0
True,1.76286129367836,0
False,1.88296504230854,0.000316708076379861
True,1.24051400803761,0
True,3.11880211613308,0
True,3.11887903625087,0
True,2.18309946577825,0
True,1.22054396340352,0
True,1.66049827253477,0
True,1.5630163313546,0
True,1.31723876757772,0
True,1.35961457753954,0
True,0.802787935953632,0
True,1.21262782412575,0
True,2.49835557315217,0
True,1.3849622867492,0
True,1.40554119825932,0
True,2.01236959768161,0
True,2.15039132610488,0
True,1.5397051506249,0
True,0.593038844385297,0
True,3.62473304338261,0
True,1.88235950963048,0
True,1.64648280770108,0
True,1.44618243084332,0
True,3.02272131361652,0
True,0.970367846627539,0
True,0.88596530898612,0
True,1.40225679370408,0
True,2.56464240866393,0
True,1.66777821122238,0
True,3.044506636878,0
True,0.818626305337889,0
True,2.7773575113176,0
True,2.13115011793043,0
True,0.86063935438859,0
True,3.16439227006756,0
False,3.80277688161813,0.000198255541051713
True,1.1485309745222,0
True,3.53746114434354,0
True,0.972379494668216,0
True,1.1385295550832,0
True,1.19291205094448,0
True,1.12517960288151,0
True,1.28407762445516,0
True,0.972557681762432,0
True,2.8283769141645,0
True,1.15787145643202,0
True,1.25250195510443,0
True,2.54712187784399,0
True,2.03344288421187,0
True,1.42846058362934,0
True,2.49236688224939,0
True,1.08288714121954,0
True,1.63999268730582,0
True,2.56221987176571,0
True,1.74685293866039,0
True,1.84463463320668,0
True,2.26609639553893,0
True,2.00197498965553,0
True,2.0081418171401,0
True,1.07765072349256,0
True,0.992819329680477,0
True,3.08406705802833,0
True,1.86400374994692,0
True,2.78441507039565,0
True,2.63549331428061,0
True,2.34009223219645,0
True,1.82001141100413,0
True,2.917219352526,0
True,1.0855383898552,0
True,2.91431867275751,0
True,1.14168598357105,0
True,2.34362766946626,0
True,1.48822828585046,0
True,2.53184089858404,0
True,2.09831082186773,0
True,2.03240828269927,0
True,1.25868476241232,0
True,2.20022205823072,0
True,1.79589987599768,0
True,2.46449675684145,0
True,1.67401630617404,0
True,3.03123864288018,0
True,1.86895148512921,0
True,0.867371085499973,0
True,3.12172008109271,0
True,0.746255966451321,0
True,1.2413409399168,0
True,2.27199617072232,0
True,2.70696021374441,0
True,1.45216355683026,0
True,1.35573147607266,0
True,1.33556159408146,0
True,3.00219254786846,0
True,2.04092210297017,0
True,2.52224469742482,0
False,3.78434863831353,9.46519965768443E-05
True,2.57698573885199,0
True,2.50012461787862,0
True,1.96305413530771,0
True,2.69809754825614,0
True,3.86179950021516,0
True,2.30316891061378,0
True,1.59067830318511,0
True,1.20515659237401,0
False,1.15881589024484,0.000810960042990338
True,1.85408151185756,0
True,1.31359381205684,0
True,1.35420071466501,0
True,1.06500151900929,0
True,2.56437590958932,0
True,2.92951736350514,0
True,2.91353180791572,0
True,3.00695048059856,0
True,1.63790059807078,0
True,1.63217716958017,0
True,1.84596438391089,0
True,2.59709022772654,0
True,2.58839581251992,0
True,1.63962382069382,0
True,1.89716183313861,0
True,2.48239477216579,0
True,3.53844913834888,0
True,2.79260741865324,0
True,2.06302609120511,0
True,1.66375480510456,0
True,1.0413510289636,0
True,0.728371335198127,0
True,1.59644242907508,0
True,1.39484235846768,0
True,3.41390817006334,0
True,3.33708971080242,0
True,0.997851568851743,0
True,1.80941098128672,0
True,2.06821557602572,0
True,1.62075873581278,0
True,1.67370568147974,0
True,1.16465414834141,0
True,1.45037662805228,0
True,0.829207725110974,0
True,1.9331549686593,0
True,2.53319986223651,0
True,1.63758129458495,0
True,0.931035409401929,0
True,2.84360071620999,0
True,1.79510506995566,0
True,2.42745055237998,0
True,2.06963685805715,0
True,2.07541383119882,0
True,1.81500734358144,0
True,3.18076606434891,0
True,2.36515055851463,0
True,1.41121970052907,0
True,0.618337350733365,0
True,2.28818037563354,0
True,1.39191186743864,0
True,1.10104261360942,0
True,1.52684901107866,0
True,1.51210589290892,0
True,0.980885199473674,0
True,1.95525882185318,0
True,1.97118340695999,0
True,2.00613511481458,0
True,0.860745934808622,0
True,1.89371262262977,0
True,1.6697286950767,0
True,1.84027521086612,0
True,1.90073712583751,0
True,3.18927886238736,0
True,2.30800711022338,0
True,3.04054196110182,0
True,1.00321498150945,0
True,3.39081303825684,0
True,1.48771467211212,0
True,0.942350071613117,0
True,1.63721080146383,0
True,1.92112997177673,0
True,2.57834417107543,0
True,2.68666531186475,0
False,1.71104800029678,0.000406651136307232
True,1.54206617719335,0
True,1.74085791817723,0
True,1.25114754442513,0
True,1.60402404049971,0
True,1.9294360187271,0
True,2.67177733008078,0
True,1.28354918318741,0
True,1.53432977248516,0
True,2.20426366761212,0
True,1.64627301771091,0
True,2.11611930723229,0
True,2.48254707208906,0
True,0.860008645346918,0
True,2.28231518639387,0
True,2.32415511348754,0
True,2.35300925241063,0
True,2.1265824817823,0
True,1.82511564799969,0
True,1.4574445040613,0
True,1.19111077116855,0
True,2.27904623785884,0
True,1.00362235057013,0
True,1.16885254018477,0
True,2.62752535497199,0
True,0.900522632601914,0
True,0.980838190538109,0
True,3.27744155931349,0
True,2.90547676209529,0
True,1.40921114205407,0
True,2.46381623267075,0
True,2.80161539530322,0
True,3.57245139699011,0
True,2.90558430538945,0
True,2.19007325404364,0
True,2.03150475478314,0
True,1.59329188850032,0
True,1.52928127892774,0
True,1.38919725073714,0
True,2.66606010424972,0
True,3.22069802711327,0
True,1.28293282194128,0
True,1.12220785297898,0
True,3.65724170062388,0
True,1.80848275474987,0
True,1.85099506055898,0
True,2.03104788808623,0
True,2.92398019318036,0
True,1.44024968506773,0
True,2.39117362668888,0
True,2.63872702622479,0
True,3.58310356630072,0
True,1.03826700815922,0
True,3.33266028635857,0
True,1.78536194398222,0
True,1.66621727776335,0
True,3.28228093716457,0
True,3.48090508024474,0
True,1.26642661771871,0
True,1.42907211152364,0
True,1.23852112096549,0
False,2.52851308639525,0.000596093914736732
True,1.26409561789404,0
True,0.827933123622914,0
True,1.4130375953137,0
True,2.87331632117384,0
True,2.07382355867207,0
True,2.67448366029601,0
True,3.69956337443939,0
True,2.32767903777225,0
True,1.16014412598128,0
True,1.56545966074753,0
True,2.53873530021788,0
True,4.5725097859136,0
True,2.34559899232571,0
True,1.91183372452001,0
True,1.54109070754349,0
True,1.14956018310585,0
True,1.41694626353432,0
True,1.20600815939965,0
True,1.52040269590128,0
True,1.82774051439436,0
True,2.12783073525033,0
True,3.71181835341114,0
True,1.22991472109321,0
True,2.51272123523385,0
True,1.04603674813704,0
True,1.55674597263458,0
True,1.72988787560495,0
True,1.81473732962943,0
True,1.46436463613897,0
True,1.68718851335824,0
True,1.64664732442619,0
True,2.32793739978222,0
True,1.8113426765732,0
True,1.55786493442397,0
True,0.940170961031267,0
True,0.839672997939331,0
True,0.716683475152698,0
True,1.91436686316824,0
True,1.35954368520571,0
True,3.65305480428049,0
True,1.12375448690481,0
True,2.41588956669303,0
True,1.22409032928437,0
True,2.65040224471075,0
True,2.88998059078904,0
True,1.10871946881906,0
True,2.61062571500367,0
True,3.28685989871896,0
True,2.4047099964757,0
True,1.89261370233694,0
True,1.80443490425037,0
True,4.19264543419314,0
True,0.849613690345649,0
True,2.86824307329518,0
True,1.23517205967718,0
True,0.775831147230366,0
True,1.26770668276959,0
True,2.57404354935353,0
True,2.16605902004694,0
True,0.99854210413861,0
True,3.0223184470199,0
True,4.09558186337306,0
True,1.19166794078667,0
True,0.996413231542954,0
True,2.24730554898124,0
True,2.86146075448519,0
True,1.60098672650082,0
True,1.05490555127861,0
True,2.12628780979046,0
True,2.67881709156069,0
True,2.66766660957927,0
True,1.15102246251899,0
True,1.9304287691713,0
True,2.27923357184218,0
True,0.509895888081211,0
True,1.85560960975167,0
True,1.19181245926342,0
True,1.77143257445951,0
True,1.4187897610182,0
False,2.01182411039827,9.70651839756256E-05
True,1.46144327852385,0
True,2.03617515011555,0
True,1.48934572082452,0
True,2.41682450451751,0
True,1.92821801701595,0
True,0.928788984377867,0
True,1.83470705229273,0
True,0.893714392104856,0
True,2.48732859733182,0
True,1.05305775801127,0
True,2.18131709756853,0
True,1.66750894275187,0
True,3.89294227679659,0
True,1.8965658927084,0
True,2.71586931324827,0
True,1.70126073882203,0
False,1.85477354650731,8.64685567790645E-05
True,1.48288709210571,0
True,3.90999954524328,0
True,2.19262489939319,0
True,1.49860998746758,0
True,2.25688066183192,0
True,1.20733829717978,0
True,1.5262140983201,0
True,1.01634218310316,0
True,2.00616761953217,0
True,0.888064932088206,0
True,1.5200853722666,0
True,2.22898842104984,0
True,1.26066736723991,0
True,1.99284906564019,0
True,1.91096167024822,0
True,1.87210724444593,0
True,2.39198460092374,0
True,1.22420012555376,0
True,2.74502711448734,0
True,1.86394645719571,0
True,0.874950448037623,0
True,3.3724088056188,0
True,2.05517491510299,0
True,1.37676684705777,0
True,2.66333344483752,0
True,0.951845356678608,0
True,3.66447131728688,0
True,1.85730249242302,0
True,1.68410499738815,0
True,3.57724626949648,0
True,2.19563246412646,0
True,1.53298907385709,0
True,1.81233356285118,0
True,2.15374262548321,0
True,1.1527746140424,0
True,2.22011317520508,0
True,1.04499171641688,0
True,1.30284084881452,0
True,1.62966980606382,0
True,1.61494406637749,0
True,1.14149772100095,0
True,1.2328120580628,0
True,0.754875619595873,0
True,0.539375128435905,0
True,1.76909815837526,0
True,3.1377175219834,0
True,1.97137240296535,0
True,2.26580607546847,0
True,2.59998090869372,0
True,4.12038492289605,0
True,3.04963440659687,0
True,1.34341065211271,0
True,2.34177842804054,0
True,1.96419819671052,0
True,1.29808800317194,0
True,2.14243063159995,0
True,1.85669007063821,0
True,1.09844696002894,0
True,4.06302426820884,0
True,2.62296989709559,0
True,2.66015846193473,0
True,1.45350603375352,0
True,3.39796878323051,0
True,2.67542726273921,0
True,1.67738463321318,0
True,1.3239586682457,0
True,1.17163330265815,0
True,1.78252053636658,0
True,1.05077364300514,0
True,3.6719948172525,0
True,0.757408989063152,0
True,1.30439902590192,0
True,1.55259463750833,0
True,2.39981124987419,0
True,1.74340849799538,0
True,1.94774652845227,0
True,1.27216086636706,0
True,2.74924977756495,0
True,1.65474195877942,0
True,2.46396279829824,0
True,2.19963913850218,0
True,1.99820371916072,0
True,2.43113313555589,0
True,2.03539726745457,0
True,1.90819742452212,0
True,1.51439110136343,0
True,1.36337169479872,0
True,2.50308413812215,0
True,1.98415134622693,0
True,1.73029062510381,0
True,1.81173472028022,0
True,1.72603280559125,0
True,1.4077269317752,0
True,2.4810672824902,0
True,1.49754098005917,0
False,1.79685942641939,0.000157422876342899
True,2.53472377471375,0
True,1.27625201268571,0
True,1.85084764083109,0
True,1.71638909843028,0
True,1.79998772082424,0
True,1.39439074509751,0
True,1.43608332958695,0
True,1.7703061422292,0
True,2.34461806614189,0
True,2.2685090099475,0
True,1.74630966765184,0
True,2.04790626650275,0
True,1.46814224866478,0
True,1.60153793426861,0
True,2.16711926869699,0
True,0.944359168284717,0
True,1.19462796271935,0
True,2.0469333154331,0
True,2.44806757218948,0
True,3.86261751774276,0
True,3.38879859133247,0
True,3.65253875128542,0
True,0.637964189754286,0
True,1.83342368277359,0
True,1.47938676935777,0
True,1.19423523919643,0
True,2.36105200684179,0
True,1.41187842132217,0
True,2.01461409698091,0
True,1.17848271468903,0
True,1.66695260337827,0
True,0.951778335397951,0
True,3.06673959224518,0
True,1.49095571638852,0
True,1.92092564713336,0
False,3.92532122850087,0.00057771788879398
True,4.09453381628353,0
True,0.999616967915721,0
True,3.39115085111638,0
True,2.18119918399678,0
True,2.3575063481561,0
True,2.73363056064386,0
True,0.998666099768721,0
True,2.72626940566645,0
True,3.28177270787587,0
True,2.29373071675446,0
True,3.39895151833695,0
True,1.50592548424603,0
True,1.31819797871818,0
True,1.31662167654426,0
True,1.03484678095002,0
True,1.98274999654457,0
True,1.06197259794403,0
True,0.951787635888322,0
True,1.38599938069217,0
True,1.00145520709569,0
True,1.64249016665727,0
True,2.395281325636,0
True,2.44844047669654,0
True,1.78071918403352,0
True,2.04909166409164,0
True,4.34879856302259,0
True,2.7515273166813,0
True,2.28630701982923,0
True,0.862823957496393,0
True,1.8963967510364,0
True,3.19915221838834,0
True,1.33389239257843,0
True,1.53671850464612,0
True,1.4589270849604,0
True,2.69618343197034,0
True,1.03201931794867,0
True,1.12208298918509,0
True,1.29795789613697,0
True,0.979832563265552,0
True,1.89714434396491,0
True,1.21164016386032,0
True,2.03297288826183,0
True,0.890414845958342,0
True,4.11213621197051,0
True,2.46645812847169,0
True,1.0351560712412,0
True,2.86951741113921,0
True,2.52274042385181,0
True,3.71314812540939,0
True,3.23097087426451,0
True,3.94633410442457,0
True,4.23115245249505,0
True,1.12255540909272,0
True,0.721977586278683,0
True,3.05408845611555,0
True,2.27330301289187,0
True,2.49252418096206,0
True,2.62285640720636,0
True,1.72650797525922,0
True,2.03283367586841,0
True,2.3471889387425,0
True,2.75721748966136,0
True,1.32885964154249,0
True,1.6700364575028,0
True,1.75040522196431,0
True,1.10652341720866,0
True,1.30438268045765,0
True,3.8150795356756,0
True,1.84246340542626,0
True,1.42952298360911,0
True,0.927358505363369,0
True,1.94465353114625,0
True,0.929987377904748,0
True,1.69096689434753,0
False,3.56289466491846,0.000258451074185066
True,2.70945758855946,0
True,1.10025544641134,0
True,0.894020193745011,0
True,1.61574516207986,0
False,2.88572983133593,0.000100815326843439
True,1.57249544770219,0
True,1.84428833770083,0
True,2.43854659633612,0
True,2.10105631176462,0
True,2.7068588450362,0
True,1.61291687592673,0
True,2.24502797883362,0
True,2.50904097047533,0
True,2.23880116058738,0
True,3.14746355216997,0
True,1.67582920180219,0
True,1.20943704788547,0
True,1.97847712571165,0
True,1.03762136776013,0
True,2.84476671102169,0
True,3.37608593580846,0
True,1.7480658087282,0
True,1.4662970339853,0
True,2.19800490356297,0
True,1.13501644669897,0
True,1.58836855046472,0
True,1.44430808741296,0
True,2.80378505525587,0
True,2.01913836099178,0
True,2.43236947578652,0
True,2.25063151971841,0
True,2.30085616503976,0
True,2.51745574034821,0
True,3.17141855483094,0
True,1.9415935575777,0
True,1.59555965895013,0
True,3.53268846302199,0
True,1.50307283937441,0
True,1.00865007312597,0
True,1.30676514828266,0
True,4.29984173897553,0
True,1.92846414418798,0
True,1.51220180590548,0
True,2.45590102982391,0
True,1.75284596081051,0
True,2.18064195617537,0
True,1.09703101524435,0
True,1.31917240289162,0
True,0.670708015690915,0
True,2.00510859039532,0
True,1.51738435238545,0
True,1.95902408911501,0
True,0.839647398002557,0
True,2.59994560558731,0
True,3.55381544734236,0
True,1.41909568129972,0
True,2.4215040126493,0
True,2.76396177762818,0
True,3.85104220961349,0
True,2.4332193173638,0
True,1.0387916046755,0
True,1.18452849819472,0
True,1.42585543501673,0
True,2.63474309265599,0
True,2.51677264639237,0
True,0.976480351464406,0
True,1.67048005123057,0
True,2.25379708768306,0
True,1.95281259688326,0
True,2.27445173751706,0
True,1.52995706984748,0
True,1.33442859914688,0
True,3.89218895375125,0
True,3.44760555766492,0
True,3.23463797223733,0
True,1.01387298388534,0
False,2.71363603739532,0.000864568023711185
True,2.83863219883856,0
True,2.90052264240183,0
True,2.64738386005012,0
True,3.25281448443971,0
True,1.36184715858195,0
True,0.502642934348634,0
True,2.10528607318454,0
True,1.9804673142963,0
True,2.529657722172,0
True,1.5822579116037,0
True,1.65185086308653,0
True,1.31674558882118,0
True,3.25917954175783,0
True,3.53359186118815,0
True,1.05546474798938,0
True,1.13942907836523,0
True,2.07402483278015,0
True,1.31270978946431,0
True,0.75834753686249,0
True,1.38851654308038,0
True,1.13806208258646,0
True,0.660119088153116,0
True,1.06948226959072,0
True,1.93951072407196,0
True,1.70215943807831,0
True,2.49837927404812,0
True,1.1983041729102,0
True,0.705498707055764,0
True,1.01475632329038,0
True,1.30958176000124,0
True,1.70690984715475,0
True,3.40829922810239,0
True,2.49621729296665,0
True,2.44924816456516,0
True,2.21352996809914,0
True,3.56440569290799,0
True,0.764894729302354,0
True,3.70121241918565,0
True,0.951998362211266,0
True,1.30145926069602,0
True,1.10994730671989,0
True,1.39108636329157,0
True,3.07847274846695,0
True,1.96503855935531,0
True,1.92352569503529,0
True,2.59388917814919,0
True,1.69081032817648,0
True,1.04036233426413,0
True,1.42152976536713,0
True,1.5365734649802,0
True,1.85754160811008,0
False,2.71785877327338,7.77840749448639E-05
True,2.12844656101717,0
True,1.70080782415225,0
True,1.08041557439547,0
True,1.64990647407099,0
True,1.33359280398086,0
True,1.10489655206366,0
True,1.77741440124385,0
True,1.95393576535304,0
True,0.797142985699378,0
True,2.80115812762866,0
True,2.70612535701645,0
True,2.82717348328431,0
True,2.4143284440433,0
True,0.725742774009295,0
True,1.90550860122648,0
True,1.42651393668643,0
True,2.04156112237085,0
True,1.62775367187378,0
True,3.50174979114503,0
True,1.61311567192523,0
True,2.18664785519274,0
True,1.19911315157743,0
True,1.54344664166503,0
True,2.66118914951458,0
True,1.80664702464599,0
True,2.36349589796308,0
True,1.19734713102208,0
True,3.38636853054929,0
True,1.24068512063065,0
True,2.50179009075144,0
True,1.51218799341197,0
True,1.77618682028255,0
True,1.30572185915262,0
True,2.53200312836186,0
True,2.18121273672232,0
True,1.8932510293496,0
True,0.783410025073238,0
True,2.31959714676357,0
True,1.61577246074311,0
True,0.805193583714326,0
True,0.957790459435045,0
True,1.69707621122139,0
True,1.61391250920103,0
True,1.53280682451334,0
True,2.2108919756311,0
True,1.98466947408915,0
True,1.33814902346477,0
True,2.16095546690356,0
True,2.25218976800639,0
True,0.926842880398036,0
True,1.23219505774963,0
True,1.11780983544986,0
True,1.2791747841934,0
True,2.1249795155714,0
True,1.93037820148438,0
True,1.43815892758369,0
True,1.59516090514727,0
True,1.3002992893009,0
True,0.788046110768782,0
True,2.52924202909049,0
True,2.43966554298465,0
True,2.55381118463287,0
True,1.9201691671909,0
True,1.00040843780296,0
True,1.58552268625309,0
True,3.07790066116832,0
True,1.5829685401476,0
True,1.71567131824327,0
True,1.30398692733848,0
True,0.967144203185363,0
True,2.24061918713958,0
True,1.16833320522248,0
True,0.874479864096642,0
True,1.0122574704799,0
True,1.95784538768226,0
True,1.68052227094166,0
True,1.24932690301437,0
True,2.01223663499846,0
True,3.80979725977075,0
True,1.23286988339646,0
True,1.36470949449385,0
True,1.80021742025185,0
True,1.20452966205293,0
True,2.39635200167868,0
True,1.16252226844789,0
True,3.14176169940972,0
False,3.17481736460407,0.000128451013987837
True,2.71423642715611,0
True,1.67646512828949,0
True,0.981893319593363,0
True,1.48658011447462,0
True,1.60480001764839,0
True,2.17382051105965,0
True,2.46077318391889,0
True,1.70947628481649,0
True,2.25845382604257,0
True,2.05258515018544,0
True,1.61738262132192,0
True,1.06365214318704,0
True,1.88745815795937,0
True,2.42958222476335,0
True,1.87738107071585,0
True,3.06267729799114,0
True,2.4333526448848,0
True,1.50467348165357,0
True,1.23462430369599,0
True,1.61455496916178,0
True,1.6749196049099,0
True,1.55746581716428,0
True,3.39577007523123,0
True,1.78147240787743,0
True,2.59202767042223,0
True,2.96884300590542,0
True,1.62795733504161,0
True,2.00896157089006,0
True,2.77728391177809,0
True,2.50476398163233,0
True,1.27999424921162,0
True,3.83253140593319,0
True,1.82298344156689,0
True,3.02269356933548,0
True,1.19436341225292,0
True,1.3455526367209,0
True,2.23352237063569,0
True,2.45729970767456,0
True,2.19350798630525,0
True,1.58488231545879,0
True,1.01653116540832,0
True,2.15387883697457,0
True,1.13528633986881,0
True,1.28590508203542,0
True,3.99111980406362,0
True,1.9793323871824,0
True,3.2881234596837,0
True,3.62369295150387,0
True,4.14904957576053,0
True,1.93504249868587,0
True,4.30167604536897,0
True,3.87467001451131,0
True,4.1563959345542,0
True,2.81421855517479,0
True,1.30062928157725,0
True,2.86811250516222,0
True,1.41270249925505,0
True,2.07049712343507,0
True,1.03432199949763,0
True,2.2704513678457,0
True,1.83606940976267,0
True,2.32796090557096,0
True,3.38431213784703,0
True,2.08022262865604,0
True,2.56009958907491,0
True,1.75802636798699,0
True,1.23898518660319,0
True,1.77832911841805,0
True,1.39133638894604,0
True,1.21714541668396,0
True,2.64125998305339,0
True,1.87597864442764,0
True,1.28712470471547,0
True,1.79634199273557,0
True,2.77143768143725,0
True,1.23214597249267,0
True,1.87698144157503,0
True,2.35894509246378,0
True,1.07714475398118,0
True,2.42303057771783,0
True,3.67920094765987,0
True,1.30264829573965,0
True,2.13179276418184,0
True,1.26213898240903,0
False,1.64251179641797,0.000172369963927492
True,1.41021979395302,0
True,1.13048093053777,0
True,1.70223510213696,0
True,1.25163145885111,0
True,2.01618109040439,0
True,2.52380631559575,0
True,2.78048856526298,0
True,1.1605225300427,0
False,3.20697822944516,0.000121577347611176
True,2.58408280998074,0
True,2.2808296545111,0
True,1.24966978761983,0
True,1.16145812820302,0
True,1.74888181945518,0
True,1.07161600307563,0
True,2.10645997137693,0
True,1.97645781779441,0
True,1.92982287765834,0
True,2.6141831792107,0
True,1.9182832317209,0
True,2.7605325321863,0
True,2.83861677429344,0
True,2.28833368112457,0
True,2.28773033869694,0
True,0.996170479116835,0
True,1.66009368355274,0
True,1.67101970767241,0
True,0.723366957846147,0
True,1.97250034905088,0
True,2.57490032299811,0
True,3.34645105819675,0
False,2.50207984972716,0.000148260424428041
True,2.40309188655542,0
True,1.65741442330519,0
True,1.02702379095934,0
True,1.72348081460029,0
True,0.901964154690668,0
True,3.56911732549314,0
True,1.51865983276615,0
True,3.79730838954424,0
True,2.67711092784257,0
True,1.35428992007135,0
True,1.6378952387797,0
True,1.70111756571893,0
True,1.2580087244898,0
True,2.08759315783722,0
True,2.60082677986318,0
True,2.14097346392558,0
True,3.16120323993316,0
True,2.9972766904393,0
True,1.78718885428838,0
True,3.30838840071005,0
True,1.33950176267577,0
True,1.47673742015434,0
True,1.00656223454429,0
True,1.7363418137718,0
True,2.46301039306948,0
True,1.47945764064449,0
True,2.26336602957525,0
True,1.10027542914117,0
True,2.18160675422641,0
True,2.78447321431776,0
True,2.8291431589483,0
True,2.13512210651328,0
True,0.959199220533828,0
True,1.29555634227217,0
True,1.25891688659577,0
True,1.80078890114743,0
True,1.55597713715022,0
True,2.2615732676894,0
True,3.01481157092404,0
True,0.628461690784632,0
True,0.781237217933042,0
True,0.812628840615738,0
True,1.01605368917863,0
True,1.0863198468031,0
True,1.6744284736704,0
True,2.33674269256111,0
True,1.83349886442113,0
True,1.21568809594083,0
True,1.25544393717262,0
False,1.66482031990065,0.000303007174655043
True,2.38802269752543,0
True,3.28716298112078,0
True,1.09417218657082,0
True,1.55448860861863,0
False,2.79584324682464,0.00017475189024369
True,2.45548121295453,0
False,2.42956423796733,0.00103607684936944
True,2.78156328266415,0
True,2.56542659180296,0
True,1.39466840966169,0
True,1.17787581125789,0
True,0.757491014481748,0
True,2.4396309082904,0
True,1.62674871911221,0
True,1.22927176238828,0
True,1.09540039456272,0
True,1.51406918437897,0
True,2.73110555527769,0
True,1.87290937409074,0
True,2.70616077966396,0
True,2.65785343567639,0
True,1.87114508593069,0
True,1.66327562849003,0
True,2.47221981697348,0
True,2.5711397091323,0
True,3.12085704826628,0
True,3.75689906056457,0
True,2.2905941945279,0
True,1.09805485079504,0
True,1.3490334192509,0
False,2.11589036879068,8.37614462682692E-05
True,4.29612104518968,0
True,2.62710957808405,0
True,1.33087075219171,0
True,1.65434511634754,0
True,1.34933377906224,0
True,1.32987195311655,0
True,2.53717421696407,0
True,1.69823865181427,0
True,1.52325304369748,0
True,1.80664350310192,0
True,2.35216469509837,0
True,2.7314892615133,0
True,0.879877008359476,0
True,2.85175046670176,0
True,1.80750162570928,0
True,1.10534453853317,0
True,2.80686523384529,0
True,1.21298143526518,0
True,0.756746265843657,0
True,1.51604907804149,0
True,1.47276096246206,0
True,1.74205580464744,0
True,2.08228395013138,0
True,2.12259441938081,0
True,2.12403195360168,0
True,2.07931512481753,0
True,1.58705331406694,0
True,3.84376186768649,0
True,2.31116269292826,0
True,1.67277162945854,0
True,1.87952227898709,0
True,2.36963673894668,0
True,3.3005959539355,0
True,2.58519535685354,0
True,1.28553708402858,0
True,3.81008142439196,0
True,3.23592445033054,0
True,2.4208231683185,0
True,1.10775845302914,0
True,3.10681207422156,0
True,1.11088166549465,0
True,1.6699026385259,0
True,1.24781183636594,0
True,2.13811550986512,0
False,1.6134477688003,0.000159756736987207
True,0.744805521762207,0
True,2.55968155828736,0
True,1.9844048050563,0
True,3.20219556367607,0
True,1.66944389572749,0
True,1.22920488817987,0
True,4.45021932515887,0
True,3.03197967010455,0
True,1.86481152106273,0
True,1.81443716204782,0
True,1.19619822799896,0
True,1.97444471414227,0
True,1.24285970303055,0
True,1.39834647068843,0
True,1.24852732777458,0
True,2.05688143332007,0
True,1.23000716833661,0
True,2.60594237465615,0
True,3.71355995279371,0
True,1.07322363446989,0
True,2.12113138076261,0
True,1.43819537551477,0
True,1.4706177555677,0
True,1.09448020608084,0
True,2.01938825011065,0
True,1.64109882499253,0
True,1.1025697531195,0
True,1.5231960078687,0
True,1.83771367372709,0
True,1.00814534571296,0
True,1.61354982901021,0
True,2.58861435280898,0
True,2.19428093011842,0
True,1.59468338883669,0
True,1.51079413972234,0
True,2.55676172872873,0
True,2.78073383746851,0
True,0.873326311090872,0
True,1.77887891388948,0
True,1.87729877408594,0
True,1.98781858528863,0
True,2.89061725516816,0
True,3.26769159254526,0
True,3.17046777500736,0
True,1.32569577656834,0
True,1.56252545072644,0
True,0.90963274870653,0
True,3.57152051061104,0
False,2.1174463967032,0.000278457982104808
True,3.45682430749429,0
True,2.66486672343448,0
True,1.65298059260459,0
True,1.43311821850648,0
True,1.93286744837405,0
True,1.83825175754655,0
True,2.11913732162975,0
True,1.53193186438063,0
True,1.90938838837575,0
True,1.96102024537083,0
True,1.84347968175292,0
True,2.26095862429254,0
True,0.950976444878761,0
True,1.76951170197411,0
True,2.6269888037279,0
True,1.27245624764892,0
True,2.26210976177199,0
True,2.49295274050768,0
True,2.17394504700302,0
True,1.03979325509151,0
True,2.50431159302087,0
True,3.02088392151077,0
True,1.40839395263041,0
False,1.85307592092372,8.34159473750963E-05
True,1.01354458480333,0
True,1.17860068231459,0
True,2.00025125181689,0
True,2.28722242221923,0
True,2.50828646051849,0
True,1.67477824381245,0
True,1.52024191013515,0
True,1.42570645437484,0
True,3.17747943401058,0
True,2.23202854992403,0
True,2.32585133100766,0
True,1.56297538167448,0
True,1.24054335847393,0
True,2.03855728884883,0
True,1.48064038484367,0
True,1.20707871022711,0
True,1.38312389687918,0
True,2.07158518154343,0
True,1.57562029753215,0
True,1.78126311816173,0
True,1.77871946567551,0
True,1.86017374377876,0
True,2.20793949794583,0
True,1.97632464820456,0
True,1.15569238737667,0
True,1.52015685783229,0
True,3.92068305719388,0
True,2.77277635535323,0
True,1.84522161527346,0
True,2.50237541734429,0
True,2.93375667650501,0
True,2.36782162505903,0
True,0.845745427246041,0
True,3.28728589054213,0
True,1.89552801690356,0
True,1.46840735523102,0
True,1.1043268525774,0
True,4.31735773756909,0
True,1.33536871815444,0
True,1.30558929703223,0
True,1.32123659232998,0
True,1.04226345161817,0
True,1.96012535980864,0
True,2.11296490848533,0
False,1.01420045842648,0.000138052009037151
True,1.77247269281852,0
True,1.91962382000572,0
True,1.34755112571657,0
True,2.63739140381053,0
True,1.91590900280429,0
True,1.3886453107577,0
True,2.26136471583379,0
True,2.04864178084171,0
True,1.77788815623893,0
True,1.50762513784465,0
True,1.38257340234336,0
True,1.33545101855841,0
True,1.55372214978745,0
True,2.97210093565218,0
True,1.3162588723848,0
True,1.58958201813198,0
True,4.54381532122199,0
True,2.20984345861606,0
True,2.28745419069254,0
True,1.90522396849169,0
True,1.08516732329583,0
True,1.72407993309904,0
True,1.98143969724069,0
True,1.56177859912646,0
True,2.92995260502058,0
True,1.35729800770422,0
True,2.24247338057877,0
True,1.82532620041122,0
True,2.03609589159515,0
True,1.88967741432008,0
True,1.47997090319447,0
True,1.98685258921145,0
True,2.55941403679043,0
True,1.35536379246547,0
True,2.6542355162324,0
True,0.994729675513717,0
True,3.0364655314783,0
True,1.52162024324578,0
True,2.41872501654386,0
True,2.71267144955924,0
True,4.43429603784344,0
True,3.6473353731379,0
True,1.29927270972802,0
True,3.59345450850832,0
True,1.49277143919328,0
True,0.567852947069988,0
True,2.28030611764589,0
True,2.80333680922485,0
True,2.86803724587476,0
True,1.47434017322601,0
True,1.38531700673472,0
True,2.6688470429364,0
True,1.15847566338828,0
False,1.40495724405416,7.3315786820404E-05
True,1.88064594861175,0
True,2.7198744581554,0
True,2.33417390005769,0
True,2.00733597871142,0
True,1.4294295909383,0
True,4.23015702468014,0
True,2.30662955257689,0
False,1.64989749296445,0.000167961642613254
True,0.798571054442061,0
True,0.825874427524805,0
True,1.29582963271521,0
True,1.29854359759526,0
True,1.63365238705099,0
True,2.68418554483008,0
True,2.87716541678146,0
True,3.03829271691044,0
True,1.06069573060399,0
True,1.67465545469843,0
True,3.28934438550261,0
True,2.33476499817877,0
True,1.48549710224023,0
False,2.79369033409629,0.000130701875108042
True,1.96143372709353,0
True,2.07453314146411,0
True,2.47102819530695,0
True,1.04898769780781,0
True,2.31330878997003,0
True,0.881088687562729,0
True,2.32022034421013,0
True,1.0511542468519,0
True,2.8272956176528,0
True,1.34768870011743,0
True,1.59761675394733,0
True,1.43813744790171,0
True,1.74202362408378,0
True,2.20963695155855,0
True,1.72806912379464,0
True,3.01259794857056,0
True,1.56973211395405,0
True,1.31662652951179,0
True,0.869149016984001,0
True,1.4283902364527,0
True,1.92349421032561,0
True,1.47630652251243,0
True,3.52519870099485,0
True,0.599660752123303,0
True,1.10216884652481,0
True,3.60041268731523,0
True,1.27202364715545,0
True,0.802153788488034,0
True,2.70856220124603,0
True,2.51649157954955,0
True,2.87080734107002,0
True,1.2850195722236,0
True,1.98621886963949,0
True,2.59736533564615,0
True,3.06564992596618,0
True,1.86886057750176,0
True,0.663552198955793,0
True,2.84939137204486,0
False,2.17512101825002,0.000144253719155365
True,2.88672060847655,0
True,2.0784575510867,0
True,0.793992896599274,0
True,1.09009839829842,0
True,1.16087340224271,0
True,1.68531190212202,0
True,0.443551441853932,0
True,1.02820420406623,0
True,2.17938075618592,0
True,1.26948929359087,0
True,1.52431599860124,0
True,1.70354566143445,0
True,1.40908490238429,0
True,1.15229884215013,0
True,2.66018047558757,0
True,3.32779597767138,0
True,2.70942900712952,0
True,0.569633502393408,0
True,2.44666593969848,0
True,1.67852065153512,0
True,1.26417133883239,0
True,1.98671798268383,0
True,2.11356951135055,0
True,1.52909153323291,0
True,1.45661282032666,0
True,1.01407967394229,0
True,1.50715972496239,0
True,1.52566849336792,0
True,1.28082449536624,0
True,1.88096212645949,0
True,2.11430884263291,0
True,1.78994279594114,0
True,2.00915296061013,0
True,1.9242450535272,0
True,2.13967883452394,0
True,2.33058389828154,0
True,1.41218237963753,0
True,0.768215928305135,0
True,0.808453598721676,0
True,1.6008574429344,0
True,2.19820540816077,0
True,1.00921335286857,0
True,2.5170695585333,0
True,1.74082271984146,0
True,3.67487207594582,0
True,3.92696017294743,0
True,4.16456487148818,0
True,4.44117555741844,0
True,4.09231718830684,0
True,0.592427535789785,0
True,2.68504668422526,0
True,1.10506076725737,0
True,3.06685463511467,0
True,4.08783811312647,0
True,2.99105336000619,0
True,0.973686914557912,0
True,1.340196252204,0
True,1.41309482769133,0
True,0.797838782398271,0
True,1.60895412032681,0
True,1.28821680640554,0
True,2.07754898397478,0
True,1.52395362578099,0
True,1.52690818483426,0
True,1.22029701774772,0
True,1.79997194472848,0
True,1.9636194222843,0
True,1.68601330291555,0
True,1.83222108969678,0
True,1.71635460731314,0
True,1.96445430347574,0
True,1.63743197787506,0
True,1.22863587516014,0
True,1.99752503916278,0
True,1.96518441362883,0
True,3.4093376181332,0
True,3.85521244344491,0
True,4.52419734833127,0
True,3.29343870997717,0
False,1.13330507818039,0.00019854719677756
True,2.55960240668754,0
True,1.00723609991985,0
True,1.53894349941137,0
True,1.54986091995657,0
True,1.64978946651449,0
True,1.0775470305769,0
True,2.60485121549304,0
True,1.23031081112214,0
True,1.35322954305692,0
True,0.703737712530429,0
True,2.07274351057281,0
True,4.42427039278321,0
True,1.30896170099702,0
True,0.946858195217581,0
True,1.13580487131222,0
True,1.27148288931483,0
True,2.45145507885864,0
True,3.2817555897182,0
True,2.68643410117281,0
True,1.36700386405796,0
True,1.00316467992747,0
True,2.9891558315422,0
True,3.6118313784362,0
True,3.51768871662583,0
True,2.33651598489873,0
True,0.861327516500178,0
True,2.07262348163802,0
True,2.94905703875992,0
True,1.23438271976695,0
True,1.83843221856986,0
True,1.90389991293426,0
False,2.2544018229029,8.15981345645948E-05
True,3.07091312603721,0
True,2.04721214693698,0
True,1.52529486028246,0
True,2.25895974907638,0
True,3.26170225435523,0
True,1.66408959778765,0
True,2.13022093323952,0
True,1.21907108180674,0
True,1.41692139589615,0
True,1.81388943075017,0
True,1.68697268295892,0
True,2.22787964617577,0
True,1.1832255110295,0
True,1.1835563570474,0
True,1.21739528566619,0
True,2.06761255757269,0
True,0.85712966957286,0
True,2.11655247854508,0
True,2.44268932105935,0
True,2.00037510045316,0
True,2.52755289206207,0
True,2.32276484864008,0
True,1.23264876613479,0
True,1.6066856619499,0
True,1.96978562133304,0
True,1.39833329483821,0
True,1.24302736452352,0
True,1.07890168508559,0
True,1.49419707542871,0
True,1.4177851836682,0
True,0.975370603401598,0
True,2.23094546388482,0
True,1.11022859529697,0
True,1.77194658723822,0
True,3.68113991754685,0
True,1.83725312535363,0
True,2.32000059493688,0
True,4.15017049384811,0
True,2.29658465197008,0
True,3.62440108876784,0
True,3.78514843644364,0
True,1.76664327948309,0
True,1.99177566795406,0
True,4.20781804336645,0
True,3.80016817275554,0
True,0.916763346068304,0
True,0.952508008333919,0
True,2.09785043432804,0
True,3.74619716907688,0
True,1.15723840596269,0
True,0.851614909444842,0
True,1.28865873650208,0
True,2.64279813812136,0
True,0.694424457361519,0
True,1.96852126199961,0
True,1.95543047689836,0
True,1.50452617095818,0
True,2.23244487449157,0
True,2.60540885588046,0
True,2.06372637496591,0
True,1.62248417021969,0
True,1.50784061607793,0
True,2.15425980947563,0
True,1.86089164010443,0
True,1.97170166247431,0
True,2.10615683068557,0
True,1.03701908976726,0
True,2.00266005098773,0
True,1.22126921936865,0
True,1.69892900592318,0
True,4.06520314654217,0
True,1.72655190245092,0
True,1.50794977382135,0
True,2.29961570468743,0
True,2.47574871555392,0
True,1.49082868696535,0
True,1.42406906299468,0
True,1.58517456581177,0
True,2.63417217392837,0
True,1.30475915546364,0
True,2.54317276430302,0
True,1.51931509218438,0
True,1.63170108948872,0
True,2.20410448188165,0
True,1.56658990582369,0
True,1.14206751927876,0
True,1.85370593786417,0
True,2.15638202589835,0
True,2.55215909675374,0
True,1.73496464806773,0
True,1.82279595291901,0
True,2.72742643534545,0
True,1.22003493135649,0
True,1.42985394803227,0
True,1.57292846435822,0
True,3.37105862183878,0
True,4.47297919922541,0
True,1.05747972264523,0
True,2.24748809523561,0
True,1.00128584464224,0
True,1.90251216280364,0
True,1.33262924947466,0
True,1.61174541331291,0
True,1.59612095707724,0
True,1.36258957857372,0
True,2.27860029506672,0
True,2.0548984800273,0
True,0.861745802793096,0
True,1.14482925028494,0
True,2.05195256286777,0
True,1.56844998845855,0
True,2.69134873316101,0
True,2.26865323262717,0
True,1.04724941709639,0
True,2.9198609270823,0
True,3.78868136423777,0
True,1.28913015434853,0
True,1.18883689319632,0
True,1.73587705480167,0
True,2.30148409673524,0
True,2.32783658091801,0
True,0.940027761722274,0
True,3.16186258768453,0
True,2.46180333997241,0
True,0.867145787907089,0
True,1.03649804162753,0
True,2.15006475570876,0
True,2.7850394675955,0
True,1.92179381667106,0
True,2.02601150339562,0
True,1.71984126011089,0
True,2.57088746220898,0
True,2.1942570976517,0
True,2.45854551294106,0
True,1.4488659421973,0
True,2.27522288932486,0
True,1.88611002285777,0
True,1.25327454948978,0
True,3.30581642908462,0
False,2.33812911741412,0.000322658946597704
True,1.71027347884953,0
True,1.26795008434097,0
True,1.18231223514806,0
True,1.20525514515386,0
True,1.44659476243682,0
True,2.93460877517588,0
True,0.938578044762316,0
True,2.74410624892755,0
True,1.7548433059439,0
True,3.4094159879219,0
True,4.14703147152949,0
True,1.51674062234988,0
True,1.33954381070912,0
True,2.8471287138727,0
True,3.5009503607196,0
True,1.61060411396098,0
True,1.51066918876469,0
True,2.29197759671903,0
True,1.95023094357317,0
True,2.40188137482344,0
True,1.40135453743889,0
True,1.66847464519859,0
True,2.85104457472573,0
True,4.56473832129257,0
True,2.35721723236683,0
True,1.19355437835302,0
True,2.71966544400484,0
True,0.900307536717746,0
True,2.00607910020914,0
True,2.58972985507646,0
True,2.0347814643208,0
True,3.21358223537771,0
True,1.24761331653534,0
True,3.11014976900622,0
True,1.1823584948903,0
False,2.54045702100387,7.91747399932795E-05
True,2.24152243419006,0
False,1.6491879265749,0.000353045298509624
False,4.0641835427123,0.000319952705603766
True,1.71877137873826,0
True,1.73100192639319,0
True,0.415576040515777,0
True,0.807739308528067,0
True,1.80608045285955,0
True,1.52453233898992,0
True,1.18455740724602,0
True,2.32340647571001,0
True,2.26557103344724,0
True,3.90037789231208,0
True,4.22807620761151,0
True,1.88984845838963,0
True,3.1745985199689,0
True,1.61125056549987,0
False,1.39013131146606,0.000184713087229636
True,2.25039257252452,0
True,1.4404971628131,0
True,1.92916023013945,0
True,1.68132640136041,0
False,3.25628046142152,0.000402365313764892
True,4.12171981416037,0
True,3.37636914874269,0
True,4.01179466496143,0
True,2.25699022951834,0
True,2.54465965959904,0
True,1.71449827607509,0
True,1.00418380297147,0
True,1.63355066225345,0
True,3.09667882614387,0
True,1.7382506119119,0
True,1.59506792666676,0
True,2.05402318941351,0
True,2.39593706659926,0
True,2.11738560528999,0
True,2.6012700238591,0
True,2.10093096949466,0
True,1.85763173701213,0
True,1.78017010821705,0
True,2.86426440807897,0
True,0.885794195659888,0
True,1.28807786733033,0
True,2.14853338987537,0
True,2.55333649184577,0
True,1.87905254010064,0
True,1.26233835341737,0
True,1.69417742528799,0
True,1.17111509216336,0
True,1.11487528667538,0
True,0.647377480651334,0
True,2.48343781244551,0
True,1.24831727135233,0
True,1.6775792723174,0
True,1.48534537637365,0
True,0.782608248286258,0
True,1.99189790543297,0
True,1.00130800494999,0
True,1.16604154446464,0
True,0.942358574431869,0
True,1.49464536275372,0
True,1.71778277872317,0
True,1.29268091094892,0
True,2.34010062983305,0
True,1.22331023942583,0
True,2.18296574193227,0
True,3.17004168198808,0
True,1.63787049910875,0
True,3.36330393787274,0
True,1.43952839801851,0
False,2.70596014823968,0.000175535211715642
True,0.986848396409332,0
True,1.31326272212872,0
True,0.972562913436494,0
True,1.73316591566598,0
True,1.2472141870302,0
True,2.55899969761198,0
True,0.86797296865967,0
True,1.22513230466706,0
True,1.97027521189884,0
True,1.52664395345854,0
True,1.2128146571089,0
True,2.46515844672904,0
True,2.01286545679863,0
True,1.47065740391599,0
True,1.55633921977295,0
True,1.54977038237268,0
True,1.10361836974153,0
True,1.5805807446654,0
True,0.511743922916934,0
True,0.960870514119379,0
True,2.42475464468213,0
True,2.76931465552179,0
False,1.42578703519559,0.000172485559499486
True,1.29176882534291,0
True,0.888445078511087,0
True,2.32402683557788,0
True,2.77319299532261,0
True,4.30736594325496,0
True,1.59327687093296,0
True,2.44881790516413,0
True,2.58015465082034,0
True,2.02933674146677,0
True,2.29020577316218,0
True,2.53055615553576,0
True,1.12612232575538,0
True,0.562825668962826,0
True,2.50825424069495,0
True,3.81614156375907,0
True,3.60567077301608,0
True,1.35942773380056,0
True,1.59440772879967,0
True,2.43233629945859,0
True,2.41416609467564,0
True,1.59807071555166,0
True,1.80934006007578,0
True,1.1665247103228,0
True,1.34282924974789,0
True,1.31522307275959,0
True,4.03489007643869,0
True,1.66780939612405,0
True,3.479776244442,0
True,1.967749811406,0
True,3.57700407634897,0
True,1.54342806475477,0
True,2.02035766582117,0
True,1.75766261077912,0
False,1.43932982268435,0.000202120968958142
True,2.27780975713828,0
True,1.17942978435612,0
True,1.21292197798287,0
True,1.90051118869822,0
True,1.8057565618859,0
True,2.01908274956224,0
True,0.993561822737855,0
True,2.76728766286519,0
True,2.50455455272956,0
True,1.55174310134165,0
True,1.34187040189758,0
True,1.36603008499312,0
False,2.23246214298107,8.67387652182689E-05
True,1.88886698915214,0
True,1.15113077901569,0
True,0.923090329057814,0
True,1.9569098444255,0
True,2.88533191707026,0
True,1.61822226620635,0
True,2.07538200024999,0
True,1.89930024617633,0
True,3.56757554904673,0
True,2.26095948999685,0
True,2.06227275528834,0
True,1.51031207668313,0
True,2.700426715422,0
True,2.20447654807656,0
True,1.41219428815022,0
True,1.77926789960818,0
True,1.43281639750825,0
True,1.54512529931788,0
True,1.44183638447033,0
True,1.65665357851725,0
True,1.74934990973619,0
True,4.28753031049932,0
True,2.03092708495666,0
True,1.81998635158635,0
True,1.22902436126008,0
True,1.10034376479414,0
True,2.20233471644418,0
True,2.61309361055942,0
True,2.0605102660659,0
True,1.89604116158198,0
True,1.07930333040333,0
True,0.76956481712906,0
False,2.57936848974864,9.87836636582471E-05
True,2.22013781582,0
True,1.78228505275357,0
True,1.49360404260692,0
True,1.31788144216021,0
True,1.90653005788655,0
True,2.84552915645121,0
True,2.22797905147751,0
True,1.66459867600502,0
True,1.80032218842645,0
True,1.30596565169162,0
True,3.10984906738622,0
True,1.90112253674102,0
True,2.28231825045104,0
True,2.74412153182389,0
True,1.38742007085147,0
True,1.24288867475686,0
True,2.53744999632545,0
True,2.03017059553137,0
True,2.01833063753164,0
True,1.13035675872516,0
True,2.59575106420992,0
True,1.49442317808426,0
True,1.85741088999864,0
True,2.6978550423345,0
True,1.56822066421631,0
True,1.67025929121305,0
True,3.79474586851803,0
False,2.74599804935906,0.000572951918295995
True,0.799435168853453,0
True,2.80888945601712,0
True,1.80433447107975,0
True,1.03195914127392,0
True,1.28194202118291,0
True,0.79695067953569,0
True,3.88772899013989,0
True,3.52212546632979,0
True,1.13525201287039,0
True,2.1612303732227,0
True,1.51247167537142,0
True,1.63915172335493,0
True,4.07234472186203,0
True,3.89038799867328,0
True,1.79087665762923,0
True,2.01789387621999,0
True,1.29897755699883,0
True,1.33359476628364,0
True,0.960339538339929,0
True,1.92302177214699,0
True,2.08834130290929,0
True,1.14039800051257,0
True,1.78181313351363,0
True,1.54303201969749,0
True,1.51469187241736,0
True,1.02586211872124,0
True,4.175463790162,0
True,1.20059245913681,0
True,2.27153816306381,0
True,1.41351601154789,0
True,1.10764913902422,0
True,1.74763660603508,0
True,1.09721650702565,0
True,3.15044346418437,0
True,3.21759661367802,0
True,1.79181945991154,0
True,3.62543637881458,0
True,1.64212233523262,0
True,1.1088012415854,0
True,1.2234426933209,0
True,1.03688205561402,0
False,3.17197213255924,0.000160351356430902
True,2.85437091976092,0
True,1.90248175416413,0
True,1.86540318869705,0
True,2.10184553304386,0
True,3.6873223645486,0
True,1.82283066789384,0
True,2.23379891918968,0
True,3.1510359898686,0
True,2.43591754488983,0
True,2.36102073240184,0
True,1.73002394754382,0
True,1.76480949151548,0
True,2.54133746655597,0
True,1.77464303987748,0
True,1.84223358835576,0
True,2.78742755924229,0
True,3.52279715531095,0
True,0.941095852829761,0
True,1.13877471198183,0
True,0.831624383667583,0
True,4.02690763723736,0
True,4.29981424933712,0
True,3.00970385460935,0
True,3.05185097135802,0
True,2.68189582622992,0
True,2.62029061655894,0
True,2.16273696776913,0
True,2.15935027551044,0
True,1.44668623561547,0
True,0.826330426069709,0
True,0.941098036065026,0
True,1.1475841334186,0
True,1.31619274959203,0
True,1.82247535060805,0
True,2.64448834409377,0
False,3.60847495963799,0.000381257421318769
True,2.66118829105897,0
True,3.1964587468353,0
True,0.735578021615706,0
True,2.54018188184369,0
True,1.33351708256424,0
True,3.38549010661973,0
True,3.77952857266988,0
True,3.39822294749715,0
True,1.50430454921819,0
True,3.1487223431649,0
True,3.67942776941609,0
True,1.67250556434084,0
True,1.68807291722827,0
True,1.03770357449318,0
True,1.79291523939175,0
True,1.44015313592684,0
True,3.99792158433296,0
True,1.55104298381543,0
True,1.73608224379388,0
True,2.18750593266452,0
True,0.923292803536172,0
True,3.08501374747696,0
True,3.05071224849346,0
True,1.72577350658515,0
False,2.56603848505943,0.00018682358743987
True,2.27829975086986,0
True,1.00665825509732,0
True,1.91834424646393,0
True,1.7159069807081,0
True,1.39832705219202,0
True,1.09142751828365,0
True,1.48546185618428,0
True,2.26908109557614,0
True,1.28928018558179,0
True,2.37362830035314,0
True,1.07328901668411,0
True,1.5749028570367,0
True,2.36237335161211,0
True,0.332613637363595,0
True,1.96251222770959,0
True,2.65907726847133,0
True,0.833345187838633,0
True,1.7687461082505,0
True,2.41469090254117,0
True,2.47965642600802,0
True,1.74349889629715,0
True,0.830338653683965,0
True,2.40924853456271,0
True,4.27162173652317,0
True,1.20090754364839,0
True,2.78129712867087,0
True,1.39423628519465,0
True,0.866007380686504,0
True,1.56125577288015,0
True,1.21081863010014,0
True,1.16170229553824,0
True,2.43945047526669,0
True,2.4703633358453,0
True,2.61814285064297,0
True,2.99459812954876,0
True,2.14496869248633,0
True,1.67489301251886,0
False,1.77319125805184,0.000388734938337275
True,2.39492284079593,0
True,2.24902197098612,0
True,1.6792787814078,0
True,1.72878523102491,0
True,1.41009713028576,0
True,1.71772245024624,0
True,1.69377076466794,0
True,4.01574607785527,0
True,1.02121231509295,0
True,2.04023705276195,0
True,2.32160403299686,0
True,2.91199368614541,0
True,3.51427006306518,0
True,3.37612285569748,0
True,3.70492149611782,0
True,3.6339808943823,0
True,2.0918487321061,0
True,1.28276665340136,0
True,2.15706016068324,0
True,2.68217590328294,0
True,2.7186417121179,0
True,2.41510429885403,0
True,1.47428781350789,0
True,3.36234772895357,0
True,1.96919699374742,0
True,1.42236716712531,0
True,1.95105071774442,0
True,1.59943674132009,0
True,0.837887999405613,0
True,1.31263697913122,0
True,1.76615893302872,0
True,3.05554883752221,0
True,1.99965605475169,0
True,1.73530774698093,0
True,2.27288943307942,0
True,2.46037279994145,0
True,0.658996266458677,0
True,1.36183063287773,0
True,1.46448663625778,0
True,1.44521475337418,0
True,3.55581045652504,0
True,1.70644018130275,0
True,1.91514831838336,0
True,3.43337536032677,0
True,2.30487929420681,0
True,2.3663469622017,0
True,2.13412099332755,0
True,1.63392170145141,0
True,1.48197045791331,0
True,1.24619039085742,0
False,1.36383525207532,0.000163022522831477
True,1.14831456857307,0
True,1.92832109533619,0
True,1.65264235997853,0
True,3.57111644251762,0
True,2.98320726896968,0
True,2.68005989191734,0
True,0.704678947870332,0
True,2.0471428757148,0
True,2.76233882916593,0
True,2.30950862027812,0
True,1.68815581616291,0
True,1.7044055976796,0
True,2.54496188297183,0
True,2.86002420510999,0
True,2.90810164005242,0
True,2.12733933533118,0
True,1.07606576623181,0
True,1.3338124201832,0
True,2.36660960124051,0
True,2.10179827875206,0
True,0.631321104404939,0
True,1.89409588390764,0
True,1.10264120173664,0
True,3.45808765371192,0
True,1.887951802691,0
True,1.27901957106983,0
True,1.65593878778805,0
True,1.21224426516612,0
True,3.39860277746909,0
True,2.73265796311902,0
True,1.53479389492872,0
True,2.80602869602643,0
True,2.5090300749207,0
True,1.75073566089978,0
True,2.10532122898019,0
True,1.94628671209484,0
True,0.956391217897621,0
True,2.16295671244312,0
True,2.53039747180384,0
True,1.58095065042529,0
True,1.1793835054327,0
True,1.10530939555442,0
True,1.47044102511281,0
True,2.45222218291972,0
True,3.64093047661056,0
True,1.72733720174582,0
True,1.561145572363,0
True,2.38737911292123,0
True,2.83421125683078,0
True,2.92114924009277,0
True,2.31547401736861,0
True,1.7266452529774,0
True,1.68771899422723,0
True,3.07457990182265,0
True,1.55880641740149,0
True,1.10001293736434,0
True,1.73462295972452,0
True,0.383217498733308,0
True,1.95296832376543,0
True,2.03713552379481,0
True,4.01794833993949,0
True,2.00215595159395,0
True,2.43607512160925,0
True,1.0301686695997,0
True,1.3054863150911,0
True,2.94563614373096,0
True,2.10216680507909,0
True,1.50481321080223,0
True,2.05748146032667,0
True,2.22928879070313,0
True,1.57921758478927,0
True,2.26898580292258,0
True,3.778246086609,0
True,2.33313046088802,0
True,0.623870453603439,0
True,2.19667494963769,0
True,0.931491654239683,0
True,1.21504195353265,0
True,2.44333045237702,0
True,2.66876231909248,0
True,1.39741243383433,0
True,3.83085567312028,0
True,0.913108228233376,0
True,1.60678552742994,0
True,0.84642331635131,0
True,2.93116485146184,0
True,2.39562343192572,0
True,2.19067219566422,0
True,1.93654479642467,0
True,1.88861874098126,0
True,2.20592991394541,0
True,1.66761608373492,0
True,2.8477526891782,0
True,2.61328119641468,0
True,1.34210225677658,0
True,1.04912318402325,0
True,1.85882148599994,0
True,0.6484275393745,0
True,1.48977514309895,0
True,2.53530567020309,0
True,1.23134001149374,0
True,1.62420067679197,0
True,1.21578327730345,0
True,1.22230869161053,0
True,2.94482100795967,0
True,1.92209024072658,0
True,2.97835524107534,0
True,1.03843989588081,0
True,0.774850971994159,0
True,0.847564355375346,0
True,1.12822957391324,0
True,2.80855055157704,0
True,1.29128925329713,0
True,1.48238428493573,0
True,1.49680116533122,0
True,2.31476169377938,0
True,1.56446804440038,0
True,1.32002670578563,0
True,1.5292766341561,0
True,1.86767284132955,0
True,1.56716865412375,0
True,1.28520005721012,0
True,1.51469116278772,0
True,2.80123673981992,0
True,1.11440239531273,0
True,1.82288561679709,0
True,2.50596785542142,0
True,1.14184467122727,0
True,3.39939909741316,0
True,3.49139974772506,0
True,1.93226908727681,0
True,3.21732856506734,0
True,3.33974276557623,0
True,1.7186848096536,0
True,1.33191480393989,0
True,3.37423783226724,0
False,1.93818177587927,0.000135306388391042
True,1.59758512395851,0
True,1.1050509749877,0
True,2.21478693839012,0
True,1.29624539022204,0
True,1.65117007337957,0
True,2.61442807476898,0
True,2.97279125648762,0
True,1.44829970728284,0
True,1.38903510975839,0
True,1.83485159518404,0
True,0.902161793585864,0
True,1.7842719198904,0
True,1.10629349731855,0
True,1.49036118152719,0
True,2.23656900577408,0
True,1.73235719004857,0
True,1.47698071489074,0
True,1.81601520248063,0
True,1.31634920354817,0
True,2.00333043334069,0
True,1.60495571277082,0
True,1.4468674037382,0
True,2.16557382698656,0
False,3.8296391038865,0.000308703819638992
True,2.75428008195712,0
True,0.966147386282522,0
True,1.1474964063631,0
True,0.932361952903768,0
True,1.19441137132243,0
True,1.53697979103557,0
True,2.05080962825981,0
True,1.0152953292659,0
True,1.19083777162469,0
True,2.05281154092767,0
True,1.62643993278385,0
True,1.07859934709159,0
True,0.899194343622984,0
True,1.43180707179563,0
True,1.28393122485297,0
True,3.39351172623127,0
True,0.730425372161337,0
True,3.85615200528805,0
True,1.9264492238044,0
True,3.91562849324779,0
True,3.83219794240757,0
True,1.87728348610307,0
True,1.86532272226569,0
True,1.06724818742308,0
True,1.56626517621724,0
True,1.33901350433289,0
True,1.8324303344902,0
True,3.16456839352154,0
True,4.68104693382135,0
True,1.16340001620426,0
True,2.87672864615259,0
True,3.60806492053948,0
True,4.07973695302092,0
True,1.06309561892708,0
True,0.853274060921635,0
True,0.742879820969629,0
True,2.25437209835565,0
True,1.41266563783023,0
True,1.37278200333203,0
True,2.47144182552321,0
True,1.64346821721125,0
True,1.90910605462577,0
True,2.87186448081129,0
True,2.87832763354554,0
True,2.53085614477893,0
True,3.02206692010618,0
True,1.18095918225977,0
True,2.16338721870894,0
True,2.1837826922914,0
True,2.32361028562805,0
True,2.52146619753208,0
True,1.96879105190333,0
True,1.77497968022417,0
True,1.83726138388503,0
True,1.2981391610629,0
True,1.70095004491076,0
True,1.46974486161467,0
True,0.936291932960899,0
True,2.1119507084571,0
True,3.5458018201053,0
True,4.42245338740107,0
True,2.04954779657972,0
True,1.27597146066793,0
True,2.0964995248924,0
True,2.03730586804879,0
True,2.13420148786729,0
True,1.06541865979474,0
True,2.83255748964018,0
True,1.99745424462905,0
True,2.0109337119176,0
True,1.31428955568165,0
True,1.28420973522807,0
True,1.44673442616052,0
True,1.40828402902046,0
True,1.6947593206169,0
True,1.25269885380008,0
True,1.39856662569427,0
True,0.720414886498339,0
True,1.92325550472509,0
True,1.64825346549934,0
True,2.1565836536703,0
True,2.17098678828975,0
True,0.758680452630037,0
True,2.47215206735669,0
True,2.81497478106696,0
True,1.25246919912279,0
True,1.8340927083928,0
True,1.16039150925572,0
True,2.20726526733442,0
True,1.4934019841465,0
True,2.26188127446283,0
True,1.51672146659543,0
True,0.797011419875072,0
True,1.2457584014047,0
True,1.33909691647878,0
True,1.51078619419821,0
True,2.35881723711823,0
True,1.65679768082142,0
True,0.969331615268174,0
True,2.52758343279205,0
False,2.53333722900253,0.000106807672421381
True,1.25988455139091,0
True,2.43426459511356,0
True,3.14003059370004,0
True,3.56590501579472,0
True,4.24740254278542,0
True,1.55716190481917,0
True,0.708102549574927,0
True,1.53130339193347,0
True,2.1726847546462,0
True,1.8272322239675,0
True,2.88251689460937,0
True,1.24588052534311,0
True,2.49936602895498,0
True,1.41760166128204,0
True,2.30274625256651,0
True,2.97134213510674,0
True,2.14202259351125,0
True,3.46618025528546,0
True,4.27580209558071,0
True,0.811836868850113,0
True,3.63744649500546,0
True,2.84027042978812,0
True,2.11804447682218,0
True,1.1426913142931,0
True,1.28925786090423,0
True,1.80714697981454,0
True,1.56407737845958,0
True,4.07187164829643,0
True,3.6023440524131,0
True,3.63631089034492,0
True,1.71556931202085,0
True,2.27950493791401,0
True,2.56926868681883,0
True,2.4323869002723,0
True,1.96232016295917,0
True,1.3947358836687,0
False,1.55975312025757,0.000143061393280508
True,1.87342149271517,0
True,1.75809662600359,0
True,1.36468199467545,0
True,2.94841576662801,0
True,2.54256545847578,0
True,3.51124051660163,0
True,2.31380553911843,0
True,2.03443023629645,0
True,1.21615055384028,0
True,2.44136583744658,0
True,2.15489362006678,0
True,1.12559234223215,0
True,3.74805534745024,0
True,1.94399039940426,0
True,1.16707754461067,0
True,1.94383541432604,0
True,1.63362167894812,0
True,2.55964101477762,0
True,2.01876402378844,0
False,1.1725179363809,0.00045206411560427
True,0.951744151667173,0
True,2.30359821191932,0
True,2.24962517960349,0
True,2.92195108937749,0
True,1.59401267570067,0
True,2.80323778765507,0
True,3.10678367918532,0
True,1.53228504817125,0
True,3.16164929371737,0
True,2.00773817172986,0
True,2.78404390433986,0
True,1.38375318998408,0
True,0.914954457503958,0
True,2.07797851080704,0
True,4.18912687066967,0
True,1.72799232913515,0
True,3.50604102432708,0
True,2.0982889064965,0
True,0.773325666180247,0
True,1.38074364644026,0
True,3.33151538769178,0
True,1.14014615205021,0
True,3.19752757387461,0
True,1.83128631617903,0
True,1.85235993758992,0
True,1.72582634927481,0
True,1.8549369357049,0
True,1.69177310317577,0
True,2.63816536299167,0
True,2.81012146316933,0
True,1.05635699663506,0
True,1.88457039153369,0
True,1.64721889339767,0
True,2.06782963593737,0
True,1.61862867051062,0
True,2.75083087069701,0
True,4.27533659368614,0
True,1.2832566228833,0
True,2.68741717241564,0
False,2.13623150623587,0.000116147463751245
True,3.36457674350566,0
True,1.93639781844119,0
True,3.01880283198343,0
True,1.79056369164294,0
True,3.34910761654341,0
True,2.82814520800772,0
True,2.86823668687865,0
True,2.28023100174351,0
True,2.19219894467486,0
True,2.90501068839456,0
False,1.556176677655,0.000261893932821374
True,1.46216875559236,0
True,2.04791287520426,0
True,1.39157566351216,0
True,1.72205731618173,0
True,2.64727875834599,0
True,1.19515394826096,0
True,0.976346060971924,0
True,1.75518078487043,0
True,1.67853761468338,0
True,2.21861407626928,0
True,1.12374827895071,0
True,0.584869088556412,0
True,2.33040567904171,0
True,2.20519312811157,0
True,2.0828954717417,0
True,2.06618699298608,0
True,1.78637566760286,0
True,4.22636383650097,0
True,1.9998109867758,0
True,2.70916283033715,0
True,2.34652773641531,0
True,1.23165996382925,0
True,1.3975795534849,0
True,1.19940082543539,0
True,0.710176794324938,0
True,3.22531296336046,0
True,1.5533611695796,0
True,1.71889544387524,0
True,1.68326615854714,0
True,1.3484470569751,0
True,1.55636603705351,0
True,2.45376408472413,0
True,1.76988804695484,0
True,2.38582724658711,0
True,1.92919325798787,0
True,1.13980499095673,0
True,1.60410307585236,0
True,4.02245009617168,0
True,2.53146461512803,0
True,2.45208481983637,0
True,2.07140697497654,0
True,2.50521671513435,0
True,1.58180542026823,0
True,1.84145437342129,0
True,2.67642025324136,0
True,2.89832464559952,0
True,1.82209285754629,0
True,2.39072171880502,0
True,0.812936368292281,0
True,2.09339855729827,0
True,1.39041472399659,0
False,1.69011214874662,0.000126838360454644
True,1.99782719304233,0
False,1.02698220621496,0.00028493392311319
True,2.73723564106965,0
True,0.836717511063811,0
True,2.51971744037976,0
True,3.02011346655037,0
True,2.59457272348976,0
True,1.08505359535229,0
True,2.19473554723082,0
True,1.51499586630344,0
True,1.56806053393775,0
True,1.16762228088262,0
True,3.01347304142512,0
True,2.10065832896514,0
True,1.88892034043495,0
True,2.1889761741422,0
True,0.885315760622611,0
True,3.94987733404147,0
True,1.05364248743664,0
True,2.23504607745545,0
True,1.27273265377901,0
True,2.70714696471894,0
True,1.85403521819466,0
True,1.40283687962467,0
True,2.19350394278542,0
True,1.53172821310896,0
True,3.41859430448488,0
True,4.14512191272179,0
True,3.65289717692277,0
True,1.50459395387743,0
True,1.57094829849874,0
True,1.32501591970257,0
True,2.05527705262906,0
True,1.99006741973884,0
False,1.97462764583754,0.000296494868165638
True,1.96140311562925,0
True,2.05569738270585,0
True,0.861298474007089,0
True,1.31441958085056,0
True,2.20773282691948,0
True,0.995563783126191,0
True,1.35119143759093,0
True,2.23731661167822,0
True,0.885685872146578,0
True,2.75896617546977,0
True,1.38426770545032,0
False,2.20409920717953,0.00019803342829218
True,2.29671795144172,0
True,3.10709063752616,0
True,1.54161054201282,0
True,1.02144516751514,0
True,1.53677802844358,0
True,1.36753008243191,0
True,3.29161472065835,0
True,0.925621987777365,0
True,1.45604997403748,0
True,1.57705506350857,0
True,1.30802169104927,0
True,1.04759791934795,0
True,1.21951526365958,0
True,2.02195999663859,0
True,3.3401656109348,0
True,2.46526182301697,0
True,1.78412970498021,0
True,1.81092463389711,0
True,1.4525740060447,0
True,2.16864067466548,0
True,0.853195690974098,0
True,1.73059231846209,0
True,2.56826422461942,0
True,1.70071576737549,0
True,3.87543298397087,0
True,0.718090108492065,0
True,2.32692703409642,0
True,1.30484699136643,0
True,1.15163846072826,0
True,1.9019386718758,0
True,2.00431848347004,0
True,1.43604658979389,0
True,2.86990068149954,0
True,3.14521525902011,0
True,1.78264730882724,0
True,2.15189146929571,0
True,1.86393769441136,0
True,2.74662446906303,0
True,3.23038744031626,0
True,0.602749251270161,0
True,2.48410199508421,0
True,1.55505676707307,0
True,1.62644141636708,0
True,2.56596237336328,0
True,0.899466522314074,0
True,2.175936241627,0
True,2.89911095908925,0
True,2.13809988049147,0
True,1.97670380332216,0
True,1.54976385556209,0
True,0.9762940345128,0
True,1.25552818572182,0
True,1.91361776019876,0
True,2.19583129681378,0
True,2.64071651753099,0
True,1.50479706682922,0
True,2.15371244532369,0
True,1.60818247025229,0
True,1.99989444542906,0
True,1.74685948416794,0
True,1.2473310234854,0
True,2.3803370789041,0
True,1.75969845507366,0
True,1.33966431130708,0
True,2.24141680363401,0
True,2.4808477564532,0
True,2.34584552639267,0
True,1.6984572251984,0
True,1.10655597321241,0
False,1.67855291117669,9.64064330210949E-05
True,1.82470225420495,0
True,1.19937912985565,0
True,1.71406739671444,0
True,2.28846379383962,0
True,1.17833289112538,0
True,1.89990218730404,0
True,2.20626543407786,0
True,1.71781539456645,0
True,2.75422883811334,0
True,0.854339431383463,0
True,1.46592287895656,0
True,0.916757821450478,0
True,4.10038099491388,0
True,3.45082834192967,0
True,1.06531448621463,0
True,1.71814666430746,0
True,4.08584169075924,0
True,3.04107229611108,0
True,1.87345717469517,0
True,1.90798884364825,0
True,1.79694869166746,0
False,2.82114505885166,0.000488664092184058
True,3.15287743502124,0
True,2.1994390158316,0
True,1.31635931193689,0
True,1.02989095167582,0
True,3.03476253989894,0
True,2.20076577494013,0
True,1.13784550787731,0
True,2.27599408552457,0
True,1.17618582089176,0
True,1.42192655008391,0
True,1.66615372766308,0
True,2.52977388623074,0
True,2.54834490660084,0
True,3.10685856069696,0
True,0.902788133135175,0
True,0.46989061547971,0
True,1.43375665585646,0
True,1.89354820966208,0
True,1.62437336731201,0
True,1.53702429610743,0
True,2.63385026356621,0
True,2.46515721869936,0
True,1.0689418821605,0
True,2.43570702487786,0
True,4.13380164267905,0
True,2.49228329299386,0
True,1.45041148530699,0
True,2.75129128773331,0
True,0.895697196477423,0
True,0.682854798296406,0
True,2.13459045542503,0
True,1.84953865781382,0
True,0.87209789044314,0
True,3.535451123394,0
True,2.6692409339722,0
True,2.10507694709635,0
True,2.68118482181526,0
True,4.28082462072846,0
True,1.92078070798458,0
True,1.35868264398595,0
True,1.93472366877595,0
True,4.21067958903852,0
True,1.72874786898513,0
True,1.65155814752033,0
True,2.80450084586255,0
True,3.06033378956956,0
True,2.84201069980699,0
False,1.2830829754094,0.00011162904281376
True,2.07999477645567,0
True,1.03371327825624,0
True,1.40796909238334,0
True,1.99787746733434,0
True,2.81510750195128,0
True,2.2926030237142,0
True,1.65280231512478,0
True,1.53729475984401,0
True,2.24309245422382,0
True,2.0906702636623,0
True,1.00968902887077,0
True,1.55167299700161,0
True,0.899320359711604,0
True,1.50054701677746,0
True,3.57235038499553,0
True,1.93552382310077,0
True,3.07913589703129,0
True,1.28534329831225,0
True,2.34078546188822,0
True,1.5935756307357,0
True,1.36059139270031,0
True,1.23624173162578,0
True,2.01735361867384,0
True,1.81157252231472,0
True,2.28148231903469,0
True,1.62137939940068,0
True,0.963433319656071,0
True,1.09384439975232,0
True,0.711314765324432,0
True,1.76574711242476,0
True,2.27106233777798,0
True,1.23630121818452,0
True,3.28648556189177,0
True,3.78728387724242,0
True,3.83496141380388,0
True,2.30283219304268,0
True,1.41314056610829,0
True,1.08432179672759,0
True,1.40020538653445,0
True,1.54617711277241,0
True,1.58527665442013,0
True,2.79265331385461,0
False,1.44343450330852,0.000605643376774012
True,1.70941301494715,0
False,3.34879027617912,0.000162406981264281
True,1.12663022871085,0
True,0.89042199200048,0
True,0.661308838949188,0
True,1.72595902708716,0
True,1.43461086306695,0
True,1.5511029352375,0
True,2.25848378159496,0
True,3.38104452187649,0
True,1.12513069472669,0
True,1.65344926313314,0
True,2.10939547256545,0
True,2.96336016307127,0
True,1.17355749872972,0
True,2.34500584356178,0
True,3.24215411676764,0
True,2.39012958747149,0
True,2.14849833374873,0
True,1.5143415422173,0
True,1.1083793538592,0
True,2.32006584324409,0
True,1.27798500097802,0
True,1.50546849070339,0
True,2.26333663005193,0
True,2.72284328991235,0
True,2.21717577134348,0
True,1.9655242153196,0
True,3.22514576956546,0
True,1.82081851101998,0
True,4.20741682680729,0
False,4.63721145168266,0.000160963811985556
True,3.81638595405819,0
True,2.61198799803469,0
True,2.17152430482334,0
True,0.601508594663109,0
True,2.9060707183138,0
True,2.54231649637715,0
True,1.26968081779902,0
True,1.89235366931056,0
True,3.85211240576772,0
True,1.60594970374419,0
True,1.54155137142282,0
True,1.92769257710497,0
True,2.10933817592558,0
True,3.2303009946858,0
True,0.888629211375662,0
True,1.1261573515852,0
True,2.15090726697909,0
True,2.12959593399415,0
True,1.40380064006756,0
True,1.74684743809824,0
True,1.60392893638129,0
True,1.01167380510281,0
True,4.14998325862387,0
True,2.77847307904102,0
True,1.37934502365817,0
True,1.67825603890208,0
True,1.39333509336428,0
True,1.93871873193722,0
True,1.70894619784973,0
True,2.18894700463008,0
True,2.45774949715244,0
True,1.19007646647468,0
True,2.72076212919491,0
True,1.89693489584654,0
True,2.06356387348278,0
True,3.0539765369591,0
True,2.41507863811123,0
True,1.5643879965885,0
True,2.6632572846884,0
True,1.77148723256042,0
True,1.37121875629826,0
True,1.40421403436141,0
True,2.13596485455866,0
True,3.27379825717075,0
True,1.40489267820425,0
True,2.87816923627405,0
True,4.61392873197895,0
True,1.638744315988,0
True,2.08411728610562,0
True,2.7662544736363,0
True,1.40751613645539,0
True,2.28710044863724,0
True,0.934622039731695,0
True,3.44915888935724,0
True,3.68135932071013,0
True,1.97603221768418,0
True,1.43364397959273,0
True,1.77309238088919,0
True,1.64259686531784,0
True,2.42747283189355,0
True,2.18285598346021,0
True,3.84922762973752,0
True,3.84532936072766,0
True,1.19943933536234,0
True,1.00414570970293,0
True,3.6085456177325,0
True,3.92267393511062,0
True,0.766867038679589,0
True,3.73784859039496,0
True,0.916663481813692,0
True,1.93040323801299,0
True,1.4827223269076,0
True,1.74511599282913,0
True,1.79107617315887,0
True,2.39049130423212,0
True,1.33044005193853,0
True,1.24223073653196,0
True,1.57510291828473,0
True,1.25640988464841,0
True,2.61233967086628,0
True,2.0886227226631,0
True,1.79306201082711,0
True,1.65713547679668,0
True,2.08211288440105,0
True,2.66412073428904,0
True,1.44067932194314,0
True,1.53542082287019,0
True,4.0040374638103,0
True,2.73019546165806,0
True,1.39723636197341,0
True,1.82718958575571,0
True,0.616251931844674,0
True,1.75334571343627,0
True,1.36280301030092,0
True,1.88081945038294,0
True,2.47219739957186,0
True,3.50704829091003,0
True,1.61392640694597,0
True,2.1423744620384,0
True,2.67439449588873,0
True,1.13376550563018,0
True,1.57643990960863,0
True,1.96678109746345,0
True,2.52009829053141,0
True,1.52922796236513,0
True,2.40473578031633,0
True,1.84333169354964,0
True,0.862849778275131,0
True,2.99436219024995,0
True,0.865399787212553,0
True,2.06668389721648,0
True,3.09134213325464,0
False,1.95992017002064,0.000219075333786353
True,1.68391986442807,0
True,1.88299007186721,0
True,3.31843347701633,0
True,2.51010191978496,0
True,2.56447792721344,0
True,1.91607570598788,0
True,2.14044161002395,0
True,2.0035104633452,0
True,1.99725688569443,0
True,0.821098760176674,0
True,3.98470726235292,0
True,3.11813395798363,0
True,2.70516398175546,0
True,2.26651630695655,0
True,3.06629931696963,0
True,3.24593217867382,0
True,3.45310315823127,0
True,1.01296877928112,0
True,3.822533819036,0
True,1.57897396402087,0
True,2.97946100704474,0
True,2.51975250063971,0
True,1.99091901186413,0
True,2.99904227715588,0
True,2.98358730313958,0
True,1.08406984889716,0
True,0.815663918354929,0
True,1.99465988495974,0
True,2.29241615218752,0
True,1.49937709132599,0
True,0.489818684828398,0
True,1.35334952493991,0
True,2.34400694167031,0
True,1.8009668840849,0
True,1.3750372444326,0
True,0.93864522983748,0
True,0.965028808871486,0
True,1.64870131708912,0
True,1.10634113360804,0
True,1.15545041684635,0
True,1.43764864372328,0
True,1.54953214812241,0
True,2.71178600985985,0
True,3.76537453420187,0
True,2.94446547967713,0
True,1.35314396111109,0
True,1.62743580871779,0
True,2.18874539135079,0
True,1.35274054531544,0
True,1.34083019089409,0
True,0.830330334148488,0
True,1.6345203036617,0
True,1.09049112350236,0
True,1.17819616537553,0
True,1.04603626890214,0
True,1.02184436557015,0
True,1.7090638764191,0
True,2.02163220797902,0
True,0.668477373303346,0
True,1.15049816634119,0
True,4.25611371663273,0
True,1.42008766451583,0
True,1.7705130167226,0
True,1.13703119635384,0
True,1.65597475072349,0
True,2.04963872455679,0
True,1.63630525093893,0
True,1.08400716462467,0
False,2.23012006335787,0.000243849138787459
True,2.50222340681866,0
True,1.26022906321337,0
True,1.76996081908594,0
True,1.64606161675362,0
True,3.53148741428132,0
True,4.1200845021967,0
True,2.88058323535314,0
True,1.58347786209916,0
True,1.58798047828627,0
True,1.84359593840339,0
True,0.779460565866152,0
True,1.4085410301274,0
True,3.10395257078804,0
True,2.56214981763609,0
True,2.81288673926335,0
True,1.2843189603806,0
True,2.34426835192325,0
True,2.37138295349706,0
True,1.70276680209299,0
True,0.941995799798147,0
True,2.66653303829838,0
True,2.37415598394947,0
True,1.77726209677856,0
True,2.93672376908615,0
True,1.7105729910997,0
True,3.35861896456419,0
True,3.53750345030947,0
True,1.41944148610113,0
True,1.37972718883127,0
True,1.6774515175828,0
True,3.92421805113479,0
True,1.02868269403115,0
True,2.94053662820228,0
True,1.54180366509836,0
True,3.85021197701658,0
True,1.68385576628776,0
True,1.2896460055778,0
True,1.07886685597214,0
True,2.50172139016633,0
True,2.21321630103169,0
True,1.05600783425901,0
True,0.962301323471071,0
True,1.64069627769991,0
True,1.86655949859137,0
True,1.47582784780865,0
True,1.9127131795274,0
True,3.20244050900154,0
True,0.876392409317047,0
True,3.57650053883723,0
True,2.23379158098486,0
True,1.66108175415922,0
True,1.623594170571,0
True,1.30486632952572,0
True,0.905843865513867,0
True,3.23149018661956,0
True,1.08537903017518,0
True,1.76130276871199,0
True,1.01413158616753,0
True,1.25906822308881,0
True,1.27531231057367,0
True,3.42084723799734,0
True,2.18358030791393,0
True,4.29896006866587,0
True,1.13866147245112,0
True,2.23650215889459,0
True,3.73837619991699,0
True,3.17308043758769,0
True,1.85424004965392,0
True,2.10128876401974,0
True,3.0884563693027,0
True,2.35802327776222,0
True,3.5540002470853,0
True,3.55372341021755,0
True,3.31740208449438,0
True,3.43548431579438,0
True,1.54395504687313,0
True,2.74960702587558,0
True,1.08144027287674,0
True,1.29987521101205,0
True,1.53362999817993,0
True,2.64429629095625,0
True,0.799996353509942,0
True,2.64584606002503,0
True,2.3600011520612,0
True,2.41463966771026,0
True,1.77640909648278,0
True,0.944740012975759,0
True,2.35731473457038,0
True,2.07694386505077,0
True,1.59537151881126,0
True,1.89288119118832,0
True,0.967896250867658,0
True,2.24119530843649,0
True,1.97750212958488,0
True,1.97616632349359,0
True,1.10226474468476,0
True,1.08891441615767,0
True,1.52526304414086,0
True,1.93196888661577,0
True,1.84317096373741,0
True,0.87369103603192,0
True,1.1181702605414,0
True,3.51672763958633,0
True,4.11629625646184,0
True,0.87319216452558,0
True,2.04720735101829,0
True,2.12972453993242,0
True,2.13610546187595,0
True,0.908477165102912,0
True,2.83046771721565,0
True,3.45917901129317,0
True,1.42472585260905,0
True,2.30681688037104,0
True,1.88442193971597,0
True,1.87483024693414,0
True,2.01528537822896,0
True,2.53872629916849,0
True,4.31555141665077,0
True,2.38961857028751,0
True,2.07061699400776,0
True,1.46017277163097,0
True,2.41413616922958,0
True,1.85752832327972,0
True,2.91634672250836,0
False,1.96596624554155,0.000247608884864246
True,0.959700519130965,0
True,3.89699905342328,0
True,0.881260310660844,0
True,2.6786468550083,0
True,1.34266508321464,0
True,1.1267347065701,0
True,2.26516578347878,0
True,3.32706996551037,0
True,3.78499282057361,0
True,2.0480525596898,0
True,4.08872541403953,0
True,3.31059353105918,0
True,2.46994690237985,0
True,2.4059891573877,0
True,1.90612749652421,0
True,2.07087072802912,0
True,2.33090165958929,0
True,3.84172922168726,0
True,2.49417922332385,0
True,1.12309431915064,0
True,1.20240110987268,0
True,2.2688169550475,0
True,3.48620279776448,0
True,3.98886139258169,0
True,0.995024904508421,0
True,1.48309176855156,0
True,1.4002216441703,0
False,2.13035932966161,8.11713224981864E-05
True,2.17026262454145,0
True,1.56741592304337,0
True,2.47550595580338,0
True,1.07933122072599,0
True,1.1269235677581,0
True,3.73204878903825,0
True,2.34524529994929,0
True,2.63993853331975,0
True,1.19000887721216,0
True,1.73475801874927,0
True,1.43745236700515,0
True,1.82345217279903,0
True,1.67118781547291,0
True,1.3348527019668,0
True,1.82865451755448,0
True,2.51731467492063,0
True,1.15581626856541,0
True,2.01839897138901,0
True,1.92893597825886,0
True,1.15231445583751,0
True,2.08092624296733,0
True,1.58484579711756,0
True,2.94677859443361,0
True,3.59517700823166,0
True,1.89339326704723,0
True,1.98018050022841,0
True,2.08854356457531,0
True,2.63922606104736,0
True,0.793203773472593,0
True,2.08475338718062,0
True,1.0410960417592,0
True,1.67594218100698,0
True,1.52016931034476,0
True,1.66136359699779,0
True,2.03375182871585,0
True,2.18090685452272,0
True,1.56493437357287,0
True,1.24076221433441,0
True,2.13023186753338,0
True,2.2367599018565,0
True,1.20519535860248,0
True,1.11429265503778,0
True,2.34765900051852,0
True,2.95948569382339,0
True,3.03645434107563,0
True,1.32448085104456,0
True,1.45639791778514,0
True,1.78074258551802,0
True,1.80383086004733,0
True,2.28268776078786,0
True,4.34453257277387,0
True,4.11146923964297,0
True,2.41026274380017,0
True,1.54610172472175,0
True,0.282384068057478,0
True,3.32362153906716,0
True,1.56198835180105,0
True,2.81277341711459,0
True,1.41079530810129,0
True,1.05093312190608,0
True,0.964284493124516,0
True,1.16694059304571,0
True,2.25766094047465,0
True,2.20380593507697,0
True,1.77774073204919,0
True,1.43686207543291,0
True,1.75581721411126,0
True,2.39638155074276,0
True,3.81191369507545,0
True,2.51072702038177,0
True,2.51865985362993,0
True,1.33599438466226,0
True,1.43147658595639,0
True,1.56401019689484,0
True,2.14348751656393,0
True,2.23035463158076,0
True,2.42349552769951,0
True,2.78686035229246,0
True,1.4823558203708,0
True,2.1205482336769,0
True,1.07382992160754,0
True,1.68520822440242,0
True,4.03945843182351,0
True,2.78536545458031,0
True,2.77707018144575,0
True,3.0070991983948,0
True,1.63316643550915,0
True,1.37950629772508,0
True,3.31513743725813,0
True,1.43778622438393,0
True,3.00585467065508,0
True,3.19147775445443,0
True,2.02654200353697,0
True,1.34548859183468,0
True,2.39578384005325,0
True,2.71010668264321,0
True,3.04136169682541,0
True,2.34381243206573,0
True,2.9756726134693,0
True,3.19249231643903,0
False,2.87184623683155,0.000389787231560714
True,3.33711885899599,0
True,1.54125090842769,0
True,1.60547780510763,0
True,0.715979587612646,0
True,1.39382340175549,0
True,1.42709065465239,0
True,1.56606308294164,0
True,1.78206179646689,0
True,1.3629080011411,0
True,2.04149577745917,0
True,3.34395580903833,0
True,2.47701770467647,0
True,1.01433725072751,0
True,1.28449566959336,0
True,1.2849019322989,0
True,1.31308152907233,0
True,3.33122757602472,0
True,0.824587462816607,0
True,1.41083936875345,0
True,3.88494628528902,0
True,2.82300622578405,0
True,1.08715691064141,0
True,1.43602317696743,0
True,2.37656264050701,0
True,0.836188054051711,0
True,2.31279866107372,0
True,3.00657052323201,0
True,3.55227465640627,0
True,1.94494819517884,0
True,2.21019970177484,0
True,1.16875541275419,0
True,3.71570756719317,0
True,1.83170054346462,0
True,1.20357744458197,0
True,2.18788679028629,0
True,1.30565260724037,0
True,1.86334998045163,0
True,2.22886278049146,0
True,2.6014377434161,0
True,2.45371265422843,0
True,1.74757318501442,0
True,2.4187629276654,0
True,2.39314529409923,0
True,0.720790871616062,0
True,1.73086688152705,0
True,3.27331406977066,0
True,1.10978206809963,0
True,4.28247108564345,0
True,1.96901610054268,0
True,0.930858735679002,0
True,1.41073175999312,0
True,1.36048527516789,0
True,1.4291948122699,0
True,2.49476491711811,0
True,1.47562072142505,0
True,1.44561657957666,0
True,1.37249225461519,0
True,2.17824519679789,0
True,2.30746118586599,0
True,2.29376255533867,0
True,1.63608954705913,0
True,2.03437621434431,0
True,2.55318869689007,0
True,1.65543475309156,0
True,0.829405459543869,0
True,3.30206007511279,0
True,1.87839358873999,0
True,2.22876219464329,0
True,2.16125252140004,0
True,1.67796130623589,0
True,2.35243895250049,0
True,3.4178837624077,0
True,1.4243286938701,0
True,1.74413188309292,0
True,2.17016524955867,0
True,4.35709151961157,0
True,1.76493274580896,0
True,2.82119262844443,0
True,1.52906333683745,0
True,4.04956011454265,0
True,3.4465053848636,0
True,1.37327068004044,0
True,1.70512992656212,0
True,1.02126634500267,0
True,1.99354269941648,0
True,2.90277021332727,0
True,1.3436533509583,0
True,2.85533950501914,0
True,2.84707442211041,0
True,2.04482969861921,0
True,0.835211418838529,0
True,1.13430734147636,0
True,3.18910418010387,0
True,2.06722799492255,0
True,1.45362242021247,0
True,0.999186536902242,0
True,3.44222342932396,0
True,1.33989574685547,0
True,1.45197437468207,0
True,3.51360944957151,0
True,2.30926475070489,0
True,3.29165237104611,0
True,1.31008592160465,0
True,1.61495388496186,0
True,3.14432863612359,0
True,1.18641038077851,0
True,2.31799930045745,0
True,3.46158603268042,0
True,1.78783265941247,0
True,2.21563297856826,0
True,1.80853029202294,0
True,0.864940197326217,0
True,1.92739033372074,0
True,1.27976953037903,0
True,1.04719341419938,0
True,1.65481923947737,0
True,2.17120619417808,0
True,1.41565269216001,0
True,1.97443321748727,0
True,1.68130895610611,0
True,3.43493479112583,0
True,1.62898831413444,0
True,1.96595679209643,0
True,2.3832799517978,0
True,0.588563988204125,0
True,3.91692430632176,0
True,3.59599329924687,0
True,2.48398856622183,0
True,1.43800470501018,0
True,1.22796985226092,0
True,2.67186672315348,0
True,2.68911989771969,0
True,1.42353185668446,0
True,1.15253204852781,0
True,1.66182893892543,0
True,1.41940135123468,0
True,1.34760892464577,0
False,1.70978940891511,0.000184287776304761
True,1.38195496623318,0
True,1.55948304990184,0
True,1.12505847115308,0
True,2.56419323269558,0
True,1.13237201612341,0
True,0.987715649019192,0
True,1.89543650484122,0
True,1.33318859244736,0
True,1.64775549824661,0
True,0.919376289804474,0
True,2.42027878991422,0
True,1.33917792700353,0
True,1.77375336181442,0
True,2.66412249799758,0
True,2.23574436142059,0
True,1.78265187034219,0
True,3.33948712599378,0
True,2.05512005459731,0
True,1.79040175503188,0
True,2.03260438912648,0
True,1.52090752513044,0
True,1.86922500433041,0
True,3.57705061718094,0
True,3.35344761990777,0
True,1.23509117529724,0
True,1.39293506461416,0
True,1.168816444345,0
True,1.40102022666847,0
True,1.40203093166612,0
True,0.94906438638991,0
True,2.05746539881295,0
True,2.85942119267089,0
True,1.23529000009377,0
True,1.60949295521334,0
True,1.27919421418881,0
True,1.66699977350451,0
False,1.28497072423877,0.000151440028403111
True,0.974886117678028,0
True,2.61328623812576,0
True,2.16318121355581,0
True,1.60446314494328,0
True,1.12666623523697,0
True,1.74032425543139,0
True,2.14619125445778,0
True,2.59935718626275,0
True,0.936886686247618,0
True,1.08824144165918,0
True,2.77678003848174,0
True,2.67776231027476,0
True,2.82868688953954,0
True,2.51756326536225,0
True,3.32406120415546,0
True,2.11499224977098,0
True,1.43771252986878,0
True,1.18028940398743,0
True,2.08094098272577,0
True,1.53985681768308,0
True,0.784892918514118,0
True,1.17804843614412,0
True,2.33777328530979,0
True,3.34684812699422,0
True,1.42711262914144,0
True,1.34597979594685,0
True,1.60305975700266,0
True,0.556450643382083,0
True,1.37301273945523,0
True,1.69421300952674,0
True,1.63588902613112,0
True,1.60141246858062,0
True,1.40534954738676,0
True,1.05276463707338,0
True,1.43400894065638,0
True,2.24900546613318,0
True,2.7171768208999,0
True,2.2432435580326,0
True,2.56638176840128,0
True,3.77317253013168,0
True,1.66845358144724,0
True,2.32109201403658,0
True,2.26558232622356,0
True,1.51567193121691,0
True,1.16611945772964,0
True,2.51512337303967,0
True,1.34112233832116,0
True,1.58240891551136,0
True,1.73394032184724,0
True,1.24699374401347,0
True,1.06429179882446,0
True,0.884066373172263,0
True,0.966371726233031,0
True,3.23536678151011,0
True,2.87923119984055,0
True,1.96419619814065,0
True,1.61319428988768,0
True,1.14969058557437,0
True,1.37366402672215,0
True,1.89651024864181,0
True,1.77836764987984,0
True,1.57289290959075,0
True,2.57595341736252,0
True,3.27923720540957,0
False,4.49882567137691,0.00038318531178315
True,4.50761681881702,0
True,3.85170151561104,0
True,3.94872930054461,0
True,3.22233641877803,0
True,1.31292193670926,0
True,1.78665945845103,0
True,1.45021977909561,0
True,1.33958102164377,0
True,1.83747938283104,0
True,1.29408745106638,0
True,1.30204361471495,0
False,1.80992953428739,0.000239785436265351
True,1.7052641069089,0
True,3.43867491500421,0
True,3.78518678724615,0
True,0.837258047790944,0
True,2.15786091605414,0
True,2.9863023188685,0
True,1.75223957770142,0
True,1.9334782649964,0
True,0.776503284496883,0
True,0.84891416595255,0
True,0.877586607217983,0
True,0.952082903095582,0
True,0.941494527690269,0
True,1.46354425477719,0
True,1.60819829332552,0
True,1.55460203220334,0
False,1.51142181371721,0.000339267869861141
True,1.02961465690648,0
True,1.13648814366954,0
True,1.71086402778444,0
True,2.41380086473707,0
True,2.404149145474,0
True,0.913840660233725,0
True,4.28888641066827,0
True,3.18990995329622,0
True,1.11442027727021,0
True,1.44160906697529,0
True,1.79920955997492,0
True,3.68749378754453,0
True,3.7599547239919,0
True,1.54302241368419,0
True,2.36508693466908,0
True,3.69057543873102,0
True,2.41321635021178,0
True,1.01877796018752,0
True,1.33806951582463,0
True,1.66289023696469,0
True,0.999719865969982,0
True,2.15923239440817,0
True,2.3532486642517,0
True,1.78393249712047,0
True,1.20912833814673,0
True,1.59479633649335,0
True,0.950582419129635,0
True,3.52823275295231,0
True,3.61197109771116,0
True,3.0709711933349,0
True,1.13946201904105,0
True,0.892013453509888,0
True,0.844563713962863,0
True,2.74797607588149,0
True,2.22038413003738,0
True,2.68778506934195,0
True,3.39282358278836,0
True,1.38785967386816,0
True,1.6746425206772,0
True,2.6038504112469,0
True,2.13997930541939,0
True,2.64768922206363,0
True,2.0313946986421,0
True,2.97202302551217,0
True,2.71843673848167,0
True,1.43979455553438,0
False,2.48312065421891,0.00228663687407259
True,2.57139106911996,0
True,1.73354887474888,0
True,1.48834616962758,0
True,3.26732272598376,0
True,1.6865361860351,0
True,1.29587258115123,0
True,3.48044514843137,0
True,0.930394433887254,0
True,1.57269595099135,0
True,1.82328581310102,0
True,1.80001733094192,0
True,2.39277263151479,0
True,3.88903549394298,0
True,3.13214871930968,0
True,4.26501976381863,0
True,2.4824158429791,0
True,1.94626962070556,0
True,2.12778372817563,0
True,2.82908131258476,0
True,2.26126981825663,0
True,0.762322815050437,0
True,1.71731084101627,0
True,1.15332547221034,0
True,2.39817237762087,0
True,1.45173455905428,0
True,2.20927551063032,0
True,1.46250643891315,0
True,1.99151204113139,0
True,1.19698542679085,0
True,0.742132698872172,0
True,2.53739829473841,0
True,2.07853671801891,0
True,1.61711893331573,0
True,2.22194966511484,0
True,1.18288732819495,0
True,1.04527409447685,0
True,1.35024104396215,0
True,2.17554690100742,0
True,1.57561625475104,0
True,1.33336076494732,0
True,1.21241759885016,0
True,1.5969262610565,0
True,1.13447200254512,0
True,1.86602875501088,0
True,1.17357479285612,0
True,2.9729377952124,0
True,1.62687443650516,0
True,0.626074953927711,0
True,0.941466450634819,0
True,2.90100669055894,0
True,1.19324256886823,0
True,4.14635163454517,0
True,2.86408602007808,0
True,2.41018543240467,0
True,1.38806467987642,0
True,3.03445467528133,0
True,1.68540902072392,0
True,2.56790820379508,0
True,2.39573267673036,0
True,0.748357819168402,0
False,1.32564575006991,0.000254912847285807
True,2.48771588261487,0
True,2.74757027049332,0
True,1.64705407134989,0
True,1.14488119986546,0
True,1.29635886933874,0
True,1.64620364226567,0
True,1.65404974671586,0
False,1.58453695158036,7.98818899735234E-05
True,2.32197739290443,0
True,2.46128412074665,0
True,2.32729923964165,0
True,2.73957657776689,0
True,2.67975945871397,0
True,1.27024286247812,0
True,3.51796636812011,0
True,1.99978888832304,0
True,2.57910792154887,0
True,1.57758329761341,0
True,1.12797434555309,0
True,3.81107955551694,0
True,0.75891033418674,0
True,1.32798525763787,0
True,1.89523569214194,0
True,1.5678113722921,0
True,1.11981868082648,0
True,0.974364858799032,0
True,0.740920509147311,0
True,1.91626951181404,0
True,3.10503687740366,0
False,2.5009883918798,0.000229583980042133
True,2.51150981351908,0
True,2.58995946989752,0
True,1.95126804891133,0
True,1.42435534222972,0
True,3.92430246670956,0
True,2.05806683420527,0
True,3.93410852158052,0
True,3.61237871763219,0
True,3.50282919113018,0
True,4.53951249882161,0
True,2.10288654671407,0
True,1.84587079373979,0
True,2.62188874831386,0
True,2.57256275456187,0
True,1.61639889443752,0
True,1.79215171671462,0
True,1.14883121806874,0
True,1.96564372141674,0
True,0.926196836525596,0
True,1.4831488375819,0
True,2.51188136892295,0
True,1.91228989723303,0
True,1.47072157103151,0
True,3.67749227779597,0
True,2.27068144063292,0
True,3.76383736490097,0
True,1.62575496263073,0
True,3.27596793497901,0
True,2.43751609094509,0
True,2.0582745101265,0
True,1.73673578199151,0
True,0.628279320733935,0
True,2.6238960965278,0
True,2.51849441989991,0
True,1.48278576371884,0
True,1.12540553782832,0
True,1.4413760963991,0
True,2.3943577340498,0
True,1.11795687381984,0
True,1.67948789722442,0
True,1.54747967796851,0
True,2.51100859811562,0
True,0.612016223447221,0
True,3.76965643445261,0
True,2.61499016566171,0
True,2.80857208734915,0
True,3.98971753194881,0
True,1.63428739925761,0
True,3.64736239532927,0
True,2.93781807717529,0
True,2.11669930698225,0
True,1.88657338479606,0
True,2.1802172046486,0
True,0.679128914804701,0
True,1.47750176625879,0
True,1.46848825791322,0
True,2.89131179206509,0
True,0.593377171146583,0
True,1.91793098774248,0
True,3.46850388887488,0
True,1.23077181160066,0
True,0.623844718635974,0
True,1.02273844756353,0
True,1.5326302232339,0
True,2.64159283345733,0
True,4.74219216008175,0
True,1.97257117854573,0
False,1.5847320769209,0.000199350562978017
True,1.70908612684275,0
True,1.77497537336818,0
True,1.04315077645941,0
True,0.854865590483442,0
True,1.43335190923593,0
True,2.31188851536582,0
True,1.48242216786396,0
True,1.76337936020589,0
True,2.48416345698719,0
True,3.03537147792872,0
True,1.83009097545011,0
True,1.85091645592304,0
True,3.34445999504689,0
True,1.51695518317915,0
True,0.928155343768596,0
True,1.23461395466635,0
True,0.651871334498404,0
True,2.08295025867439,0
True,1.73016732696707,0
True,2.69622291398343,0
True,3.09702768641965,0
True,2.7314574660658,0
True,2.13661820136117,0
True,2.23345087194126,0
True,2.24445445285431,0
True,4.69727154496012,0
True,1.85180945704189,0
True,1.66268461024024,0
True,1.49058326546779,0
True,1.25387513424942,0
True,1.90102218659426,0
True,2.65119086964392,0
True,1.0286790709789,0
True,2.87358998875906,0
True,1.46877510182767,0
True,1.84844202634081,0
True,2.18999363302452,0
True,2.29120370675276,0
True,1.15477304201034,0
True,0.865924426938154,0
True,2.23412946793107,0
True,1.80430497639396,0
True,1.56736533846781,0
True,3.10861150890982,0
True,2.55086005063266,0
True,1.90298712709285,0
True,0.761435963016385,0
True,2.56160199139119,0
True,1.91435116366163,0
True,1.11928411071056,0
True,3.78774843059202,0
True,2.68474226975901,0
True,1.8536796738178,0
True,3.21722101152996,0
True,0.890839868346717,0
True,1.37877237342652,0
True,2.12667973859562,0
True,2.6603113797558,0
True,1.39580977995878,0
True,1.5741386822129,0
True,1.76811942593741,0
True,4.29345655266886,0
True,2.61673897068456,0
True,2.17185596798587,0
True,1.36240997651858,0
True,1.20844947965657,0
True,2.39718226907748,0
True,2.48213938793781,0
True,1.38473775628913,0
True,1.65348772002615,0
True,1.88460891649463,0
True,1.26339605439823,0
True,3.4642811850839,0
True,0.797949096455069,0
True,1.68366073437532,0
True,0.803870457501904,0
True,1.78938025016564,0
True,2.55863841251208,0
True,1.03653041272815,0
True,1.03677112009334,0
True,2.00603291266992,0
True,0.860122056601677,0
True,1.37403225027823,0
True,1.32942847301397,0
True,3.30732133132017,0
True,1.55493979481607,0
True,1.61355587654543,0
True,1.21406792019248,0
True,2.38684697393882,0
True,1.74891682006384,0
True,1.24149384395993,0
True,1.9006932100514,0
True,2.67826698718661,0
True,2.54408136032587,0
True,2.22025391570711,0
True,3.86313669154846,0
True,1.72341555868255,0
True,1.92889039527211,0
True,1.5552132126869,0
True,1.47376800828388,0
True,2.04303452744353,0
True,2.6640390072133,0
True,2.46454073479154,0
True,1.47096382861262,0
True,1.7385882358215,0
True,1.80135689160504,0
False,2.28716854428296,0.000318935254112364
True,0.775056933227482,0
True,3.61047997909091,0
True,2.15589851392133,0
True,1.85553511795813,0
True,2.48519789653521,0
True,4.15141258846267,0
True,2.40089417303891,0
True,1.26303006958594,0
True,4.03203425712566,0
True,1.77234715947191,0
True,2.22157808277548,0
True,1.39776043016612,0
True,2.00464774454972,0
True,2.84293470406868,0
True,2.04057461643693,0
True,1.56305788647083,0
True,2.70281596974993,0
False,2.85267331194275,0.000324610879376056
True,2.78696164607619,0
True,1.71275881616075,0
True,2.07265704975715,0
True,1.19901120768384,0
True,1.035724786263,0
True,2.17283510483553,0
True,3.9905945634122,0
True,3.20188919755342,0
True,1.65450326497695,0
True,0.748382621639351,0
True,2.65086708354232,0
True,3.20092166632458,0
True,1.41881864020825,0
True,1.34523088308507,0
True,1.41757915397405,0
True,1.21751833680091,0
True,2.21968270786677,0
True,1.11933269187021,0
True,1.28977832180744,0
False,1.63262500729418,8.46461568325151E-05
True,1.10734622124037,0
True,1.99875012868394,0
True,1.89473032801964,0
True,1.27897034976708,0
True,2.53974862813726,0
True,1.43199243180645,0
True,1.97241762587161,0
True,2.91977232472929,0
True,2.26671792921914,0
True,1.98178524298781,0
True,1.05901087023069,0
True,2.31980169417095,0
True,0.845921643791678,0
True,1.06773469140698,0
True,2.11998681581207,0
True,1.5778878991942,0
True,1.16400194828713,0
True,1.21328006676676,0
True,1.70110579183838,0
True,1.49692116226553,0
True,3.05422194851233,0
True,1.12253339064474,0
True,2.18238829700475,0
True,1.30811515044754,0
True,1.64202258163184,0
True,3.63660230554492,0
True,3.32490621444176,0
True,2.55277326637885,0
True,1.74914063433619,0
True,1.64146299050001,0
True,0.842592408052299,0
True,2.79340518698733,0
True,4.13370290167151,0
True,2.77490047456072,0
True,1.47774087934011,0
True,1.29555723006166,0
True,2.83765115951257,0
True,2.91774164255149,0
True,1.24252143681471,0
True,1.12021415212265,0
True,1.52939917008411,0
True,3.17172462600278,0
True,3.02293946611624,0
True,2.30335528719085,0
True,1.32130328240045,0
True,3.04551316767916,0
True,2.70012549533308,0
True,2.72071927548744,0
True,2.50499505738818,0
True,1.12242354562151,0
True,2.28511710977318,0
True,1.27892820599636,0
True,1.44887529027672,0
True,0.82822728067058,0
True,1.38323055721645,0
True,3.2959998327045,0
True,1.30272119257272,0
True,1.59872182219958,0
True,3.79934410451335,0
True,3.48995249143759,0
True,0.794048714257348,0
True,1.2907061310187,0
True,1.8822804875605,0
True,2.16186966528541,0
True,3.00043701320848,0
True,1.31694606256567,0
True,0.790799898496206,0
True,0.840896005845551,0
True,2.24291019929404,0
True,1.65978650336999,0
True,3.07978875392004,0
True,1.441914598405,0
True,2.22124803212353,0
True,1.85477799875537,0
True,2.67315711312225,0
True,2.74749887240024,0
True,1.5675626037121,0
True,3.69249456848168,0
True,4.0343014289082,0
True,1.17758848154096,0
True,1.20170596350971,0
True,0.875067591074259,0
True,2.02079113757291,0
True,2.13597403563284,0
True,1.71831714529025,0
True,1.5714117453366,0
True,2.79785438431013,0
True,1.21562212176675,0
True,1.62199999467367,0
True,1.2749890047689,0
True,1.79015584596619,0
True,2.39808288985023,0
True,1.69037424167033,0
True,1.01996841539769,0
True,0.786144414788231,0
True,1.49256698780699,0
True,2.24334121597951,0
True,2.24876787644221,0
True,2.45941664586208,0
True,1.24983177530358,0
True,1.76350910089974,0
True,1.89821298879623,0
True,2.31206238890203,0
True,2.24164293888807,0
True,1.70728954166872,0
True,1.447115907485,0
True,3.84334164139217,0
True,1.41838981576303,0
True,1.25256476165443,0
True,2.75464803877759,0
True,2.93595703872702,0
True,1.75019424056689,0
True,1.24985195071237,0
True,1.98568026831459,0
True,1.8375788969256,0
True,1.85270343188266,0
True,1.10297361514034,0
True,3.54526673912239,0
True,3.55991968227333,0
True,1.09848718576311,0
True,1.39853114424149,0
True,1.12197346477395,0
True,2.2495669556866,0
True,0.815275718836705,0
True,2.23048540604935,0
True,2.55801264135437,0
True,2.25851550149052,0
True,2.45561536208916,0
True,1.38169599826667,0
True,1.26028876300462,0
True,2.99645871369365,0
True,3.84053160496018,0
True,3.20655033814098,0
True,1.19630468031035,0
True,2.93030987188301,0
True,2.2841313873493,0
True,3.00202198177236,0
True,0.730325466513857,0
True,2.21132864203922,0
True,2.04334995709527,0
True,1.44341966675127,0
True,1.57950095170036,0
True,1.48614098096901,0
True,1.17577622107119,0
True,2.96017731518247,0
True,1.16923552422796,0
True,2.44651680786217,0
True,2.380460192293,0
True,1.69245802221206,0
True,1.67925021995566,0
True,1.26855264493386,0
True,1.89385141671692,0
True,1.45724021386326,0
True,2.78029960238458,0
True,1.29708374455706,0
False,1.98107391662929,0.000343686724164034
True,1.18496536552372,0
True,1.87732220883856,0
True,2.90030070904493,0
True,3.3011133943607,0
True,2.03113126046909,0
True,2.8026311033729,0
True,2.05729253691606,0
True,1.42838024060889,0
True,1.33885653745284,0
True,2.2582682874305,0
True,0.877105717234898,0
True,1.49830418457672,0
True,0.909723434758957,0
True,1.12350814471622,0
True,0.965277750430366,0
True,0.568787460648192,0
True,1.24951884680859,0
True,2.30151753394035,0
True,2.73756484946145,0
True,0.986193886499306,0
True,1.80488689097599,0
True,1.85441245381491,0
True,3.20911358953301,0
True,2.83401886709599,0
False,1.0675154136306,0.000456352287532044
True,1.07587428812294,0
True,1.15339922845827,0
True,1.29671991948088,0
True,1.75373827226572,0
True,1.30620431117047,0
True,1.6905744008174,0
True,1.80664035645789,0
True,1.49762884965019,0
True,2.49522397734637,0
True,0.823979568760442,0
True,1.59435146271893,0
True,1.25859945185365,0
True,1.30694673014509,0
True,1.83676980192511,0
True,1.16682454603119,0
True,1.72289444689347,0
True,3.15526282842712,0
True,1.91666501404804,0
True,1.80699111216747,0
True,1.67262874886754,0
True,2.65861727647096,0
True,2.63332521854984,0
True,1.07948909073051,0
True,1.74773009963227,0
True,3.79814337879051,0
True,2.52202853319392,0
True,1.72453604066878,0
True,0.672774004255951,0
True,2.68766854944592,0
True,3.7337257765382,0
True,2.53799479536454,0
True,1.870095100503,0
True,2.43240540489176,0
True,1.28088357523953,0
True,1.05157165037682,0
True,2.15237430391934,0
True,1.98727680991492,0
True,3.17028721309055,0
False,2.61818814176411,0.000101705737294461
True,1.08784120973911,0
True,2.01447281315283,0
True,0.853721311912653,0
True,1.51239865340153,0
True,3.17485353585636,0
True,0.697630790038119,0
True,2.53832907763891,0
True,1.32570992221795,0
True,2.2582658350026,0
True,1.82520315022889,0
True,1.67400241179836,0
True,1.28318902318378,0
True,1.38220462854708,0
True,1.5128886470371,0
True,0.721563987552423,0
True,1.97724451491399,0
True,1.02009708378632,0
True,1.79672836945696,0
True,2.55980570096235,0
True,2.86837879256846,0
True,1.73643291279753,0
True,1.5983030791902,0
True,2.64334585284529,0
True,1.35784533619488,0
True,2.19792249902181,0
True,3.06966497529681,0
True,1.63563701602874,0
True,1.34452968508151,0
True,0.808916857859313,0
False,2.22717157638188,0.00107496170814343
True,2.67229491954902,0
True,2.10061777581853,0
True,3.90075161783337,0
True,1.89792304995614,0
True,2.3357824438021,0
True,0.906397152516572,0
True,0.876061752975979,0
True,2.81237366690905,0
True,2.12090588388807,0
True,1.77737931197331,0
True,2.02843234546719,0
True,1.81177363472372,0
False,0.948971825148829,0.000541145607944824
True,1.13371909590875,0
True,1.32962752594631,0
True,2.45733574450894,0
True,1.29556860212544,0
True,1.59740779327355,0
True,1.86630954723137,0
True,1.33049067009658,0
True,1.42700466314901,0
True,3.02756765862837,0
True,1.88721914947113,0
True,2.09644452357307,0
True,3.33967036012955,0
True,0.970736207910256,0
True,3.2089415087529,0
True,1.84603038796057,0
True,2.52136028331703,0
True,1.86927424450086,0
True,0.880413624765854,0
True,0.719351254315692,0
True,1.49630610608736,0
True,1.73180521537295,0
True,1.11165902074365,0
True,1.51379967392546,0
True,2.55127653183703,0
True,0.914011886129048,0
True,1.57474804713277,0
True,1.42895111295223,0
True,1.12880258668869,0
True,2.40429727583696,0
True,1.31090721571859,0
True,2.06522835770802,0
True,0.802057637969275,0
True,3.02459980158434,0
True,1.9330510533069,0
True,2.04221988502375,0
True,2.03555184313093,0
True,0.83360921050299,0
True,1.53069653890814,0
True,2.79510358221427,0
True,2.72344107820528,0
True,2.8657982128703,0
True,2.26561457800426,0
True,0.965135358046228,0
True,3.1105696527924,0
True,2.78846845716865,0
True,0.88339414732998,0
True,2.92989343284985,0
True,2.32425218807714,0
True,2.37932187207806,0
True,2.50026927150396,0
True,1.57931985074411,0
True,2.02795582723601,0
True,1.11472792880899,0
True,0.962031339065641,0
True,3.73615584058086,0
True,2.49636489686417,0
True,1.89104950841316,0
True,2.19279479362854,0
True,3.25550077645145,0
True,2.33458294025206,0
True,2.06368433223287,0
True,3.93920605268192,0
True,2.17625904825783,0
True,1.47293591109879,0
False,1.97991650809928,0.000336141877585647
True,1.52558860327403,0
True,2.03641002430892,0
True,0.807914034649685,0
True,1.78575330290367,0
True,2.83391633332364,0
True,2.29292181034384,0
True,3.78578792371184,0
True,3.48979746600571,0
True,3.70303348608143,0
True,2.5092894347505,0
True,1.2414997594069,0
True,1.4319491150549,0
True,1.93174025774724,0
True,0.899306838940541,0
True,2.07497975779026,0
True,1.9192557052862,0
False,2.86540297801719,0.000178987092333201
True,2.86158562733024,0
True,3.72233536095993,0
True,1.93270917130214,0
True,1.25442911890974,0
True,0.894210924434725,0
True,1.09820762190967,0
False,2.89579382125064,8.54292076218376E-05
True,2.76687972979474,0
True,2.29481989074784,0
True,1.93311499917613,0
True,2.49637146400561,0
True,1.66154807369056,0
True,1.55049226256005,0
True,1.34839167654439,0
True,1.38700556620225,0
True,1.14826595216409,0
True,1.1844680450025,0
True,1.16687844481103,0
True,1.0264684557315,0
True,1.44300713644753,0
True,1.97483168827765,0
True,3.10570517112426,0
True,4.71224365636083,0
True,2.93312573418216,0
True,1.41262680465682,0
True,1.99243289131421,0
True,1.65838506511747,0
True,3.01239451492364,0
True,3.59051199232023,0
True,1.01443159278531,0
True,1.67058609732643,0
True,2.77554721558202,0
True,2.68918030122443,0
True,1.1616058694361,0
True,2.0988717224102,0
True,1.08109976444702,0
True,1.91717722894736,0
True,2.33603019575295,0
True,1.89351904116474,0
True,0.749173708525067,0
True,1.69295088489522,0
True,0.852088952919066,0
True,1.48363620492757,0
True,3.43900870976762,0
True,3.19320101106557,0
True,1.61519088771049,0
True,1.71393732055252,0
True,0.845489654226166,0
True,1.35273568437925,0
True,1.92660647257757,0
True,2.97891741940241,0
True,1.47509346425537,0
True,1.57942947599763,0
True,2.25612440054422,0
True,1.95116238787532,0
True,2.63337563510754,0
True,2.97468177944961,0
True,1.10086518624772,0
True,4.06005995811409,0
True,1.71955911074644,0
True,3.59282691711833,0
True,2.25332747862134,0
True,2.68690107488659,0
True,2.96082476548589,0
True,3.44631440698886,0
True,0.69424491583263,0
True,0.995710965583258,0
True,1.29444946286098,0
True,1.45512747650531,0
True,2.61786978418907,0
True,1.16577605331225,0
True,1.0029852500568,0
True,1.10693802899358,0
True,3.05059287719171,0
True,0.8447612808937,0
True,1.65927055343862,0
True,3.01347892446285,0
True,1.78129474670178,0
True,1.79529058517636,0
True,2.273388597653,0
True,1.12299491648716,0
True,2.17225497256201,0
True,0.762970224864496,0
True,3.22544117355079,0
True,3.37273272827738,0
False,1.7473159669282,0.000522344275296231
True,4.11404003207999,0
True,1.5075871982184,0
True,1.70353296242596,0
True,1.93091940034024,0
True,1.21843675098401,0
True,3.07668851750158,0
True,2.48437877635538,0
True,2.55132720178383,0
True,1.62859982674351,0
True,3.28319686927914,0
True,4.52329795898321,0
True,2.20063318242776,0
True,2.96151367377489,0
True,2.30065628818488,0
True,0.753714445961815,0
True,2.78789641320473,0
False,2.61957831280316,0.00017259335587266
True,1.95581705886692,0
True,2.45999802136556,0
True,2.88764853617029,0
True,1.36526663160093,0
True,1.29874004607143,0
True,2.47141082643741,0
True,1.62614720216338,0
True,2.79198864642387,0
True,2.06901766807229,0
True,1.06884890366996,0
True,2.30104508442827,0
True,0.512571753634624,0
True,1.38704484564285,0
True,0.910701884346049,0
True,1.54424946302228,0
True,1.70117130082447,0
True,2.15942945001488,0
True,2.0077246012795,0
True,1.85125715058884,0
True,1.21537352041358,0
True,2.85708381883505,0
True,1.58679197980388,0
True,3.67737778853013,0
True,4.15935227618938,0
True,1.53923648826211,0
True,1.96581030568454,0
True,1.54965533326192,0
True,0.951325162672707,0
True,1.70796716325295,0
True,1.68319984707569,0
True,1.44064477910574,0
True,1.45896695465071,0
True,1.93867679893457,0
True,3.74123628521946,0
True,2.91057407989819,0
True,2.3231535493011,0
True,1.74134203449185,0
True,1.8080410655863,0
True,2.03698931946732,0
True,1.82143851332069,0
True,2.74893220497799,0
True,3.0958610578927,0
True,2.19598093353666,0
True,2.26544098228654,0
True,0.980417063088551,0
True,1.40433015012947,0
True,2.86620985506916,0
True,0.764884277334756,0
False,2.40300246024929,0.000226527939121743
True,2.96715853943723,0
True,0.841918390123551,0
True,3.40376435958843,0
True,1.7100259961105,0
True,1.07398676719875,0
True,1.66431659052548,0
True,0.728286114405364,0
True,0.7013037305007,0
True,3.48011950098031,0
True,1.26929928448159,0
True,2.67448308147892,0
True,1.36244423818766,0
True,1.50121697327893,0
True,2.23396046776096,0
True,3.65297257491851,0
True,0.912740231065611,0
True,1.88019461137435,0
True,3.61984898193991,0
True,1.92798624022863,0
True,1.57630886322957,0
True,1.32987144004851,0
True,2.4196406445913,0
True,1.38143131770377,0
True,1.33952472191579,0
True,1.11966711357075,0
True,1.64672315016148,0
True,4.34064282642196,0
True,1.22781218298516,0
True,1.61673293426726,0
True,1.76678329130637,0
True,2.18828453705379,0
True,2.73349511065356,0
True,2.45397928057925,0
True,1.917030035965,0
True,2.01023469979003,0
True,1.76927681023469,0
True,1.20186939091522,0
True,1.41133547104234,0
True,1.61405811212915,0
False,1.25061167381746,0.00122304568673005
True,2.11476884923468,0
True,4.28058572304378,0
True,2.34613635186454,0
True,1.2543640776736,0
True,2.99447228600551,0
True,3.4298268443845,0
True,1.89750130518601,0
True,1.7354400823562,0
True,2.07534135824175,0
True,2.00505104859299,0
True,2.00567925781934,0
False,1.35655079563993,0.000271908203943788
True,1.38238898817674,0
True,0.665638037834549,0
True,2.01520906526832,0
True,2.74109675432972,0
True,4.18426829676055,0
True,1.97582603719218,0
True,1.94560439371944,0
True,0.793650012371092,0
True,1.66232428993085,0
True,3.13603738243609,0
True,1.85891227254361,0
True,1.72482072817864,0
True,2.66746825390449,0
True,1.33013997981288,0
True,2.23164519323612,0
True,2.56021614005341,0
True,1.21657816195513,0
True,2.44648001415819,0
True,1.93150330683735,0
True,1.58418919492409,0
True,1.30050917013388,0
True,1.38350753239573,0
True,3.54207213016478,0
True,1.50130364112197,0
True,1.28012796275672,0
True,1.97479447998771,0
True,1.36263472381025,0
True,2.6204646551241,0
True,2.55153568951408,0
True,1.91501001901545,0
True,1.20065325948391,0
True,0.911932140174952,0
True,4.05101072651272,0
True,2.55373800331938,0
True,2.05439936021593,0
True,1.52838469724953,0
True,3.62156898098558,0
True,2.1655282455667,0
True,2.40079695119132,0
True,3.13714471608558,0
True,1.21769020932514,0
True,1.36199662409629,0
True,1.76006926079799,0
True,2.83797334270855,0
True,1.22080437149586,0
True,1.7187343412257,0
True,3.8760725558082,0
True,2.00658304152575,0
True,1.86879742226395,0
True,1.20267861347786,0
True,2.7402564128392,0
True,3.77575217242185,0
True,2.4118905427407,0
True,1.51295314898,0
True,1.00824753113141,0
True,0.881586445503845,0
True,3.77936315873607,0
True,3.77903833523992,0
True,0.987503792474671,0
True,3.78721247851943,0
True,2.0079291049721,0
True,1.23623210619618,0
True,3.0472214489415,0
True,1.50167510582454,0
True,2.13435055499457,0
True,1.62561773689018,0
True,1.43591049990542,0
True,1.24068625618449,0
True,0.549044872260724,0
True,2.84063319247108,0
True,2.5353524512817,0
True,1.68754672445613,0
True,1.66206470997618,0
True,2.23535912520668,0
True,2.80446386421129,0
True,1.41177996258442,0
True,1.26468784612299,0
True,1.88000762587228,0
True,1.00400058672835,0
True,0.888590640003529,0
True,1.9127066662025,0
True,1.12679170521234,0
True,2.63736989612939,0
True,1.97868131575113,0
True,3.0767181075515,0
True,1.91237800989084,0
True,1.88529820590625,0
True,1.62093325838114,0
True,2.67278763057019,0
True,1.89148351965204,0
True,1.30560807627596,0
True,1.19284829366593,0
True,3.47785412134602,0
True,1.23223521141645,0
True,1.29917558563878,0
True,1.1463181321851,0
True,3.14317849689704,0
True,0.957694681129913,0
True,1.58407746750455,0
True,1.06473567761432,0
False,2.30750510360752,0.000104371640181594
True,3.3840542900072,0
True,3.39347674517444,0
True,0.702129725140756,0
True,3.34563864024268,0
True,1.71479815360678,0
True,1.1135438588923,0
True,1.92638106108275,0
True,1.41374597036363,0
True,2.39421680098692,0
True,2.07478161283724,0
True,1.95348560248221,0
True,1.64869393787057,0
True,1.66657415278883,0
True,0.920201240128989,0
True,1.14669989652005,0
True,1.30889224759413,0
True,1.41128297322199,0
True,1.58914921102781,0
True,1.00640741134305,0
True,1.15114572617955,0
True,1.22594645073386,0
True,1.20694318061056,0
True,2.24242358059995,0
True,1.17233844191599,0
True,3.35510361582659,0
True,3.90864598928309,0
True,2.1684226577242,0
True,1.78547415854084,0
True,2.2289674834735,0
True,1.48518997473645,0
True,2.97213000528201,0
True,1.63046262519112,0
True,1.12526606360812,0
True,3.03217481115089,0
True,2.13597851421045,0
True,2.33919945241603,0
True,1.96587881774288,0
True,3.61127603997149,0
True,1.45679199700955,0
True,1.94887961983856,0
True,2.82823752469114,0
True,1.25539401976068,0
True,2.4520403043772,0
True,1.84184890536342,0
True,1.42229827896351,0
True,1.01455346861036,0
True,0.969600420964613,0
False,2.81942428356243,0.000194038330070648
True,1.30419958058157,0
True,3.61434917252747,0
True,0.872660691500565,0
True,1.39724885222511,0
True,1.41129062635519,0
True,2.0603139671568,0
True,3.4308592596451,0
True,0.840056111836007,0
True,1.12236184232144,0
True,3.81550500208294,0
True,3.04406798478031,0
True,1.49603880335946,0
True,1.93833026829128,0
True,3.33718544381898,0
True,1.36705190057022,0
True,1.72957543439569,0
True,1.28037323650465,0
True,1.39372115706933,0
True,1.35862794000416,0
True,2.7525509631159,0
True,2.85383938281692,0
True,3.20636539581364,0
True,1.74546601070697,0
True,1.45975511117955,0
True,0.913627679894449,0
True,3.45029614331396,0
False,0.920738902053019,9.00265248959419E-05
True,3.13206380800925,0
True,1.01555377866987,0
True,2.89144258949661,0
True,1.92675158897858,0
True,1.29215164835475,0
True,3.74416218267795,0
True,1.44941370214984,0
True,0.910570853584861,0
True,2.56667189637993,0
True,2.70577606883284,0
True,2.29704249836823,0
True,2.25142557259224,0
True,1.805040852751,0
True,1.88753348786254,0
True,3.25007796481628,0
True,1.41147148756105,0
True,1.49253679673417,0
True,1.7611302120658,0
True,2.44304308113434,0
True,1.96294438562119,0
True,2.58679861153416,0
True,2.92888410698772,0
True,1.26251690422197,0
True,1.72063585222853,0
True,0.872666364669979,0
True,1.78684383475783,0
True,2.76870943062975,0
True,1.40207672008379,0
True,1.49703159334235,0
True,1.84311499010231,0
True,1.76705766803053,0
True,1.83933714903389,0
True,1.51440744630601,0
True,2.00907979533028,0
True,2.47856674604158,0
True,1.13061141774177,0
True,2.18958985498452,0
True,1.89217343995752,0
True,4.01366137906052,0
True,2.03014317374183,0
True,3.26255523498766,0
True,2.82792261911813,0
True,1.82476898753231,0
True,1.40656859591929,0
True,4.0218825207591,0
True,2.85878989858,0
True,2.00497096828056,0
True,2.01216133703613,0
False,2.97088825519962,0.000207124275421405
True,1.15574818469129,0
True,4.40230877628669,0
True,4.19213493308802,0
True,3.8187397880817,0
True,2.26335083431191,0
True,1.13376033775042,0
True,1.55176852559205,0
True,1.21662044301994,0
True,0.816963159406289,0
True,3.32655133865209,0
True,2.69157051141618,0
True,1.49778819804052,0
True,1.19487469278069,0
True,1.55407793589996,0
True,2.46448842427256,0
True,2.97841202417403,0
True,2.01192065904423,0
True,1.07721757960592,0
True,1.90829268536387,0
True,2.92895402537855,0
True,0.925530017446065,0
True,2.86817500456666,0
False,3.05807210424597,0.00011022434322776
True,1.0988473958011,0
True,2.69551298993609,0
True,0.583973143866317,0
True,1.51988154127646,0
True,1.0355617988877,0
True,1.38883381071393,0
True,1.51297826009049,0
True,1.77333035633737,0
True,2.84141558043157,0
True,2.28676133568649,0
True,2.785565244707,0
True,1.86377330204946,0
True,1.33112664925568,0
True,3.06524101311377,0
True,2.6290166048791,0
True,2.46318700038457,0
True,2.5801016146863,0
True,2.15861657295395,0
True,1.44014841491352,0
True,2.68740362703828,0
True,2.04883429942388,0
True,1.34971924280401,0
True,1.20106139596906,0
False,1.68238859476155,8.18037625361258E-05
True,1.19094868444382,0
True,2.14110814626986,0
True,1.06676316491128,0
True,1.82656378676349,0
True,1.32024613463326,0
True,3.25267085947713,0
True,2.47864067850838,0
True,2.05459450888392,0
True,1.96937694595517,0
True,1.45153201988085,0
True,3.2037513522262,0
True,1.32515622803777,0
True,2.58673610632327,0
True,2.04480481155682,0
True,1.51752515250848,0
True,1.66632541909095,0
True,3.9445982618286,0
True,1.77180984765949,0
True,0.747398367272524,0
True,3.46625129627151,0
True,1.23136036353974,0
True,2.14165638183881,0
True,1.65384741652826,0
True,1.86561777850406,0
True,2.18900241738294,0
True,2.93437763579425,0
True,3.59641142064412,0
True,1.42982342177732,0
True,2.98279451126069,0
True,2.60975738224796,0
True,1.10069407622628,0
True,2.36070098555474,0
True,1.08208338256684,0
True,1.7150787188808,0
True,2.34566249386931,0
True,1.75998309257749,0
True,3.50365893766293,0
True,3.0692671935945,0
True,1.24895648323527,0
True,1.53950624418896,0
True,1.84871384913804,0
True,1.68749980076011,0
True,1.50358070531105,0
True,2.06656330149027,0
True,1.919554043365,0
True,2.07470641911073,0
True,2.70423773304609,0
True,0.72472159635716,0
True,2.43455605762538,0
True,3.0952377016031,0
True,2.61963230116774,0
True,3.10488770869009,0
True,3.04884924304041,0
True,1.64222615082488,0
True,2.851380952614,0
True,3.56337074987799,0
True,1.18704856484764,0
True,1.1776032993561,0
True,1.12508324127442,0
True,1.2196816255151,0
True,2.86894483654354,0
True,0.884225117817588,0
True,1.64687028223275,0
True,1.75895985152836,0
True,3.37561765486125,0
True,1.57542666355854,0
True,2.45640918715162,0
True,2.4515506255146,0
True,1.69145449190949,0
True,2.13683811224326,0
True,0.726835837744841,0
True,2.1059786089801,0
True,2.20407435452449,0
True,1.07561377778609,0
True,2.7653731902944,0
True,2.2711252613555,0
True,1.5831591264108,0
True,0.991817081169526,0
True,1.62612288257216,0
True,1.41018752920232,0
True,3.04200842316459,0
True,2.45463712858988,0
True,1.70459450454731,0
True,1.20765808347002,0
True,2.82533235800288,0
True,3.64870033059472,0
True,1.62412081780963,0
True,1.79856243675029,0
True,1.8534224345041,0
True,1.63908548109683,0
True,0.739465517091016,0
True,1.07429745917364,0
True,2.01901915337141,0
True,1.63898746137337,0
True,1.15959999268413,0
True,1.89643310525102,0
True,2.06488412022651,0
True,3.92355181329757,0
True,3.10009996195199,0
True,1.87713961988736,0
True,2.34836334390895,0
True,1.43590757650664,0
True,0.923503683165007,0
True,1.82329403914276,0
False,1.69904200920497,0.00117133962323128
True,2.55616496126077,0
True,0.885601285264957,0
True,1.83436508836151,0
True,1.30070656455144,0
True,3.15368192803929,0
True,2.81408506416463,0
True,1.81411104908852,0
True,1.88294318557571,0
False,1.86886994495541,0.000353743324565782
True,1.27083856241551,0
True,3.20904935241079,0
True,1.81343452695284,0
True,1.44412237040502,0
True,3.37631639979737,0
True,2.86191034599381,0
True,1.8162086769326,0
True,2.01006655948101,0
True,1.49181600641292,0
True,1.94256427259902,0
True,3.31318762918438,0
True,1.17729414252225,0
True,1.45478608840959,0
True,1.62550655850224,0
True,0.930765611236004,0
True,4.7040929574634,0
False,1.89972923001639,0.000125442922191397
True,1.94358391425804,0
True,0.921881155397633,0
True,3.28190424392199,0
True,3.30367185802683,0
True,2.91855833441548,0
True,1.21852630354449,0
True,0.965439019683243,0
True,3.10378127962924,0
True,1.13785016349659,0
True,1.26432508508323,0
True,2.75033555701448,0
True,3.66501207926198,0
True,2.05463933095025,0
True,1.97964862703534,0
True,1.58037643070404,0
True,1.61978398473223,0
True,1.78317588183027,0
True,0.867743714874069,0
True,1.04274154545879,0
True,0.900235400176094,0
True,1.34535637770941,0
True,1.60121792083881,0
True,1.08816039717378,0
True,1.7119648644366,0
True,1.74500757706527,0
True,1.92383683846673,0
True,1.60337725464741,0
True,1.58235553589825,0
True,1.00109084998955,0
True,3.98686686193045,0
True,2.54871596052902,0
True,1.39145834512719,0
True,1.02769759660035,0
True,1.79225269029677,0
True,1.71627739018571,0
True,1.7917001830542,0
True,3.17594975694341,0
False,2.00100132845924,0.000163537154217075
True,1.87878729330373,0
True,2.95346897821001,0
True,1.2669394982143,0
True,2.11832324151966,0
True,1.04002896393793,0
True,0.790113866058629,0
True,2.44007849704238,0
True,1.434204746152,0
True,1.53853482919435,0
True,1.91010723712072,0
True,1.87614743362891,0
True,3.26055980552969,0
True,2.28829048825681,0
True,3.04206478150655,0
True,2.76562022168843,0
True,1.50303521822061,0
True,2.13332941342347,0
True,2.29872185863393,0
True,3.43484153981613,0
True,0.710559938511271,0
True,1.95698915687135,0
True,2.27235294069562,0
True,1.59448702122997,0
True,1.89525039091181,0
True,1.57791788222324,0
True,2.01883244786479,0
True,2.50027955673845,0
True,1.06331799572793,0
True,1.40254272569053,0
True,2.41957293383337,0
True,1.71153757511324,0
True,1.01761289059564,0
True,0.874790956320349,0
True,1.32298394227234,0
True,0.809751177101891,0
True,1.49144258964966,0
True,2.20491794092913,0
True,3.02153049695021,0
True,2.17364833638569,0
True,1.63351268073703,0
True,1.06184085991526,0
True,0.749265568173806,0
True,0.979353021941582,0
True,1.5540220465413,0
True,1.13916180525801,0
True,2.18818971784874,0
True,1.76908321778417,0
True,1.92880019155937,0
True,2.17876298986669,0
True,2.14452775300266,0
True,1.81622717864751,0
True,2.03883701777562,0
True,2.04391409337381,0
True,1.37796442530268,0
True,0.981694784373296,0
True,2.76140348666273,0
True,2.46594370832861,0
True,0.831633111197491,0
True,1.94953121008362,0
True,1.09384983540355,0
True,1.93259065782781,0
True,3.46807443248503,0
True,1.93573249492649,0
True,1.6382126645002,0
True,3.77806709725806,0
True,3.38107993040647,0
True,2.18779081204234,0
True,1.7913348783251,0
True,3.00846797526335,0
True,4.00177715537578,0
True,1.00868479274328,0
True,1.89206809319011,0
True,2.07654776243171,0
True,1.25600038280999,0
True,1.33247117122311,0
True,1.02868730511592,0
True,1.4062161109456,0
True,1.72227260873464,0
True,2.28205250629576,0
True,2.0183995773382,0
True,2.65298039235503,0
True,2.00281628248986,0
True,1.09306100650669,0
True,1.95831184425743,0
True,2.23377855519744,0
True,1.64507961159418,0
True,1.22546592154265,0
True,1.63097362740366,0
True,1.27634603793523,0
True,0.681370758730595,0
True,2.23855811520688,0
True,1.50097050921937,0
True,2.62427876919163,0
True,1.9317594194378,0
True,1.22511213030502,0
True,1.80595909764857,0
True,0.676625734226709,0
True,1.20597119634762,0
True,2.27573440819345,0
True,1.50496188647159,0
True,1.95369083488307,0
True,0.95519351346448,0
True,2.61208968194652,0
True,2.37426799545761,0
True,1.56444265745588,0
True,1.38957856758658,0
True,1.37729080447567,0
True,1.77958868057635,0
True,1.62432258802901,0
True,4.20454641302032,0
True,1.59562532626798,0
True,1.55068757092851,0
True,2.71003712408449,0
True,1.53582549959396,0
True,3.30902802867355,0
True,1.58270818318967,0
True,1.01446232046582,0
True,2.05674805383492,0
True,2.37250836979223,0
True,1.42327392919913,0
True,3.41483729437047,0
True,1.80080374356584,0
True,1.80864147959174,0
True,2.02722340659745,0
True,2.56068729828177,0
True,3.6327683380914,0
True,2.65818370989793,0
True,1.63387534378036,0
True,2.94112642478809,0
True,2.67129449208653,0
True,1.02677703850963,0
True,1.09760825427266,0
True,0.999483826914464,0
True,1.74440788879452,0
True,2.85454679831669,0
True,3.33171498775079,0
True,0.889407945411273,0
True,1.5580813741634,0
True,1.57410584796786,0
True,1.61110136804169,0
True,1.57683892820893,0
True,2.01025589754472,0
True,2.7369774528314,0
True,2.07787108934929,0
True,4.58180074749609,0
True,3.43522246861213,0
True,1.23472477714881,0
True,2.95678819319395,0
True,1.00132465404595,0
True,3.38730817115689,0
True,1.65775441016549,0
True,1.01634261572073,0
True,1.42015242421234,0
True,2.2088121094691,0
True,1.31800899541077,0
True,2.10440860134588,0
True,1.92499590454861,0
True,2.19530195219833,0
True,4.23313522486638,0
True,3.76759625142085,0
True,3.48259291285319,0
True,1.58540450373513,0
True,2.82367134088751,0
True,2.47794626833242,0
True,1.32723944801139,0
False,1.86845330493021,0.000143220690017111
True,2.67041931821691,0
True,2.26519574554843,0
True,3.53278926853255,0
True,1.47486872072872,0
True,3.13815377286828,0
True,3.0335662645901,0
True,1.43658831367623,0
True,2.23486402454363,0
True,2.15560745112636,0
True,2.7500592192068,0
True,2.86045692952506,0
True,1.89028812223076,0
True,3.44694186143767,0
True,3.71068293654629,0
True,1.66450529510543,0
True,2.32628864907548,0
True,3.21001816223766,0
True,1.1616553089855,0
True,0.808048033603422,0
True,1.26307845145595,0
True,1.64818653900181,0
True,2.70451439732852,0
True,0.818964349709623,0
True,2.48857975811587,0
True,1.18149998853219,0
True,1.57827399329413,0
True,2.29366735101973,0
True,1.92540275991499,0
True,1.13225522733827,0
True,1.74804267326223,0
True,3.55979766191506,0
True,1.39188133904169,0
True,2.71954406716334,0
True,1.84389135725974,0
True,0.77646247196702,0
True,1.17657118319221,0
True,1.76297885242069,0
True,3.03806407000413,0
True,1.04722776808828,0
True,2.301412452341,0
True,1.9030791202064,0
True,0.965930062366824,0
True,0.998843298823328,0
True,2.42224024671824,0
True,1.4906926354757,0
True,1.70990499442875,0
False,1.61593428558467,0.000189718802115507
True,2.87878029014348,0
True,0.960994333963586,0
True,1.64220840832829,0
True,1.4287171644223,0
True,1.5770416414776,0
True,1.60291621808853,0
True,3.13918749425114,0
True,1.76258234906959,0
True,2.7275524193294,0
True,2.91558677225372,0
True,1.76197207173067,0
False,1.14718321577793,0.000761601990264377
True,3.18750811017942,0
True,1.99296627005612,0
True,2.71224766111541,0
True,2.11535288423349,0
True,1.29465975704834,0
True,1.08705836032384,0
True,3.00240054636006,0
True,1.56690432547182,0
True,1.51255809872486,0
True,1.23326209456629,0
True,0.812086420560524,0
True,2.12617375910076,0
True,4.08925690992003,0
True,0.731245851175453,0
True,1.52902635646719,0
True,1.09244389650358,0
True,2.25048587239638,0
True,1.73124099469197,0
True,2.86142917505541,0
True,1.60651769045782,0
True,1.68520947894559,0
True,1.93285985613346,0
True,1.92620314503544,0
True,1.50408873009172,0
True,2.33888407053488,0
True,1.14026852970911,0
True,4.15160848234824,0
True,3.10590726965864,0
True,1.79302537910688,0
True,1.41004893642777,0
True,1.5612030381952,0
True,1.04472226169854,0
True,2.36244030672957,0
True,2.43983937189444,0
True,1.69547016023666,0
True,1.94758887921185,0
True,3.16476906741779,0
True,1.29452659956138,0
True,1.47004096249329,0
True,1.66284316602977,0
True,2.45685144954525,0
True,2.37887466923046,0
True,1.11133656840217,0
True,0.965309051061916,0
True,1.55616059383332,0
True,2.47846036459922,0
True,1.57693860598854,0
True,2.322684745759,0
True,3.4268003626551,0
True,4.11374939141327,0
True,0.769670586297809,0
True,3.23953235489148,0
True,1.34959844669047,0
True,1.33733677215154,0
True,1.3552073175214,0
True,3.34794743163051,0
True,1.02812368635041,0
True,2.61142940405986,0
True,1.93969912043681,0
True,1.82593820706803,0
True,1.49378885352431,0
True,1.45613769412073,0
True,1.32159095361607,0
True,4.61748421483261,0
True,3.87475757538596,0
True,4.0097380969752,0
True,2.7134703005804,0
True,2.09608252435948,0
True,1.74400407275059,0
True,1.27839902528642,0
True,2.77952180600577,0
True,2.37616570504796,0
True,2.38781332222201,0
True,1.05956391857127,0
True,2.0167040608469,0
True,2.0865424989394,0
True,1.54910573766277,0
True,1.46878335109924,0
True,1.51099127491123,0
True,2.60266805533438,0
True,1.7836083935049,0
True,2.85095821626747,0
True,3.58728193727203,0
True,0.789882274319564,0
True,1.86563249918,0
True,1.48195295900928,0
True,1.89137984632855,0
True,0.766759932965962,0
True,3.26216131978052,0
True,2.35127450083261,0
True,2.77195702537962,0
True,1.42587975964269,0
True,4.0440563670137,0
True,1.96421975162235,0
True,1.19077042132791,0
True,1.59480200941839,0
False,1.30796724606536,0.000848408012269021
True,1.89083135796613,0
True,1.6891116617147,0
True,2.6826541814497,0
True,2.28021862266556,0
True,1.18972857804364,0
True,2.21786422937463,0
True,1.4860598291728,0
True,1.03371252611123,0
True,1.88829344191451,0
True,1.9644345314254,0
True,2.03875222617398,0
True,1.6748585223122,0
True,0.628540250980591,0
True,2.7410376531644,0
True,2.08551261570718,0
True,1.35828884320484,0
True,1.40445762573801,0
True,1.63350893543152,0
True,3.93342469902463,0
True,3.29699293974775,0
True,0.733291420779507,0
True,2.07895148668532,0
True,0.933124805997461,0
True,1.34487872508493,0
True,1.05580069730816,0
True,2.75188947885454,0
True,1.45466389866229,0
True,1.02484007008103,0
True,2.28435208223072,0
True,2.49524313853238,0
True,2.9630251685724,0
True,3.49667499876692,0
True,3.60727212343831,0
True,2.96188592008856,0
True,2.89621577341703,0
True,1.79048082197734,0
True,0.622703285955534,0
True,4.16374899170645,0
True,1.52205638469081,0
True,1.81201490828573,0
True,2.79658233689325,0
True,3.09280823280363,0
True,2.04938883743859,0
True,1.97971757595605,0
True,2.01298275273346,0
True,2.71447775100573,0
True,2.09312201442334,0
True,1.79823061459763,0
True,1.12196581934847,0
True,2.26126535691822,0
True,2.15647771989858,0
True,1.18186462781642,0
True,2.08697362392642,0
True,1.39678621642514,0
True,2.63669390290062,0
True,1.40149015478862,0
True,1.74309758589201,0
True,1.80502834273657,0
True,2.03259160136719,0
True,1.7548991549884,0
True,2.69759309788993,0
True,2.5564419605822,0
True,1.57505354630262,0
True,3.17951642927312,0
True,3.38857557316315,0
True,2.56437261266665,0
True,0.855046874856995,0
True,1.2643094558293,0
True,1.57980504849314,0
True,2.85678516655382,0
True,1.26077603239019,0
True,2.41851727761202,0
True,1.06682029591226,0
True,2.75536508823289,0
True,1.53248089475516,0
True,2.41640045943592,0
True,1.78592472194191,0
True,1.44570850244452,0
True,3.13632485194812,0
True,2.36458887016716,0
True,2.09598827146262,0
True,0.574699683392085,0
True,1.65484513755588,0
True,2.95488205921666,0
True,1.10212480630191,0
True,1.74330318872489,0
True,1.01797822402111,0
True,2.11244565619747,0
True,3.28241036004096,0
True,1.53505207072021,0
True,1.31196292429882,0
True,1.24306857289513,0
True,2.07738412360062,0
True,1.17601632206063,0
True,0.891349246429818,0
True,1.1485899534225,0
True,1.37836308804839,0
True,1.05812129413085,0
True,1.0203114399237,0
True,0.601287689442249,0
True,1.28146649835389,0
True,2.12656625900838,0
True,1.87283930230606,0
False,2.55871066620383,8.50800069094915E-05
True,0.792858316197387,0
True,1.73709361295705,0
True,1.25505222118909,0
True,1.63821408503281,0
True,1.87099085786831,0
True,3.86635455402417,0
True,2.2996352217873,0
True,1.62371238013242,0
True,1.96123159790914,0
True,1.35456322557819,0
True,2.03219875130914,0
True,0.922712963025711,0
True,1.85357744653955,0
True,1.20089929532079,0
True,1.35411170841136,0
True,2.55261311082946,0
True,1.26039857308878,0
True,1.95110141403513,0
True,1.8660349575396,0
True,1.01668460075063,0
True,1.78374214078787,0
True,2.0331441609936,0
True,1.32270609290624,0
True,1.8645748357905,0
True,1.42058582568946,0
True,1.49666516191289,0
True,1.00679420814286,0
True,1.74899651275628,0
True,1.6046545987752,0
True,1.57785063617068,0
True,2.10369980876966,0
True,4.02875331085752,0
True,3.16678917768045,0
True,1.80948143167779,0
True,1.24202709098595,0
True,2.1255243778758,0
True,4.4876535499927,0
True,3.15762953073594,0
True,1.36929044378632,0
True,1.40698939259799,0
True,2.30047546666754,0
True,3.40502012444706,0
True,1.52562568363433,0
True,1.37227920411628,0
True,1.21612497456404,0
True,2.26837407010389,0
True,1.44761341568333,0
True,0.781211115099687,0
True,2.62088120103944,0
True,1.51438503081344,0
True,3.85839571037874,0
True,2.6725643690972,0
True,3.16994477190317,0
True,1.56919798539728,0
True,2.17574458763055,0
True,1.52290058740376,0
True,1.58598622469714,0
True,1.13698517294845,0
True,2.00334599281505,0
True,2.35342020656104,0
True,1.09339755992271,0
True,1.02670291421464,0
True,1.73170142270922,0
True,1.92139167381316,0
True,3.08155810209515,0
True,0.752561366892398,0
True,1.75357156817732,0
True,3.2959193103366,0
True,3.86735542054832,0
True,0.879930978635503,0
True,2.2055840614191,0
True,1.09377007031309,0
True,1.86773356414232,0
True,1.2686629920593,0
True,0.913203089086253,0
True,1.35522667137185,0
True,1.43862028858822,0
True,1.34360537297518,0
True,1.964836055613,0
True,1.56784270098414,0
True,4.21722310666495,0
True,1.37952973196174,0
True,1.73000516754929,0
True,1.63794211264471,0
True,1.42773536975373,0
True,1.9113938904767,0
True,2.34802024730778,0
True,0.991920887554033,0
True,1.19869868458168,0
True,2.10420230091598,0
True,4.49665123345864,0
True,3.383689274684,0
True,0.90590986507528,0
True,3.4723730456313,0
True,1.90164732697869,0
True,0.740803748165768,0
True,1.25432032966284,0
True,1.20056813774798,0
True,0.817073694400156,0
True,1.70347958115389,0
True,2.38299206025571,0
True,1.78829923985921,0
True,2.26062821457175,0
True,2.18634659234473,0
True,2.72977345415219,0
True,3.68739554184444,0
True,2.30078645160443,0
True,2.05209969056797,0
True,1.27075725080346,0
True,1.66325808516042,0
True,1.1697321028023,0
False,1.83541300364313,0.000355780845399175
True,0.766259640260811,0
True,3.29161197562777,0
True,0.99855617720223,0
True,2.51278440272361,0
True,1.5677362915442,0
True,1.09079360048693,0
True,1.66788155401071,0
True,1.26697351887524,0
True,1.11213431210543,0
False,1.9565129350786,9.69329672381844E-05
True,4.30577057924158,0
True,0.657738657477949,0
True,1.16350919349184,0
True,1.33119409312392,0
True,2.1366768539031,0
True,3.36506845429446,0
True,2.60369430436496,0
True,2.17635182610097,0
True,1.25273651935351,0
True,1.32770084831747,0
True,2.06506449720131,0
True,1.21408506217907,0
True,1.59045599765115,0
True,2.38826123772863,0
True,3.9499745814813,0
True,0.945451249070938,0
True,2.82370787206691,0
True,3.16516678331757,0
True,3.96725958948599,0
True,2.63890355035713,0
False,2.10504932412839,0.00050198366511214
True,1.38445133693347,0
True,3.70456258876542,0
True,1.97474575583273,0
True,0.870122944256905,0
True,1.72152511952647,0
True,0.725264678104879,0
True,3.49738010822953,0
True,1.61673113302421,0
True,2.26169765397911,0
True,0.65473795799105,0
True,3.20634386503745,0
True,4.15216452593303,0
True,2.48664632065809,0
True,1.92925134193046,0
True,3.45366917379765,0
True,4.18789535412055,0
True,3.75034470702929,0
True,2.11059933539808,0
True,1.31522272958079,0
True,0.855811588395015,0
True,1.92640797332763,0
True,1.10503444528819,0
True,2.49454978356635,0
True,3.99739247124455,0
True,3.28254897839781,0
True,0.604373789230793,0
True,1.65201811530824,0
True,1.68088566771368,0
True,1.43246829665618,0
True,2.95047149424877,0
True,2.31829155883231,0
True,2.63823273325035,0
True,1.49511282159662,0
True,1.316984151692,0
True,2.67837422410833,0
True,1.61287809453214,0
True,0.776756001207226,0
True,2.49867676760656,0
True,4.07747442135184,0
True,1.45041868821129,0
True,0.765736619482724,0
True,1.23386462214828,0
True,0.91159259869663,0
True,2.6344434240552,0
True,2.15681461548873,0
True,3.33946858344549,0
True,2.73454710508193,0
True,0.999008738177655,0
True,2.19019139220013,0
True,1.42938761379928,0
True,2.5940336547174,0
True,1.34077238436427,0
True,1.5874948519264,0
True,3.22088894761605,0
True,1.64184287088804,0
True,0.875173463913203,0
True,3.00185900963325,0
True,0.967982650790047,0
True,1.27683493521211,0
True,2.03180701299247,0
True,2.25052404770703,0
True,2.1565590734046,0
True,1.74729195420852,0
True,1.15258493242491,0
True,2.69087503300041,0
True,0.746225671606893,0
True,1.82871832669153,0
True,1.57900677764656,0
True,0.769721284364293,0
True,1.97214996437667,0
True,2.17751789387805,0
True,2.89759377929211,0
True,1.75686669390105,0
True,3.45428592497439,0
True,2.47068487410159,0
True,1.61995317880569,0
True,1.54033314517934,0
True,1.81856261365364,0
True,2.20393874303286,0
True,2.58618572366218,0
True,1.44480825918202,0
True,1.21157710801156,0
True,1.74771224690606,0
True,2.49053162861444,0
True,3.13444625016664,0
True,2.09031856410747,0
True,1.41605650369662,0
True,1.84031326694816,0
True,1.54254729191588,0
True,1.22290774045558,0
True,2.07576682559937,0
True,1.9834725477693,0
True,0.835296569793347,0
True,0.876543850531698,0
True,1.62270827511135,0
True,1.82774541685661,0
True,1.19248954342945,0
True,4.01917780414705,0
True,2.66300907587323,0
True,2.59460257929843,0
True,3.81196232958466,0
True,1.49391036591309,0
True,1.69459718093295,0
True,1.17442755397105,0
True,1.35760732638939,0
True,1.63747980587865,0
True,2.3495203481914,0
True,1.2301458727198,0
True,1.18271147990364,0
True,3.92193975474651,0
True,2.52231195945425,0
True,1.48253526617505,0
True,0.577179064717356,0
True,3.55422252815027,0
True,1.01098407359467,0
True,1.89194673829976,0
True,2.24192573285023,0
True,4.49951765511022,0
True,1.84294932310691,0
True,0.968334429992407,0
True,1.58865941344805,0
True,1.4747567758381,0
True,1.97037083483732,0
True,2.32106967777315,0
True,1.88350986610897,0
True,2.61917165183419,0
True,1.13551027369673,0
True,1.43542393126075,0
True,2.40299688120083,0
True,2.64886416593586,0
True,1.10332734550915,0
True,2.33772410408629,0
False,1.08639863209451,0.000278882374218913
True,0.744427836003009,0
True,3.88535264661802,0
True,0.782437039467247,0
True,1.80146401646977,0
True,1.15987332540311,0
True,3.15436391547317,0
True,1.14769155370735,0
True,1.98717909428266,0
True,1.33829047284909,0
True,1.23952619654485,0
True,0.914029909116438,0
True,0.991488920424125,0
True,2.03003989636917,0
True,1.32122607228955,0
True,3.39712907848858,0
True,1.25407357897642,0
True,2.03109333624934,0
True,2.19380956706908,0
True,1.42082782916861,0
True,1.34884143289905,0
True,1.22347197188474,0
True,1.21096056433013,0
True,2.0605527995169,0
True,3.26484649861022,0
True,1.50078785606039,0
True,1.48867363039009,0
True,1.42787938214802,0
True,1.3501094625875,0
True,1.8456214931284,0
True,2.31150992879592,0
True,1.21575459406135,0
True,1.68405248506822,0
True,2.10180019789772,0
True,2.37245602592855,0
True,1.4260675089358,0
True,2.20521902458367,0
True,1.8950837503145,0
True,1.87328082093253,0
True,1.20881136086595,0
True,1.08155772533458,0
True,3.70677527318519,0
True,1.04981511343511,0
True,2.46303823494757,0
True,2.58764720098624,0
True,2.5180838554294,0
True,1.71206261911992,0
True,1.17802041935625,0
True,1.45477365130705,0
True,2.12011151629288,0
True,1.56365555928283,0
True,1.28924344832234,0
True,1.4614040408886,0
True,1.09676611041324,0
True,2.33296982533848,0
True,2.7250122459232,0
True,2.36736723603739,0
True,1.6154715074893,0
True,3.93035524335528,0
True,2.82726761521321,0
True,3.2752625321236,0
True,2.08394675268806,0
True,3.01717091942273,0
True,2.27526955243097,0
True,2.79569777317201,0
True,0.799352308747206,0
True,2.68786693345758,0
True,2.7112324971263,0
True,1.95391967403355,0
True,1.82710707707592,0
True,1.10819164526088,0
True,1.39352222115013,0
True,2.59033284347134,0
True,2.75099138162365,0
True,1.93426125724029,0
True,3.71502828436991,0
True,1.51308465730102,0
True,1.79277334218937,0
True,1.87872608726555,0
True,2.69484495608647,0
True,1.11288919361242,0
True,3.00112336825119,0
True,2.45646891686987,0
True,1.48873801032369,0
True,2.81111133623155,0
True,1.25185118872011,0
True,1.50219870831399,0
True,0.796146968284418,0
True,1.49679458288325,0
True,1.60552743937152,0
True,1.56429336289672,0
True,0.934453583142757,0
True,1.73153362414887,0
True,1.81947613036748,0
True,1.48503343888341,0
True,3.00289771903205,0
True,1.77142309918229,0
True,2.28419092092344,0
True,2.74132281617324,0
True,1.69054440054122,0
True,0.641451590916146,0
True,0.64474408135788,0
True,2.1173090159236,0
True,0.661151076073371,0
True,2.68144961605669,0
True,1.07732711665762,0
True,2.23047861275041,0
True,1.01971896139177,0
True,1.25535468517961,0
True,1.19720170576201,0
True,1.64392099326119,0
True,1.95775144985088,0
True,1.98830275084229,0
True,1.14076478986483,0
True,3.7561112594514,0
True,2.88500171901868,0
True,2.91258453347436,0
True,3.16093697186039,0
True,3.45020526284061,0
True,2.8495707535937,0
True,1.73787347140622,0
True,1.33422344243913,0
True,1.47093440236042,0
True,1.43458564028859,0
True,3.4390474656,0
True,1.52268476214486,0
True,1.77285098225785,0
True,1.42514005780932,0
True,4.39810062414001,0
True,1.23785204715444,0
True,2.00389590515732,0
True,2.87235909688458,0
True,3.11531065291466,0
True,1.63663984613095,0
True,1.18455691202672,0
True,1.06928996833856,0
True,1.40825445510689,0
True,2.64209827084857,0
True,1.26673573699692,0
True,1.2869934634465,0
True,1.70056186668504,0
True,2.49928244862275,0
True,3.6576478227733,0
True,2.28996377943043,0
True,1.17683958193186,0
True,1.37031113904207,0
True,1.64702579517809,0
True,0.90437233171462,0
True,1.47530605409105,0
True,0.968523842085171,0
True,1.1103877014533,0
True,0.929863004370411,0
True,1.81543016445077,0
True,2.91568350773184,0
True,2.7010076450207,0
True,1.18596086628132,0
False,2.08800355004072,0.000151547252434562
True,2.34599441121176,0
True,1.14840653141097,0
True,2.26907723262697,0
False,2.13435383401755,0.000316131931399395
True,1.85562068149094,0
True,1.41814907276913,0
True,1.05652840146133,0
True,1.56877950191522,0
True,2.56625789462165,0
True,1.29180301616168,0
True,1.61059381139542,0
True,1.41042852557335,0
True,3.46592338322317,0
True,3.73789648266949,0
True,0.920720848429837,0
True,1.94097722459649,0
True,2.75116352830776,0
True,2.24975316952223,0
True,2.00886639836461,0
True,2.41940945146632,0
True,2.22762033296854,0
True,1.21063330219006,0
True,2.52925263538572,0
True,1.97334777067817,0
True,1.43391253547115,0
True,2.60684725961636,0
True,1.91020179807811,0
True,2.39100822313412,0
True,1.2894943291376,0
True,3.73117626550973,0
True,0.950785494512013,0
True,1.9973201073144,0
True,0.838023911652489,0
True,1.13554067398479,0
True,2.33226678847139,0
True,1.98173345746826,0
True,3.04802112561335,0
True,0.980988206612215,0
True,1.3878999361464,0
True,1.13881305472734,0
True,1.10677164654911,0
True,2.03366581497492,0
True,3.02281517078206,0
True,2.40542002022134,0
True,0.696654747752715,0
True,1.30016187270665,0
True,0.968070302603578,0
True,1.44198865110275,0
True,2.02754268014829,0
True,3.07830000399171,0
True,2.02767496711169,0
True,0.979255725780089,0
True,1.20188568458185,0
True,1.67812363840524,0
True,1.35230957849357,0
True,1.60107468186503,0
True,1.6035783984151,0
True,1.72014507943627,0
True,1.74122356640444,0
True,2.16672422743413,0
True,2.485001873518,0
True,0.958910457702985,0
True,3.32018265990613,0
True,2.22656726617908,0
True,3.60656316811625,0
True,0.592077603194105,0
True,1.3096369710913,0
True,1.73004958207145,0
True,1.181863652051,0
True,1.04186591216682,0
True,1.12372767181354,0
True,1.57783947483932,0
True,1.39668405654902,0
True,2.3168526576972,0
True,1.65408789582713,0
True,1.71523489880051,0
True,1.51158025408196,0
True,1.4391267383302,0
True,1.38468311516512,0
True,1.56953068002506,0
True,1.34994694363763,0
True,1.77914379268292,0
True,3.07967864952311,0
True,3.11763321642332,0
True,0.820789755024175,0
True,1.35831508051069,0
True,2.51432555851186,0
True,1.83105929749414,0
True,4.15848651990229,0
True,1.61112666496099,0
True,1.52354990280875,0
True,1.36561514320612,0
True,1.19171825256478,0
True,1.17880030650035,0
True,1.36529889303217,0
True,1.7992000389738,0
True,1.39817206560974,0
True,1.48987978610872,0
True,3.8561778206213,0
True,2.77749090668869,0
True,4.06381342961736,0
True,1.42907995003829,0
False,1.41396486863674,0.000144597755150227
True,2.74576295226324,0
True,1.09717265267758,0
True,1.53991866569404,0
True,2.5689975054552,0
True,2.06907644622403,0
True,3.16737176861309,0
True,1.54687842763071,0
True,2.06976394392895,0
True,2.25666863886867,0
True,1.45659850863062,0
True,1.87201919154293,0
True,1.55414386054217,0
True,1.23864955254968,0
True,1.89371685163504,0
True,1.7476678890069,0
True,0.93811886577741,0
True,0.677087258906912,0
True,2.21688838611913,0
True,2.11149649658015,0
True,2.61358208386597,0
True,2.91747535664642,0
True,1.46066706113889,0
True,2.93808508055244,0
True,3.1897215350281,0
True,2.25076557876992,0
True,1.35429449415423,0
True,1.20900627402411,0
True,1.6341001530961,0
True,2.65815400795645,0
True,1.38788582397984,0
True,1.09445675968892,0
True,2.19604609209771,0
True,1.56336636601956,0
True,1.55744549006611,0
True,1.38732859831357,0
True,1.7726019935777,0
True,1.14485852223249,0
True,1.67509653191817,0
True,1.78105849699002,0
True,1.33898554844389,0
True,0.802868286313792,0
True,1.72833794381482,0
True,2.1418390135757,0
True,0.680264753668946,0
True,2.00749094192366,0
True,1.38195079874335,0
True,2.02986950883994,0
True,1.62435088521115,0
True,1.49667513231307,0
True,3.93609867999815,0
True,2.51375507150085,0
True,1.34388814032202,0
True,1.69384806917336,0
True,0.935623164774226,0
True,2.01329014887903,0
True,1.76640211155744,0
True,3.48488465035603,0
True,1.51300609676849,0
True,1.32923673687012,0
False,3.89743484577214,0.00010649889218852
True,2.34850267186297,0
True,1.13424509037514,0
True,2.30515266642128,0
True,1.9698185844899,0
True,3.58453752003651,0
True,2.5980866981537,0
True,3.37295669971857,0
True,1.70878567979477,0
True,1.9722143439184,0
True,2.52240352211172,0
True,1.82820798837856,0
True,2.08089899034565,0
True,2.24015348656434,0
True,1.25973992720546,0
True,2.38269018785249,0
True,1.51720567624421,0
True,1.68237850728693,0
True,1.17779060073578,0
True,2.11280511656537,0
True,2.46990189403137,0
True,1.31760718604148,0
True,1.73172907616618,0
True,1.17512614348984,0
True,2.57961632472534,0
True,2.04552910543774,0
True,1.66234065542521,0
False,1.41647214835862,9.1939987087423E-05
True,2.43400610247762,0
True,1.78436609584595,0
True,1.6622304725265,0
False,2.16033687841698,0.00057921210681532
True,2.55819959319752,0
True,1.57570576609185,0
True,2.14974262594181,0
True,3.59479375596461,0
True,0.970754288607545,0
True,0.770808416895842,0
True,1.05820438923988,0
True,1.3937517786632,0
True,1.60594965416192,0
True,0.715338818212891,0
True,3.60884294996107,0
True,2.04397967713666,0
True,1.47247345425275,0
True,2.09251247820947,0
True,2.35621385875031,0
True,2.02245202922447,0
True,1.14479209005348,0
True,1.63979437229643,0
True,1.80021625603588,0
True,2.19223516825387,0
True,2.47496158894601,0
True,1.85565068623158,0
True,2.58619409543827,0
True,1.23270038642246,0
True,2.48977762520715,0
True,3.80713866546478,0
True,2.13129811818531,0
True,1.2058704889487,0
True,1.50684596196115,0
True,2.39604151501251,0
True,1.37924638465603,0
True,1.36751122215085,0
True,1.14962729970246,0
True,1.83891926620483,0
True,2.02638471674296,0
True,1.93897410433762,0
True,2.76698240692133,0
True,2.17990404150514,0
True,1.19902820431362,0
True,2.88420593369755,0
True,1.87129294358015,0
True,2.30464301277145,0
True,2.15106105096838,0
True,2.42908275439691,0
True,1.01008846518119,0
True,0.951168527823634,0
True,2.68293015830847,0
True,2.03336763474477,0
True,1.15314242408885,0
True,2.43623929041322,0
True,1.03809305173484,0
True,2.34448355487513,0
True,2.49127683284467,0
True,1.56862063632374,0
True,1.96140546339623,0
True,1.75896562328737,0
True,3.19283807914495,0
True,2.38391414836221,0
True,2.34845044204074,0
True,1.47656240502188,0
True,3.17901129790045,0
True,2.56623651856475,0
True,3.20464968144317,0
True,3.73932339920391,0
True,1.37161344709037,0
True,0.767275144052776,0
True,1.46847291578512,0
True,2.36670763435635,0
True,2.410522863068,0
True,2.79656656364214,0
True,2.04056344294651,0
True,1.36632356987455,0
True,2.30227634682971,0
True,2.15157780110563,0
True,1.26874349525844,0
True,1.37542761775742,0
True,1.61733097236849,0
True,1.36377886792787,0
True,2.04832837710234,0
True,2.29404936889024,0
True,4.40962272892523,0
True,4.06261300058129,0
True,1.17251808648709,0
True,1.91320299377161,0
True,0.936757384152691,0
True,0.855806723049287,0
True,1.07193714688877,0
True,2.0138858119631,0
True,1.85877127614639,0
True,2.21844996933352,0
True,1.44502940888034,0
True,3.98727769786226,0
True,1.18692097006751,0
True,1.64764315917184,0
True,1.13971984117079,0
True,0.961607738169915,0
True,2.24921295034598,0
True,1.56304623702045,0
True,1.4878263524856,0
True,2.90462941087957,0
True,1.79687516063052,0
True,1.72619413385694,0
True,1.16878029001015,0
True,4.21697818382475,0
True,1.40161107216738,0
True,1.73141432752847,0
True,2.0406021507998,0
True,3.24913963800118,0
True,3.4571236163648,0
True,1.41514730434084,0
True,4.25759178811818,0
True,0.831806384724072,0
True,1.36699489126458,0
True,2.48111456199155,0
True,2.66692527977783,0
True,1.83920589972941,0
True,1.05677856836385,0
True,1.30503083005779,0
True,2.04273333019358,0
True,2.08368923387054,0
True,1.97133351415356,0
True,1.65737470953585,0
True,1.99200224124217,0
True,1.60994924880108,0
True,1.54204747302766,0
True,2.53214560574139,0
True,2.27826948991486,0
True,3.3056270511648,0
True,1.89211916548365,0
True,1.926642562763,0
True,2.63997625514516,0
True,3.45585523632609,0
True,2.37686258976647,0
True,2.26696087793735,0
True,0.849755250632086,0
True,2.21157772304938,0
True,1.02040372660578,0
True,1.17168641182219,0
True,1.7236624016211,0
True,1.89205603510947,0
True,2.25680849110024,0
True,1.6152691564211,0
True,1.50248766784874,0
True,3.35533475854019,0
True,2.53629115756784,0
True,1.25762162898914,0
True,1.04360829935623,0
True,2.18549083701438,0
True,1.91758008146327,0
True,1.22513992356211,0
True,3.67295240257903,0
True,2.33905269197492,0
True,1.28712186058772,0
True,2.4609753569282,0
True,2.55445659608057,0
True,3.59650138765783,0
True,1.97898207710343,0
False,0.698250511255358,0.000167791613176917
True,1.80121182234528,0
True,1.9285831452261,0
True,1.9500914398102,0
True,2.09777845674872,0
True,2.64032204663665,0
True,1.02885881713993,0
True,2.54846052509613,0
True,1.61817198340116,0
True,2.58943362442788,0
True,2.73232251204013,0
True,0.836056337110539,0
True,1.08047792618328,0
True,2.43191494114329,0
True,2.22188902784531,0
True,1.69373618461693,0
True,1.40594225705576,0
True,1.09927763629076,0
True,3.92183461925024,0
True,1.98528454639301,0
True,2.15668261138568,0
True,1.40044418230257,0
True,1.45178172500387,0
True,2.3079872818469,0
True,2.0158308527397,0
True,2.09352073222069,0
True,1.22030378079602,0
True,1.12206958443091,0
True,1.64950790960451,0
True,2.28849722482883,0
True,1.64811793408612,0
True,0.988952022282657,0
True,2.16603176296632,0
True,1.44376790538242,0
True,1.60442640854611,0
True,1.45437190290644,0
True,1.42132128498929,0
True,2.6714345042237,0
True,2.26225091776936,0
True,4.28443753183195,0
True,1.78524278568391,0
True,2.83888541913531,0
True,1.1428209235719,0
True,1.33840375527266,0
True,2.71835286258025,0
True,2.5681996107558,0
True,2.56402811312227,0
True,1.84363007019215,0
True,1.22009545736541,0
True,1.21493322989098,0
True,2.18059909593136,0
True,2.53601232969682,0
True,2.41260077562924,0
True,1.60757644018265,0
True,1.78381057922275,0
True,2.37240020851512,0
True,1.65928915395341,0
True,1.49947128587497,0
True,1.69671936762256,0
True,2.09823488839629,0
True,1.67840024050624,0
True,1.49795104098985,0
True,1.42554143182087,0
True,1.08644501310174,0
True,0.95124631978561,0
True,2.71792022648991,0
True,2.38125920410738,0
True,1.43117003861722,0
True,1.44144989999116,0
True,2.157672703234,0
True,1.49369811735495,0
True,2.34815730539884,0
True,3.11946677439588,0
True,0.854436479476411,0
True,2.36858312190889,0
True,0.959612012974793,0
True,0.990437960402931,0
True,1.77386149472926,0
True,1.59395875625364,0
True,1.04192232058492,0
True,1.08741636304292,0
True,0.996643089015566,0
True,3.30381539563594,0
True,2.22331741315142,0
True,1.81529560906192,0
True,1.48172080473524,0
True,1.11526494517251,0
True,2.1639620109718,0
True,1.30813897958615,0
True,1.05872372407846,0
True,1.23473792174486,0
True,1.06523507139168,0
True,1.17187926694065,0
True,0.923446279241488,0
True,3.36569558593446,0
True,2.05361909569779,0
True,1.88994708149307,0
True,2.90518236670609,0
True,1.32631112371736,0
False,2.83737267650496,0.000855851790167147
True,2.13859226279331,0
True,2.7890720364394,0
True,1.30590074781397,0
True,1.36735630599133,0
True,1.48245931820759,0
True,2.37659453632937,0
True,2.89202806441369,0
True,2.58984768637154,0
True,1.83277480370158,0
True,2.33896318167906,0
True,1.73812858219098,0
True,1.12021715028712,0
True,1.09365608811605,0
True,1.23408657219308,0
True,1.59614246686943,0
True,4.55134465346162,0
True,2.08900666518841,0
True,1.47001367619953,0
True,2.85695331123969,0
True,0.825381790958628,0
False,1.09668926219415,0.000109265179183993
True,1.23423574816928,0
True,2.21639366707722,0
True,1.69533902194173,0
True,1.22584464345923,0
True,1.15966195965097,0
True,0.596588260364204,0
True,1.7969596972863,0
True,3.38468607793611,0
True,1.7315536444065,0
True,1.00697899608246,0
True,2.70474264356446,0
True,1.60303734465321,0
True,1.63109635691012,0
True,2.4647383160056,0
True,2.42279294392711,0
True,1.60167201340382,0
True,0.929593398284326,0
True,1.55801272237231,0
True,3.74613322515977,0
True,2.16085383596105,0
True,2.58034108441619,0
True,2.43599326337444,0
True,2.67301306935093,0
True,2.00120108309531,0
True,1.43369898160415,0
True,1.12438123829528,0
True,1.22366863516379,0
True,4.13532126715779,0
True,2.68606025274249,0
True,2.29911287664456,0
True,2.25514155225574,0
True,1.01913066492511,0
True,2.14785925822267,0
True,2.13540804253588,0
True,3.38712586224655,0
True,2.36700771978235,0
True,2.69924987303824,0
True,3.72532255276723,0
True,2.00526699179717,0
True,1.91134293200092,0
True,2.16292307155716,0
True,2.17467626786135,0
True,2.2667522556187,0
True,1.89184676866808,0
True,1.10820773889405,0
True,1.50894062458955,0
True,1.8612542352704,0
True,4.07940278690279,0
True,0.737723239441846,0
True,1.03420431968922,0
True,1.60535888365782,0
True,2.00516594863256,0
True,3.66715680851887,0
True,2.45223518778164,0
True,1.67027123783167,0
True,0.961784553257783,0
True,1.99326928407263,0
True,3.34260462156438,0
True,1.83010520801415,0
True,0.883716356041446,0
True,2.52956824780629,0
True,1.39488018277937,0
True,1.47670145822917,0
True,3.27076406898929,0
True,1.38079360627118,0
True,1.81820317969009,0
True,2.92503512841846,0
True,2.94534973589734,0
True,1.95177309973359,0
True,1.79751851733452,0
True,0.879950730873045,0
True,1.61905788410217,0
True,2.28371287317364,0
True,1.76031751012756,0
True,2.10423824804212,0
True,1.72093675851933,0
True,2.47071035453668,0
True,1.64388098096477,0
True,1.63075558668308,0
True,1.29509080521958,0
True,2.12365145424583,0
True,3.49457854294719,0
True,2.23492383096911,0
True,1.28526527529186,0
True,1.53404173748434,0
True,0.684380180565863,0
True,0.964312525225665,0
True,2.02781833104753,0
True,1.13373589074557,0
True,1.56485062177143,0
True,3.00062115753454,0
True,1.44332523249681,0
True,1.70987791561478,0
True,1.49185777797126,0
True,2.17632989773895,0
True,3.01853918943126,0
True,1.79119557910926,0
True,1.99746507236104,0
True,3.22184967711483,0
True,1.3175868471266,0
True,1.76255803737141,0
True,2.30830577937145,0
True,0.95950473927748,0
True,1.91103439513922,0
True,1.70353351637878,0
True,1.00603989352143,0
True,1.41347960892289,0
True,2.44384851063028,0
True,1.47471476228624,0
True,1.9705825176721,0
True,1.89291165269431,0
True,2.24983953351639,0
True,1.71943102865513,0
True,2.16069985183821,0
True,2.42923069448356,0
True,1.23526509451572,0
True,0.972435247314231,0
True,1.23086592406852,0
True,1.58583604936924,0
True,1.95383360279782,0
True,2.18396195263792,0
True,1.22523784066475,0
True,1.55896342253679,0
True,1.09257017516327,0
True,1.69878461815428,0
True,1.68385788505134,0
True,1.80850583789676,0
True,1.94930578457689,0
True,0.659117975503426,0
True,0.694984113417613,0
True,1.94454896257496,0
True,1.85199231762247,0
True,2.66348570956901,0
True,1.36369452201261,0
True,1.28816825759133,0
True,1.10472544557786,0
True,2.42139539543473,0
True,1.75419726087617,0
True,2.23598015431984,0
True,3.02706167733217,0
True,2.22648151745023,0
True,1.35150968303184,0
True,1.36257117469364,0
True,1.41827490430393,0
True,2.08164916367957,0
True,1.04125199717021,0
True,1.5468288702763,0
True,4.54378782342286,0
True,2.51188199120909,0
True,1.50512173107089,0
True,1.26270035786987,0
True,1.67848837542887,0
True,1.97105285994236,0
True,0.972190571708481,0
True,3.53387193817,0
True,2.61499167808198,0
True,2.44829051496656,0
False,1.70402712835718,0.000417073491851602
True,1.34459611127905,0
True,1.185231793117,0
True,1.3357901183445,0
True,2.88612327550446,0
True,2.9069548068564,0
True,2.52621612332037,0
True,1.19475113590636,0
True,1.68656191923557,0
True,0.853202006537095,0
True,3.41022436336862,0
True,1.90689508136048,0
True,2.82832193766575,0
True,2.66408468674112,0
True,2.68461512722631,0
True,3.10322835318504,0
True,1.69084881501148,0
True,2.67248575830631,0
True,3.52223655794056,0
True,0.694200980138449,0
True,1.1535175771911,0
True,1.12097187880512,0
True,2.05751309767231,0
True,3.05583736280012,0
True,2.67579797085483,0
True,3.4152630251195,0
True,1.81931957982768,0
True,1.4936156780381,0
True,0.761594113877273,0
True,1.97934396958737,0
True,2.45141073853396,0
True,1.27611397273131,0
True,1.99631472782664,0
True,2.51747283629454,0
True,2.14226632030604,0
True,1.66834936644734,0
True,2.04452828600181,0
True,2.39803232047147,0
True,1.69050017164196,0
True,3.63606137712989,0
True,3.01162104002889,0
True,2.35223887659751,0
True,1.38324065199665,0
True,1.96955293590937,0
True,1.68771303218722,0
True,2.63001584758467,0
True,2.27764708328614,0
True,1.15935138387726,0
True,2.53333361626478,0
True,2.39763172938272,0
True,2.04910299480431,0
True,4.12631385244283,0
True,2.69159908700782,0
True,1.1646140777536,0
True,3.35493794633268,0
True,2.28032058450229,0
True,1.08616961928628,0
True,1.28184907943058,0
True,2.35564204867949,0
True,2.07190602224352,0
True,1.20423787248833,0
True,3.457454287239,0
True,2.38770080398513,0
True,1.47453751350514,0
True,0.993779400252638,0
True,2.188265491532,0
True,2.34722888743803,0
True,1.77208645868043,0
True,1.77949036522479,0
True,2.13590426776369,0
True,1.73916862649719,0
True,1.29222967348712,0
True,1.51651108160855,0
True,3.37542897620542,0
True,2.1825152477907,0
True,1.31298996029763,0
True,0.797074183971085,0
True,1.63092830958849,0
True,2.28490530838097,0
True,1.79824406791198,0
True,1.04768599161872,0
True,3.76418298493535,0
True,2.42928190616211,0
True,3.00264749665657,0
True,0.946565126626574,0
True,1.5789410478995,0
True,3.01283591043259,0
True,1.78499614304611,0
True,1.70907553052356,0
True,1.88347278891552,0
True,0.967446766248726,0
True,1.2737019670028,0
True,3.7843483339701,0
True,3.98672578402177,0
True,1.44741766922988,0
True,1.37071135126568,0
True,1.1705944992333,0
True,1.16551149934051,0
True,2.07324692913906,0
True,2.10361858346201,0
False,1.57792247017725,0.000147001592753233
True,3.32491747785061,0
True,4.35769976082713,0
True,2.10610678779028,0
True,1.96467146932654,0
True,1.79565698954521,0
True,3.06949102954436,0
True,1.91977365140801,0
True,0.865346429950201,0
True,1.79727962169889,0
True,2.55087185644795,0
True,1.94273116759728,0
True,1.67690435730122,0
True,2.20140901595232,0
True,2.72617223239159,0
True,1.10995889301963,0
True,1.11905149315347,0
True,2.61086643693329,0
True,2.61873906631768,0
True,2.02309866338769,0
True,1.40790183355983,0
True,1.17522737638005,0
True,3.39739857205253,0
True,0.936326939395507,0
True,1.59976072674775,0
True,2.35147096454507,0
True,1.72171582011002,0
True,2.59734430659396,0
True,2.22188758482448,0
True,1.20819059143758,0
True,2.31437077023862,0
True,1.77611015236155,0
True,2.04453668454372,0
True,1.54151774700078,0
True,1.02083036290372,0
True,2.42400810872761,0
True,2.85366692331174,0
True,2.66783241963705,0
True,2.62447022800507,0
True,1.37120475104691,0
True,1.03468901940529,0
True,3.53628042191849,0
True,1.39396617453001,0
True,1.2870659653053,0
True,2.66972085072175,0
True,3.39480234621053,0
True,0.868647012778003,0
True,3.48606075234206,0
True,2.54203650721513,0
True,1.79422255070884,0
True,1.57064827034918,0
True,3.67959157086024,0
True,2.29739610411541,0
True,1.71717511923107,0
True,3.8531815396539,0
True,2.60356081559205,0
True,2.0157220150245,0
True,1.35706692114831,0
True,0.961550282008701,0
True,1.10969073153471,0
True,2.04035702348862,0
True,2.09318862115882,0
True,2.05192322320089,0
True,0.920437597924789,0
True,1.11253221654907,0
True,0.834018202891537,0
True,1.59147355262497,0
True,2.2573557160564,0
True,2.61304659157277,0
True,1.02272301496695,0
True,0.886111591117647,0
True,1.5067182395286,0
True,1.6481145553556,0
True,1.96704061217896,0
True,1.59112258616121,0
True,1.89299532765479,0
True,3.4513547958695,0
True,2.75248576627336,0
True,1.40257858922532,0
True,3.61816759968564,0
True,2.92228075998242,0
True,1.97392719628069,0
True,1.27680445622054,0
True,1.28432604802933,0
True,1.55840870708508,0
True,1.93136969098841,0
True,1.88162786306588,0
True,1.41448174297126,0
True,1.70695880569312,0
True,1.02860984291527,0
True,1.3761638456565,0
True,2.04867614989817,0
True,1.31333439776659,0
True,1.33269165483876,0
True,1.65269938283785,0
True,1.58672826679969,0
True,2.95109620895427,0
True,2.64844943155963,0
True,1.12354005336419,0
True,2.10637145999246,0
True,2.97575387943793,0
True,2.29036058778937,0
True,2.47391080116209,0
True,2.82486336072899,0
True,2.61917416927076,0
True,3.50937567519288,0
True,1.24887151900334,0
True,1.46291766939461,0
True,2.53248032003011,0
True,0.913125075286217,0
True,2.12004041605619,0
True,2.00885786807566,0
True,1.70908239852956,0
True,1.4073357312388,0
True,1.58994496571986,0
True,1.97764469092831,0
True,1.3866104284503,0
True,2.19498712560834,0
True,1.76664325010002,0
True,1.86398156364264,0
True,2.10734631798221,0
True,1.95460543728546,0
True,1.62146593725499,0
True,3.03684222464371,0
True,3.26538198066891,0
True,1.10851399889855,0
True,2.75006501447418,0
True,2.39476271515868,0
True,1.9014162315828,0
True,2.39605871086962,0
True,2.8246963826769,0
True,1.70857089868422,0
True,1.81365178887573,0
True,0.691018843913013,0
True,2.19040953509957,0
True,2.1329163830475,0
True,1.37675450474833,0
True,0.9031260767196,0
True,1.08782505041723,0
True,0.726483665259821,0
True,2.21080813954339,0
True,2.36425276019246,0
True,0.659592196545169,0
True,2.01171576188373,0
True,3.57144937630818,0
True,3.01650687231483,0
True,2.09804161215978,0
True,1.36385870803336,0
True,2.1274297131526,0
True,1.94390272158869,0
False,2.35514753309332,0.000327498362878967
True,3.40004102863038,0
True,2.39816097657912,0
True,2.19711353278759,0
True,2.02331685065434,0
True,1.7116327358595,0
True,1.9930854704191,0
True,3.23997779604503,0
True,1.61615967944356,0
True,3.25763631977213,0
True,2.85440574115558,0
True,0.735959857175762,0
True,2.72962047890863,0
True,1.27181535917992,0
True,3.43284144617037,0
True,1.67588012303733,0
True,2.77843712544314,0
True,2.18793405645834,0
True,2.04554954828536,0
True,2.2014478689493,0
True,1.99704368769289,0
True,3.62327294895414,0
True,2.34432506377068,0
True,1.23461235861398,0
True,1.22731900229693,0
True,1.43185987829116,0
True,1.82769016998691,0
True,2.1039077375954,0
True,1.19019680669058,0
True,2.0925405193107,0
True,2.3747239223098,0
True,0.758681874124136,0
True,0.94386645082618,0
True,3.4264415879984,0
True,2.97393071724955,0
True,1.71336854288318,0
True,3.10718432870299,0
True,1.35374021098565,0
True,3.63841242578058,0
True,3.54046240510067,0
True,1.4711221308876,0
True,1.69394733193676,0
True,2.52598328510947,0
True,2.23865320715361,0
True,2.52012131841401,0
True,0.581700531655223,0
True,1.53808956042258,0
True,2.9239678085655,0
True,1.10871563682688,0
True,1.51757343551245,0
True,1.16370646942473,0
True,1.49350566414783,0
True,2.09672097686142,0
True,1.55539744366535,0
True,2.24290249704361,0
True,2.34372092162714,0
True,2.25743754082205,0
True,3.44861385172183,0
True,1.19533359636082,0
True,1.85518892060944,0
True,1.74581212689981,0
True,3.05645931839706,0
True,3.62862676767734,0
True,1.68700800760318,0
True,0.598644904601912,0
True,3.66226800634735,0
True,0.950545933991443,0
True,2.10401676384925,0
True,1.75867049077545,0
True,1.95973792745393,0
True,2.18586627796354,0
True,1.6580255624248,0
True,1.18391316990741,0
True,4.07982583532108,0
True,1.70215165155356,0
True,1.71870883158009,0
True,1.62736818517527,0
True,3.4699790379731,0
True,1.59315570420648,0
False,4.05701349564153,0.000951847251019834
True,4.03593914583039,0
True,1.4885200127107,0
True,0.972472393422458,0
True,2.16757565386875,0
True,1.4319088209388,0
True,2.96359667232768,0
True,1.90328923745984,0
True,2.48767671412372,0
True,1.87050299869867,0
True,3.77541891693642,0
True,3.33372916463798,0
True,2.46932597217004,0
True,1.30892381245265,0
True,2.21910556234468,0
True,1.63406697971796,0
True,1.50998706490148,0
True,1.9306978538885,0
True,2.30681645032689,0
True,2.55251402544965,0
True,1.52614193643275,0
True,0.68422431449548,0
True,1.12181206829339,0
True,2.1614518830926,0
True,3.50925229811843,0
False,1.45004258066346,0.000599688664072517
True,1.34917785290962,0
True,0.962552305442075,0
True,2.06825605510042,0
True,1.46507955265612,0
True,1.10216857824586,0
True,1.95001870392841,0
True,1.76524175081434,0
True,1.74309820476982,0
True,1.91861233198116,0
True,1.95286277422169,0
True,1.66895021454026,0
True,1.46494169035343,0
True,1.76933953272038,0
True,1.99291544979281,0
True,1.57264718374782,0
True,3.64105662224322,0
True,3.90308388289396,0
True,2.97968947604148,0
True,2.68532090219428,0
True,2.10702282336391,0
True,1.52852495144364,0
True,0.823881944319461,0
True,1.57378632652069,0
True,1.72978372867206,0
True,1.25274051735294,0
True,1.27330526798727,0
True,1.857196058131,0
True,2.70174521955548,0
True,1.58826551093043,0
True,1.41218077697556,0
True,1.28825338889931,0
True,0.789666189889824,0
True,1.72825114044626,0
True,3.47940243425401,0
True,2.04691940501264,0
True,1.2427490497497,0
True,3.03739431231291,0
True,2.50091320652949,0
True,1.55669013427453,0
True,2.97171839056574,0
True,1.14577090611154,0
False,4.15636398693008,0.00038951459263677
True,1.96172641190291,0
True,2.27298509175369,0
True,1.42577644542646,0
True,1.56823950445166,0
True,1.12729865170471,0
True,1.4459077685151,0
True,2.89216756080942,0
True,2.97331288100955,0
True,2.19567965420878,0
True,3.62027528544563,0
True,2.26355316206892,0
True,1.23718538271182,0
True,1.24174735614937,0
True,1.27057242473184,0
True,3.19198735401508,0
True,1.62739261686993,0
True,3.61226250946164,0
True,1.82491571422151,0
True,1.17502551532025,0
True,0.671254707192387,0
True,1.43092157869656,0
True,2.22702508676378,0
True,0.948219304575451,0
True,1.50005716364225,0
True,2.75692052237621,0
True,1.54026683558854,0
True,1.39548371289434,0
True,1.45714308477994,0
True,2.40554936695542,0
True,2.471959773427,0
True,0.955020631646488,0
False,3.92143077257856,0.000237565123941394
True,1.10080417778983,0
True,1.30376624936178,0
True,1.3801587423224,0
True,3.76549746428126,0
True,1.65816023707654,0
True,3.5512402003439,0
True,1.083630599074,0
True,3.41079725963392,0
True,2.48940493133228,0
True,2.61578775975845,0
True,1.93772605740702,0
True,1.86610508360084,0
True,2.55024319586048,0
True,1.17610975698368,0
True,1.14887759480937,0
True,1.19899768296732,0
True,1.09192586328498,0
True,1.58132009411763,0
True,2.36269311076708,0
True,2.93453720466748,0
True,2.20520850604517,0
True,1.84161419528821,0
True,1.5872657673976,0
True,1.28582043096604,0
True,1.84912931798124,0
True,1.48799880160571,0
True,1.65067310006213,0
True,0.972444813691723,0
True,3.6794103613079,0
True,1.51647161879636,0
True,2.24898264663956,0
True,1.66011144203087,0
True,3.47928232273488,0
True,3.52548313739336,0
True,3.13710916150534,0
True,2.82439100586092,0
True,3.76710683116979,0
True,3.78272604765995,0
True,1.16946060428401,0
True,2.53353028480429,0
True,1.80545386278859,0
True,1.7993669809583,0
True,1.36416566421375,0
True,1.87213975287442,0
False,1.73990421966903,0.000295257095010632
True,1.64226021263167,0
True,2.09142748390688,0
True,1.53985285727494,0
True,1.77260695951703,0
True,2.67295739589466,0
True,2.80643450771611,0
True,2.17716119844901,0
True,1.97098872244218,0
True,0.951876805640355,0
True,1.79247130844181,0
True,1.75217148627396,0
True,1.7014048252428,0
True,3.55294968373631,0
True,2.43252673359315,0
True,1.7312069535812,0
True,2.20620118468302,0
True,1.31704134712492,0
False,3.21610575344788,0.000370222312578375
True,2.60545749359178,0
True,1.0117309568864,0
True,1.12843239038963,0
True,1.07283885224115,0
True,2.41459517718188,0
True,2.34924466619915,0
True,2.45299260240954,0
True,1.81890608524029,0
True,0.910924246158417,0
True,1.25810689684857,0
True,0.842972135753469,0
True,2.34680008847905,0
True,2.56394857277135,0
True,2.21988166547645,0
True,1.91395546242366,0
True,1.95205244565239,0
True,2.79847376477663,0
True,1.72834626644309,0
True,2.67804233229014,0
False,3.17684320834774,0.000255497972660814
True,1.12491984898224,0
True,1.48372492432242,0
True,1.17181170255676,0
True,1.02790892007887,0
True,3.21897176828316,0
True,2.14693730823654,0
True,2.17077624984796,0
True,2.16589977258844,0
True,1.08666803352317,0
True,1.93914382267981,0
True,1.64224806737794,0
True,1.49826675333196,0
True,3.62227812043167,0
True,2.35911053138225,0
True,1.84255074129683,0
True,1.61632902777117,0
True,0.92624738457143,0
True,0.99733301426963,0
True,1.32743449659907,0
True,1.63225810773369,0
True,1.81751280111752,0
True,1.1721913986653,0
True,1.57112357142472,0
True,0.677854005951612,0
True,1.20990116462154,0
True,0.837974525113298,0
True,2.60532352003976,0
True,1.55037010363396,0
True,1.4116939988087,0
True,1.52686385040556,0
True,1.13033142502304,0
True,1.55677105871551,0
True,2.30655870481103,0
True,1.8608782944157,0
True,1.42964007531392,0
True,2.19435639801628,0
True,1.04843158745654,0
True,1.91695321226225,0
True,2.1675188223225,0
True,1.96699099285958,0
True,2.57246353519754,0
True,1.80514775045911,0
True,2.48561772628238,0
True,1.78092298054508,0
True,1.9586144787413,0
True,1.13963209643008,0
True,1.51906751123259,0
True,1.38212996602731,0
True,1.49037653825705,0
True,1.66860177915531,0
True,1.19160054739338,0
True,2.81557377293297,0
True,2.2195761974118,0
True,3.49445679142517,0
True,3.2805204415194,0
True,1.58884927427222,0
True,2.02525588468693,0
True,1.80455486317991,0
True,1.53353529082474,0
True,2.4906645231476,0
True,1.73443238021009,0
True,1.26427316658112,0
True,1.10618536203684,0
True,2.28578391555161,0
True,1.0040526331055,0
True,2.15167010153015,0
True,1.31630544571576,0
True,1.7077980857688,0
True,1.94637010496084,0
True,1.12151871986568,0
True,2.44518773311279,0
True,1.79549978180204,0
True,1.62704945952971,0
True,2.39627851644608,0
True,1.94693509706701,0
True,1.55119788734087,0
True,1.89900667444662,0
True,2.60514373543316,0
True,2.58327000790086,0
True,0.778393795034318,0
True,2.24472853531774,0
True,3.1853497281104,0
True,3.66558458294496,0
True,4.58813131336532,0
True,2.52780086438629,0
True,1.67599599049484,0
True,1.3601769214739,0
True,1.32353229597863,0
True,2.44439408655176,0
True,3.57945119791073,0
True,4.05098771380094,0
True,1.26775447245021,0
True,2.04529651766064,0
True,1.82991563356141,0
True,1.40760734411682,0
True,1.91402451153408,0
True,1.25395103071512,0
True,2.1350425122659,0
True,3.16298445855263,0
True,3.0659097393164,0
True,3.41714761236953,0
True,3.51875258317741,0
True,3.19084135281422,0
True,1.38987630827679,0
True,2.99720759289413,0
True,2.4846684816903,0
True,2.42268313534671,0
True,1.85094892297082,0
True,1.67926385576642,0
False,1.76241088501607,0.000267908009264544
True,1.25865130654728,0
True,2.6306696380639,0
True,2.51357195610376,0
True,1.32104328963761,0
True,1.29774814842046,0
True,1.05538635548577,0
True,1.75928040456648,0
True,3.62971604537158,0
True,0.949811559790483,0
True,1.07565127441137,0
True,2.11876590668463,0
True,0.853429349746308,0
True,0.768320732526441,0
True,1.79066379603492,0
True,3.42171591771742,0
True,2.01400069429212,0
True,1.34884162656391,0
True,1.75821018822276,0
True,2.68660158263359,0
True,2.85283820232368,0
True,0.79489995448273,0
True,2.94523346819908,0
True,1.51353208474129,0
True,1.05055235680256,0
True,1.5085930724868,0
True,1.32785662757792,0
True,0.687064492842738,0
True,1.71173266703253,0
True,1.06326218539229,0
True,1.00863317516859,0
True,1.98053602787267,0
True,1.27108398962323,0
True,4.08958170839288,0
True,4.31999185552862,0
True,1.81064164115102,0
True,2.31869817435247,0
True,1.13747034472026,0
True,1.02992761490253,0
True,1.1177237330676,0
True,0.846728180350424,0
True,2.78074104638265,0
True,3.3040686139602,0
True,4.28109332032541,0
True,1.01921763952092,0
True,3.98503421622627,0
True,1.88391909619726,0
True,1.68539007339433,0
True,0.863273512689397,0
True,1.89025800973064,0
True,0.508190823466556,0
True,1.0586530805868,0
True,2.56499778869254,0
True,1.97781197065166,0
True,1.21917999727125,0
True,2.42676591720407,0
True,1.35536359794676,0
True,2.68765121383853,0
True,1.87052387524578,0
True,2.11011150309818,0
True,2.59768489710869,0
True,2.82417347106259,0
True,2.2333647943614,0
True,1.23559519362768,0
True,3.38144921071349,0
True,2.42735233159356,0
True,0.337356967432153,0
True,2.37530301385738,0
True,2.75333868210524,0
True,2.71194821547962,0
True,2.2718482061477,0
True,1.45696380860513,0
True,1.03986116626684,0
True,1.64093522314357,0
True,1.02961517021747,0
True,2.30438719312851,0
True,3.14698031896422,0
True,1.6679474171641,0
True,0.838140015175842,0
True,1.81224026697215,0
True,2.32446204271663,0
True,3.26831063958277,0
True,2.0860720765549,0
True,0.94800091709017,0
True,1.21749135131857,0
True,1.12511170521604,0
True,0.971282156313804,0
True,1.33978074115883,0
True,4.18911274277828,0
True,1.35427278501999,0
True,1.86008377264257,0
True,2.44499821624136,0
True,0.822510775554262,0
True,1.74967800079936,0
True,2.66144977752378,0
True,2.21784653799835,0
True,1.51957798160502,0
True,1.01756603939656,0
True,0.980645891635824,0
True,1.26384374653383,0
True,0.889170280522644,0
True,1.77352040355783,0
True,1.94494006995105,0
True,1.4165756048784,0
True,2.22790101998693,0
True,2.03029544106404,0
True,2.80927494744829,0
True,1.51302529124045,0
True,1.21711647462753,0
True,1.69936934929734,0
True,1.98960444552036,0
True,1.52379971601435,0
True,1.54973268738512,0
False,1.61238976287268,0.000954003544854861
True,1.9003160571152,0
True,1.49505278457172,0
True,2.49572484755923,0
True,2.11581361358398,0
True,3.32176573469877,0
True,1.80068522679691,0
True,1.25799211387795,0
True,0.782657688271962,0
True,1.75030223080611,0
True,1.48971309855819,0
True,0.849592172891278,0
True,2.02920720677961,0
True,2.13531582751779,0
True,1.98753050809116,0
True,1.49887307379732,0
True,1.61833786764976,0
True,1.91584423832894,0
True,2.28580158479393,0
True,1.23131827514995,0
True,2.36751852438962,0
True,2.38324875146877,0
True,1.10284926017617,0
True,3.75798917537537,0
True,2.49502475230199,0
True,1.20641875952105,0
True,1.92403625227309,0
True,2.36209570217891,0
True,2.13894591633264,0
True,2.55842092848923,0
True,3.74154778845272,0
True,4.31594571473152,0
True,1.25127685674756,0
True,2.4035876695308,0
True,3.41113133143569,0
True,2.90516809027627,0
True,1.27941895937284,0
True,2.64955966138179,0
True,2.67700055359684,0
True,1.33417818952412,0
True,0.830291034944606,0
True,1.24492699132827,0
True,2.48045292450695,0
True,1.25152051354024,0
True,2.45218105492913,0
True,2.36052575640785,0
True,3.25365966247749,0
True,2.14398052398868,0
True,1.89979284873847,0
True,1.70783581104294,0
True,1.03793840231822,0
True,1.6353371635243,0
True,2.37597285639853,0
True,1.80207747877841,0
True,2.60215193085621,0
True,2.84735730602278,0
True,1.80189294315989,0
True,2.02168181193634,0
True,2.75685073170179,0
True,0.629604279258327,0
True,1.30107986321489,0
True,2.8260763735404,0
True,1.45034105211983,0
True,1.18909287044565,0
True,2.92263483775911,0
True,3.53794537918033,0
True,4.53337413296971,0
True,0.994666468748025,0
True,2.33923961253869,0
True,3.68532044348344,0
True,1.6891418478679,0
True,1.29409032735183,0
True,1.73398783262691,0
True,0.880597859267485,0
True,2.44461024545323,0
True,2.41070677026058,0
True,1.01108577650079,0
True,1.26522160365638,0
True,1.46378917288153,0
True,1.68687774451692,0
True,1.98208811395141,0
True,1.55357435205333,0
True,1.76615833512037,0
True,1.99762821445238,0
True,1.8160397904164,0
True,1.81006333896582,0
True,2.10732838732566,0
True,1.86996693183428,0
True,1.80389294810711,0
True,2.09080524083308,0
True,2.14328183790729,0
True,1.72840269107595,0
True,3.05674293167272,0
True,1.73864418830512,0
True,4.10635102930988,0
True,4.17689865405189,0
True,1.68720729349688,0
True,2.21769353903536,0
True,2.34002840921388,0
True,2.70287656599541,0
True,0.807910623656608,0
True,2.09210587355596,0
False,3.30102056251584,0.000201399690465308
True,1.36176918176747,0
True,1.05603279725944,0
True,1.88754525500957,0
True,4.51678491603183,0
True,1.35726740504759,0
True,2.93448008547122,0
True,2.5375528411227,0
True,1.33721681967952,0
True,1.91472338505744,0
True,1.6527174499198,0
True,2.00202510533603,0
True,1.21042133073949,0
True,0.97498681928458,0
True,1.76151638873397,0
True,1.71935289208895,0
True,1.37711640287013,0
True,2.55504416387755,0
True,1.46662985963449,0
True,3.09596952102866,0
True,1.69779670988731,0
False,1.49698211277889,0.000478852896793302
True,1.35011932688096,0
True,1.40168510863221,0
True,1.71922022346894,0
True,2.0486910707536,0
True,0.700833129089144,0
True,2.09897692777848,0
True,0.999122153572035,0
True,1.35826411409749,0
True,1.68018375995832,0
True,1.72500245856926,0
True,1.89479331124467,0
True,1.75178306557188,0
True,0.769777480319198,0
True,2.17626974662535,0
True,2.94393303981749,0
True,1.82186893136261,0
True,2.30444654986003,0
True,1.92868016451149,0
True,1.44621632947062,0
True,1.33140485825108,0
True,0.922579536089361,0
True,1.50787787310801,0
True,1.28025289839999,0
True,2.38659676095094,0
True,1.53130456071952,0
True,2.22250992657283,0
True,2.14809937335931,0
True,2.53593992355509,0
True,2.3566851127682,0
True,1.98434296399839,0
True,1.80207712433063,0
True,1.83226489053901,0
True,2.777602839588,0
True,1.00693529997434,0
True,0.656597391138708,0
True,1.130614506941,0
True,1.7068991482676,0
True,1.81303600822574,0
True,1.27674380258572,0
True,2.21047458358525,0
True,1.47496770828844,0
True,1.10773504756752,0
True,2.0572323660741,0
True,1.70854644617504,0
True,1.60724576261946,0
True,1.54601090862338,0
True,2.10018401633709,0
True,1.15677128159169,0
True,1.09151321437095,0
True,1.0029291809587,0
True,1.44656218858697,0
True,0.846817097648051,0
True,2.38047932577752,0
True,1.79703388213793,0
True,1.45718837803091,0
True,1.30430714520858,0
True,2.11927041557822,0
True,2.39962823050015,0
False,1.07937444609634,9.27083914994253E-05
True,1.61874996489134,0
True,1.75604710846136,0
True,3.25845772070837,0
True,3.58223617178598,0
True,1.84134444486334,0
True,4.29108795566584,0
True,1.97557651021814,0
True,1.9949243982755,0
True,1.89978169965121,0
False,4.09657819386682,0.000101428822432509
True,2.60282950322827,0
True,1.45256067703932,0
True,1.18178542262263,0
True,2.15539067479111,0
True,1.12404897490286,0
True,3.75995624135573,0
True,1.40716753430883,0
True,2.21909286597171,0
True,0.977391996730919,0
True,1.77711238063613,0
True,2.38703584442147,0
True,2.1614583974733,0
True,1.53263112789585,0
True,1.14893394223985,0
True,1.34335813448519,0
True,1.41520743032287,0
True,1.1194954172027,0
True,1.90723588988247,0
True,1.39406088834604,0
True,3.87171158308,0
True,3.51571102774197,0
True,2.59077448748821,0
True,2.18212521635134,0
True,1.67017011181286,0
True,3.34213087612993,0
True,1.93565560727697,0
True,2.83729778792649,0
True,2.622527455462,0
True,1.25793083453412,0
True,2.17680383515919,0
True,1.46223430038286,0
True,2.01931342848234,0
True,3.89286698693217,0
True,1.57904287490956,0
True,1.82362152820027,0
True,2.16822879107278,0
True,2.1825576447783,0
True,2.26000370837281,0
True,2.20323734748187,0
True,3.49235823939692,0
True,1.24003112317807,0
True,2.16198066911195,0
True,2.68543619703433,0
True,3.41909110299139,0
True,1.868588864606,0
True,2.09364758748963,0
True,3.71282671754946,0
True,2.20526182021262,0
True,0.76930605479879,0
True,1.13670642819777,0
True,1.74868540794284,0
True,0.949631307820868,0
True,1.15552997632596,0
True,1.34710925318096,0
True,1.80927677839202,0
True,0.981835730149527,0
True,1.87756549715746,0
True,1.02654631987811,0
True,1.08642829370698,0
True,1.66379687036066,0
True,2.85610282872155,0
True,0.966159987388977,0
True,2.41463129545168,0
True,2.36410807135581,0
True,2.02871761137156,0
False,1.28415615734669,0.00116433421992883
True,2.03429762978627,0
False,2.84565276378754,0.00150608877119444
True,3.04744825413899,0
True,2.49978676450114,0
True,2.0747964485403,0
True,1.43271573228579,0
True,1.22675541259712,0
True,3.5894153888463,0
True,1.12361667203621,0
True,1.01173552141274,0
True,2.37432722998716,0
True,1.68894783630068,0
True,1.66585500965698,0
True,1.2933965910653,0
True,1.26588146823312,0
True,1.12090080198198,0
False,1.71960512514863,0.00102607046864787
True,0.722299497225059,0
True,2.23780993632789,0
True,1.38803514431247,0
True,2.28191343635122,0
False,1.11000091409816,8.75798561594998E-05
True,1.13040430381763,0
True,2.20840908777098,0
True,1.27677588657852,0
True,2.42724872305776,0
True,2.61728154063445,0
True,0.966819168653258,0
True,3.84391567405093,0
True,2.39025011977913,0
True,1.41649489447481,0
True,3.94077286173107,0
True,2.73673850461796,0
True,1.78743053095568,0
True,3.06746803699447,0
True,1.47205068183838,0
True,2.28458335054396,0
True,2.95594935511558,0
True,2.22378621567115,0
True,1.38026035784688,0
True,1.04521764422507,0
True,3.0331160405417,0
True,2.22088740834416,0
True,2.7425309626343,0
True,0.7889952301662,0
True,1.65608644276635,0
True,3.02536255095327,0
True,1.3263928860083,0
True,1.93498392514361,0
True,2.78017363726563,0
True,2.04549090234433,0
False,2.65622004306882,0.000109737644633289
True,1.90202983148825,0
True,1.04725894906279,0
True,2.9494268267458,0
True,1.50574455993299,0
True,1.49018147863526,0
True,2.35766691907786,0
True,2.02655406925773,0
True,2.22126457128631,0
True,0.866983131362343,0
True,0.772925995621886,0
True,0.69812755390829,0
True,1.39505723441228,0
True,2.57725921717776,0
True,2.16722966732363,0
True,1.25038648570744,0
True,1.07609641818635,0
True,1.39333522399227,0
True,1.03223553482599,0
True,1.38948528963975,0
True,1.08491677083369,0
True,2.45401673602034,0
True,2.38235819276363,0
True,1.23125696617368,0
True,1.20820012585195,0
True,1.65870010669182,0
True,3.43631056715246,0
True,2.16516688466554,0
True,2.02514210447038,0
True,2.88325472426484,0
True,1.84005222390325,0
True,1.50508639766002,0
True,1.46875072508186,0
True,1.49732386297259,0
True,2.16215031720423,0
True,2.04702388105131,0
True,2.40220267528305,0
True,2.04119400349205,0
True,2.51284873747465,0
True,2.01073206831669,0
True,1.21942833431494,0
True,1.36679931723661,0
True,0.756346794530758,0
True,1.16771828351269,0
True,2.75742604611271,0
True,2.14499013652872,0
True,2.08253251564463,0
True,1.25852025642956,0
True,1.51294009696615,0
True,2.98589032587451,0
True,1.08532330760237,0
True,1.08764785418639,0
True,1.16292811251937,0
True,1.43220610166698,0
True,2.10902423002463,0
True,1.68610777000059,0
True,2.3393024300912,0
True,1.65582525039273,0
True,2.89100293553672,0
True,3.19741481267901,0
True,3.00647562678142,0
True,1.43917377793406,0
True,1.33363846546571,0
True,1.67806874690003,0
True,1.31118488181163,0
True,1.26192805147141,0
True,2.17697849074324,0
True,2.16103614062085,0
True,1.40571782943738,0
True,3.31428350267781,0
False,1.7974156190018,0.000103377750726118
True,3.43934651624996,0
True,1.98904089253455,0
True,1.49954666188316,0
True,2.66094593508914,0
False,3.11446912692996,7.37524183848896E-05
True,1.71508138200122,0
True,1.50438385525004,0
True,1.31960410874683,0
True,0.955320622978831,0
True,0.982632985644123,0
True,3.68581055784169,0
True,2.52010481800862,0
True,0.672226281237435,0
True,2.15757612602308,0
True,2.97051840895228,0
True,1.55623383883353,0
True,1.44426758744864,0
True,1.76712664002532,0
True,1.43752753866107,0
True,1.78351331057899,0
True,3.58969610117769,0
True,3.80639154468742,0
True,2.40232000605049,0
True,1.09279062313598,0
True,2.03181090678548,0
True,1.32770276611382,0
True,3.40716822003788,0
True,3.06248334367365,0
True,1.65038673644294,0
True,3.84669758505734,0
True,1.70907226671616,0
True,1.21949869395363,0
True,2.32305837176364,0
True,2.00462698125455,0
True,2.41971409579054,0
True,1.92157614452537,0
True,2.34709793691688,0
True,4.40438261379787,0
True,1.0172579399112,0
True,1.10732585439032,0
True,0.893900834811462,0
True,1.96661130702815,0
True,2.50674323234484,0
True,2.64056868514775,0
True,0.744831836180807,0
True,2.39708292146214,0
True,2.76063316556764,0
True,1.62945340964315,0
True,1.02420513130517,0
True,1.47180128633916,0
True,1.2854592407235,0
True,0.682205009024436,0
True,1.27041373422262,0
True,1.66857476255276,0
True,1.92246646119357,0
True,2.48769584945903,0
True,0.897335258256781,0
True,3.19798556697828,0
True,2.76815339494361,0
True,2.63476148193896,0
True,1.58823154342136,0
True,2.94501318897822,0
True,2.31667842738152,0
True,2.20439415499103,0
True,1.69835480926103,0
True,2.68687381000885,0
True,1.27951008931879,0
True,1.68222562746388,0
True,1.62685046381678,0
True,0.941967311142985,0
True,2.26759235327493,0
True,2.51694117656258,0
True,2.33131431025737,0
True,2.47546631396611,0
True,1.87920757088664,0
True,3.10742299502532,0
True,1.60907146436439,0
True,1.69395115672256,0
True,1.28929399478727,0
True,1.62817292443202,0
True,3.06830544066243,0
True,3.86496686220584,0
True,1.9127863162763,0
True,2.15542407243253,0
True,2.53799020907503,0
True,2.81926127897087,0
True,0.988355186157815,0
True,1.57367636717881,0
True,1.20244559783288,0
True,1.58568042058117,0
True,0.823653799954451,0
True,1.32541768931951,0
True,1.50241194762094,0
True,1.51440845287162,0
True,2.06055272444613,0
True,1.09856003506314,0
True,2.77934684353888,0
True,2.67179211211211,0
True,1.76675874929273,0
True,1.03733224165359,0
True,2.6161977775095,0
True,0.932633762788312,0
True,1.46234298253589,0
True,2.20326734464577,0
True,1.92245785385742,0
True,2.78128060761316,0
True,2.5031771671108,0
True,1.71028149257429,0
True,2.4918163979206,0
True,1.98272819128758,0
True,0.85745657329198,0
False,1.40492234797782,9.81007524428714E-05
True,2.04842534638813,0
True,1.80924744609637,0
True,1.07290695661729,0
True,1.45364066195757,0
True,1.00800121911692,0
True,1.67680423472576,0
True,1.18412668406308,0
True,0.891239375689669,0
True,1.54961193165421,0
True,1.23278113614232,0
True,1.96368372601287,0
True,1.51522947874259,0
True,2.06471417504431,0
True,0.661338508973683,0
True,1.36443148905977,0
True,3.16433597370878,0
True,2.86251861238236,0
True,1.67976188317542,0
True,0.921612203256504,0
True,1.25009866531655,0
True,1.62434296761559,0
True,2.30450422428084,0
True,2.70514012551831,0
True,2.05105107085304,0
True,1.23993146201808,0
True,1.89632839122973,0
True,1.9944213732209,0
True,2.97085277596476,0
True,1.05071705136422,0
True,1.69771245390813,0
True,2.4091388307411,0
True,2.01485986311799,0
True,1.41059091110653,0
True,0.732239161943735,0
True,1.71266190245937,0
True,1.06671713013717,0
True,2.86742772768289,0
True,2.8144910047511,0
True,1.62681526352961,0
True,2.95076197804011,0
True,2.9557194933431,0
True,2.67429353291617,0
True,1.20191254606457,0
True,1.94061340690541,0
True,1.42680012205321,0
True,1.23464595682581,0
True,0.925202946597046,0
True,4.01505627481342,0
True,0.958155111997054,0
True,3.43076150679755,0
True,2.64184623964051,0
True,2.45404587138413,0
True,2.20552777625984,0
True,2.52211490087284,0
True,1.58406510917783,0
True,3.85714132373956,0
True,1.7291836897816,0
True,1.2407685782206,0
True,2.34097221973243,0
True,0.848998337803661,0
True,2.03708275360495,0
True,2.63450426852615,0
True,1.99630730184705,0
True,1.06283036760164,0
True,1.28414454959246,0
True,2.99836947410976,0
True,2.44303353961036,0
True,2.59538270783027,0
True,2.74234079973547,0
True,1.48959361329132,0
True,1.72249944450344,0
True,2.52804204984711,0
True,2.27441561880462,0
True,3.12253228669336,0
True,1.81598250171558,0
True,1.89500647638807,0
True,2.06738494659741,0
True,1.10974526679892,0
True,0.934187268591552,0
True,2.32593849523107,0
True,1.51036591023996,0
True,1.24865531784662,0
True,1.69009852938622,0
True,1.2065106721902,0
True,1.32868139632525,0
True,1.27673179621793,0
True,0.837168609458851,0
True,1.54012979915659,0
True,2.63021470816126,0
True,2.02569549409982,0
True,2.45853568211191,0
True,2.9821734340889,0
True,1.75546206166929,0
True,3.13300168054898,0
True,2.38760269789653,0
True,0.98920724399,0
True,1.51659138909308,0
True,0.793011908233434,0
True,0.880956291347771,0
True,3.36113677905774,0
True,1.80925932387283,0
True,1.60861285989025,0
True,1.58703505953873,0
True,1.85818297892977,0
True,3.14495557693867,0
True,1.39513551390907,0
True,2.22408245100222,0
True,1.398305573906,0
True,2.10234493855181,0
True,1.91223213615183,0
True,1.46664033264699,0
True,2.87914456101227,0
True,1.77657123568741,0
True,2.63954829129775,0
True,1.39323712488618,0
True,1.21594119132703,0
True,1.33824424329017,0
True,1.68175876379769,0
True,1.33705426672927,0
True,1.77095251892784,0
True,3.94663082032684,0
True,3.72111217449619,0
True,2.51305028679579,0
True,2.81325882629659,0
True,2.88865360684902,0
True,1.78631611592313,0
True,1.29611524430558,0
True,0.808775918125286,0
True,1.53079106585061,0
True,2.26078828804767,0
True,1.66045017676936,0
True,2.52397544603705,0
True,1.46495373273366,0
True,2.36989201903345,0
True,0.636494421095997,0
True,1.55629403494702,0
True,2.65262320824014,0
True,1.59926520695423,0
True,1.60433751641529,0
True,1.66909971243001,0
True,2.91378984558926,0
True,1.81792327947289,0
True,2.30315994880505,0
True,1.64034694299722,0
True,1.29216670204901,0
True,2.18124964285489,0
True,1.95233365278307,0
True,1.74674585370177,0
True,2.21223280948972,0
True,2.19106054403138,0
True,0.591735071915386,0
True,1.16757492398626,0
True,1.16866604819734,0
True,2.38116876326513,0
True,2.7303819255441,0
True,2.31719780645216,0
True,1.05354703598271,0
True,2.05067101903099,0
True,4.1046272266514,0
True,2.13526615492207,0
True,1.50359965117249,0
True,1.71711785764541,0
True,1.46261986005908,0
True,2.05782372980876,0
True,1.86225242945513,0
True,0.592860634509792,0
True,2.62950671413178,0
True,1.35681040843316,0
True,2.07899155539056,0
True,1.36714318585993,0
True,1.26189332008132,0
True,2.80377246924794,0
True,1.24148525876499,0
True,2.18835869585552,0
True,0.850029423316704,0
True,1.96971693511119,0
True,0.99086701931392,0
True,1.63895809727427,0
True,2.0358498048879,0
True,2.16516778952146,0
True,1.84711804134841,0
True,2.53454330355413,0
True,1.67647938253101,0
True,1.0414209839631,0
True,1.30528041416338,0
True,3.58779112560691,0
True,1.40333683715575,0
True,1.69420967397986,0
True,2.45847532648068,0
True,3.32663753722529,0
True,4.23647147723273,0
True,1.84709422815489,0
True,2.5661119623171,0
True,1.23903200776385,0
True,0.705753209043353,0
True,1.7750472083845,0
True,1.12920583646436,0
True,1.51858315040119,0
True,3.29072923856478,0
True,1.46528141142318,0
True,0.90706209606692,0
True,2.66644530144773,0
True,1.52328934907707,0
True,1.80499226393979,0
True,2.4481795492199,0
True,2.91884505290239,0
True,1.0689522141109,0
True,3.2891285369505,0
True,1.24992085013714,0
True,2.47573613860664,0
True,1.03102595876635,0
True,1.30253033544646,0
True,0.919835376579415,0
True,1.55257384703615,0
True,2.7438265866857,0
True,2.64404759283875,0
True,1.48788446616779,0
True,2.88073739733225,0
True,1.73032047350585,0
True,2.44611588941069,0
True,2.0514484924208,0
True,1.22098371459304,0
True,0.708116373411827,0
True,1.98657488971547,0
True,1.08992535463234,0
True,1.43809840468252,0
True,3.60906932110238,0
True,3.41468753163976,0
True,3.47164236019326,0
True,2.01388788119906,0
True,1.49124903200714,0
True,1.14516884412688,0
True,1.41727634553881,0
True,3.01150136438335,0
True,1.42158297140574,0
True,1.49822197818279,0
True,0.927823882714584,0
True,1.94272681795943,0
True,2.76491278054639,0
True,2.64198898067556,0
True,1.55783127920245,0
True,0.719909071983167,0
True,1.38522341047465,0
True,4.47771632484051,0
True,2.58077682583027,0
True,1.45671195586128,0
True,1.39318488926055,0
True,1.83151084825029,0
True,0.621538422057277,0
True,2.21587455265725,0
True,1.79684682147845,0
True,1.51647407543627,0
True,2.5002433754448,0
True,1.07164206189962,0
True,2.37016784775236,0
True,3.76970278638687,0
True,1.70020112214333,0
False,3.45079900028077,0.00032308921579738
True,1.29872103375666,0
True,3.42037690554571,0
True,2.5778821189935,0
True,3.81929529695077,0
True,2.62506739994671,0
True,2.80874457305012,0
True,1.28119483981336,0
True,1.81014179526412,0
True,1.31538465327582,0
True,1.94932083300243,0
True,1.32144220803624,0
True,1.07452361161183,0
True,1.93821166942135,0
True,2.53305803810064,0
True,1.85872174260621,0
True,1.10704839838411,0
True,1.7403791464026,0
True,2.63229532621696,0
True,2.00092690910651,0
True,1.9015897168422,0
True,1.23508685290803,0
True,3.05589927317556,0
True,1.99726330980123,0
True,0.930998351935301,0
True,2.31656197522938,0
True,1.24469390452331,0
True,1.1163829180203,0
True,2.43290018260846,0
True,1.26943128363718,0
True,1.1931655043923,0
True,0.978470127308092,0
True,1.35621174788646,0
True,2.23685465111253,0
False,1.12109257900051,0.00057146914526809
True,2.31192581267957,0
True,1.63117028297168,0
True,1.52838930585182,0
True,1.43163149654208,0
True,1.17014162140135,0
True,2.28538230883232,0
True,1.46857248587954,0
True,1.97393462763452,0
True,2.06580474858381,0
True,0.966178046847444,0
True,1.61748501411165,0
True,2.73488220023674,0
True,3.94183269883755,0
True,2.0049279943531,0
True,1.4893836152387,0
True,3.00851168470635,0
True,1.45759372545865,0
True,2.48196395517272,0
True,1.14843324251088,0
True,3.20208746544828,0
True,2.13769367825357,0
True,2.33356602680185,0
True,3.33948821612147,0
False,1.6743814913606,0.00177782125605889
True,1.99950067477372,0
True,0.673981699889101,0
True,1.49394674940752,0
True,2.10651254896729,0
True,2.05470925418081,0
True,1.36665767732796,0
True,1.74345568629224,0
True,1.84066588001458,0
True,1.50145416241299,0
True,2.51616123636516,0
True,1.08046539239027,0
True,1.17650372812932,0
True,1.68913546848925,0
True,0.955988816504412,0
True,3.56216630734602,0
True,3.14871715685364,0
True,1.10449336615483,0
True,1.26831289055864,0
True,3.16374941390767,0
True,3.1060019890248,0
True,4.01934345068949,0
True,1.67211287366856,0
True,1.07934724788483,0
True,3.2323479663682,0
True,1.54427508122548,0
True,2.3767110229149,0
True,2.74998633272171,0
True,1.16226746429795,0
True,1.4642952205912,0
False,1.67182398502129,0.000279517832783604
True,0.794837083555605,0
True,3.21730192881794,0
True,1.0298855487831,0
True,1.33231649725914,0
True,2.53535677321008,0
True,1.55965389817596,0
True,2.97745560278551,0
True,1.14769704756333,0
True,1.11671883709156,0
True,1.92797832772292,0
True,2.15233075634127,0
True,1.63271569243527,0
True,3.52539307824562,0
True,1.78642725432421,0
True,1.52023804377192,0
True,0.795678822115078,0
True,2.40259055214331,0
True,2.40820366879534,0
True,2.18554491440679,0
True,2.47745349941012,0
True,3.37100161167245,0
True,1.59183109945811,0
True,2.35420371281935,0
True,1.82050458882525,0
True,1.30670603120534,0
True,1.39241680688199,0
True,2.1207320774836,0
True,3.82722114462815,0
True,2.79078373894467,0
True,2.81125004144522,0
True,2.26205139857642,0
True,2.0597987096666,0
True,1.39582232428144,0
True,1.01665005832564,0
True,2.58974736604583,0
True,1.44091550665796,0
True,1.42912679737032,0
True,1.27527016813153,0
True,1.65583697155813,0
True,2.97930878366074,0
True,3.82836704250918,0
True,2.10351029318114,0
False,2.60780911170136,0.000108830140475943
True,1.76877399446254,0
True,1.24605194794048,0
True,1.72284604368192,0
True,1.91881071996948,0
True,1.78496327074747,0
True,1.50003110570596,0
True,1.37335380124104,0
True,2.27006620484417,0
True,2.45665922936727,0
True,1.18685592116946,0
True,1.65432487987328,0
True,2.84917071215831,0
True,1.94972959336546,0
True,1.95300165308249,0
True,3.69788442531922,0
True,0.959931195780808,0
True,3.20003932479537,0
True,2.62270807724796,0
True,1.09368519094099,0
True,2.02466175388955,0
True,1.41380587314094,0
True,3.18059106385069,0
True,0.815884763421424,0
True,2.99161317450131,0
True,3.58959652761349,0
True,1.63943311480478,0
True,1.90313405409861,0
False,1.0036677846436,0.000125772992377262
True,1.8104130614145,0
True,1.96570789213725,0
True,1.11364104539986,0
True,1.3347955259062,0
True,2.05849221024601,0
True,2.27189847429142,0
True,1.94006896426085,0
True,1.73755690586748,0
True,3.26033903643907,0
True,2.14457728208565,0
True,2.63769588505553,0
True,3.30614435316161,0
True,1.43840642971523,0
True,2.93874037055209,0
True,2.3610299232816,0
True,4.1623668626368,0
True,2.08517531189102,0
True,2.1405809341612,0
True,1.50231477868588,0
True,1.743943512829,0
True,2.43298933867841,0
True,3.53426729201611,0
True,2.96051930762193,0
True,1.08043020937616,0
True,2.98213266607335,0
True,0.792152833221397,0
True,1.38630175863253,0
True,1.25303097007417,0
True,0.967938158415488,0
True,2.82109340721742,0
True,2.99705391565627,0
True,2.7967642873851,0
True,1.6842250827477,0
True,1.39427727049166,0
True,4.00523811681617,0
True,0.837497113402519,0
True,2.85769435927602,0
True,1.44379202117181,0
True,3.51255004996467,0
True,1.5500808492538,0
True,2.30870072574405,0
True,1.22843283558759,0
True,1.5032419162252,0
True,2.34794521355926,0
True,1.94674121539544,0
True,1.44154310869622,0
True,1.34900439830074,0
True,1.71553122979017,0
True,1.35774760508469,0
True,1.41465300171422,0
True,2.44377415741914,0
True,1.80570329747638,0
True,1.41882607558515,0
True,1.64610091057857,0
True,1.45197723604977,0
False,1.05989608673828,0.000183697162014389
True,1.61429723414052,0
True,1.79693877528275,0
True,3.94543781425781,0
True,1.43567792342138,0
True,1.77616571174538,0
True,0.992651784488266,0
True,2.19935740331725,0
True,1.11020997732703,0
True,0.723508797183697,0
True,2.0934805049406,0
True,1.06464104901724,0
True,1.4158530338996,0
True,1.84133736983443,0
True,0.924021730727861,0
True,3.44065407936756,0
True,2.72788374416031,0
True,1.29624174854018,0
True,1.31028864587447,0
True,1.03186687819118,0
True,1.28087061605889,0
True,1.38559598244137,0
True,1.45518956193777,0
True,1.4233928725482,0
True,1.98999296199652,0
True,2.7633841479748,0
True,3.58364675830621,0
True,4.00288583439763,0
True,2.60813790090406,0
True,1.55157759316261,0
True,1.93174945891476,0
True,2.02628129312759,0
True,3.28322428401177,0
True,2.74118913510579,0
True,0.918889929523686,0
True,1.28345367617111,0
True,1.07260473443111,0
True,2.84740771570065,0
True,1.39972441585726,0
True,2.8709382612744,0
True,3.26981819961545,0
True,1.7791196538386,0
True,2.03208578087303,0
True,2.49120306431772,0
True,1.6428523538606,0
True,1.49920365705622,0
True,1.79475678696778,0
True,1.31689954545601,0
True,2.75814868612783,0
True,0.836357687829741,0
True,1.01054610532064,0
True,1.35812667137231,0
True,1.56134045892601,0
True,3.7969541671817,0
True,2.88772852369704,0
True,1.77474500960094,0
True,2.3980896787142,0
True,2.74570456306003,0
True,2.27347891690058,0
True,1.38924848832331,0
True,1.60877975680807,0
True,1.59677017511006,0
True,0.765944698990949,0
True,2.14372154730528,0
True,2.66382951027232,0
True,2.45743645837626,0
True,1.76384001993527,0
True,2.16165573705661,0
True,2.42358751251547,0
False,2.31695180550554,0.00041987747955988
True,3.29216979146477,0
True,2.0077151810669,0
True,2.50522187357218,0
True,1.55637247029232,0
True,2.09946091821791,0
True,2.16704363649372,0
True,1.43284495616555,0
True,0.923377157792449,0
True,0.49265342347778,0
True,2.01487947788325,0
True,1.28180678823416,0
True,1.48922320021328,0
True,1.16314651680556,0
True,1.07457010781704,0
True,4.00306697772819,0
True,2.50464936266117,0
True,1.13791384249052,0
True,1.26609724758153,0
True,1.22777834828421,0
True,0.908573332471375,0
True,0.918358845427333,0
True,1.61819554462637,0
True,2.07472503761961,0
True,1.50624012909777,0
True,3.69517855747374,0
True,2.75727895706501,0
True,1.47594324646492,0
True,2.13106304081639,0
True,1.16016686324001,0
True,2.57987369129946,0
True,0.943268489564191,0
True,0.898319715077228,0
True,1.22452035174786,0
True,3.15598993939163,0
True,0.991868431978577,0
True,1.89167527751304,0
True,1.98535286508571,0
True,4.1086228363735,0
True,4.13505380607727,0
True,0.965575035679413,0
True,2.33288827460506,0
True,0.871516496981652,0
True,2.25006136571668,0
True,2.10519078428426,0
True,2.94667371393282,0
True,1.86095769699594,0
True,2.17028052390243,0
False,1.63835307343845,0.000166367028627528
True,0.78948562230542,0
True,0.630241437868916,0
True,0.884789931668578,0
True,1.79667886361967,0
True,1.92927646917932,0
True,1.45247541083476,0
True,2.26717124826888,0
True,3.50051757266912,0
True,2.14782736072201,0
True,3.1736583696437,0
True,0.804828319383862,0
True,1.11654350167334,0
True,2.01192145480365,0
True,1.46335599950018,0
True,2.03015873818542,0
True,1.50841279229354,0
True,1.4070091095563,0
True,1.14618047948769,0
True,1.59494972682658,0
True,1.35562666734085,0
True,2.62365513155975,0
True,1.80614553058965,0
True,1.2884120852742,0
True,1.71229983910177,0
True,2.20598499324148,0
True,1.0431265610825,0
True,0.980382935958831,0
True,2.75437340543047,0
True,1.62190930346851,0
True,1.64270178462101,0
True,2.48393998573624,0
True,3.76598795206211,0
True,3.02771757401479,0
True,0.952353021589218,0
True,1.36125909404716,0
True,1.45843136284914,0
True,1.99264917170697,0
True,2.46281612569271,0
True,2.99811441745634,0
True,2.21978331497148,0
True,2.82146125772716,0
True,2.79236253080768,0
True,2.15712538510241,0
True,1.06235443541916,0
True,3.43772295637369,0
True,3.34954588632704,0
True,1.59778639896783,0
True,1.69972007572006,0
True,1.83892743343211,0
True,1.45548877414983,0
True,1.30845514248539,0
True,2.91240864035177,0
True,1.51641546923033,0
True,2.02393388307348,0
True,1.41247827172941,0
True,0.977538544640438,0
True,0.926040237744154,0
True,3.71141538566122,0
True,2.30286787166242,0
True,2.55731114616888,0
True,3.7989202876807,0
True,1.57440431409997,0
True,1.32332447973929,0
True,3.23175079966939,0
True,1.07797512847438,0
True,1.21196218674908,0
True,0.493872844059561,0
True,2.06316997090424,0
True,2.47047482479386,0
True,4.310617252014,0
True,3.62754642108641,0
True,1.82759752873652,0
True,2.16806117897185,0
True,2.81320116202217,0
True,1.76705536293214,0
True,1.33413351311321,0
True,1.57411967125413,0
True,3.75371954381152,0
True,1.58856715891976,0
True,1.02972060178316,0
True,2.57918483309961,0
True,3.01136936278132,0
True,1.23202670391008,0
True,2.95292474871361,0
True,2.49731365050697,0
True,0.780023894697096,0
True,1.14186270701967,0
True,2.26533908049079,0
True,3.19477081189087,0
True,2.86608714046578,0
True,2.94252551882069,0
True,1.5603573104617,0
True,1.11200340543402,0
True,2.08929267313561,0
True,0.879959837758046,0
True,3.07767725321486,0
True,4.45099242203419,0
True,2.50843904898318,0
True,1.55754349109501,0
True,3.30413701876607,0
True,2.80228274765985,0
True,2.3108982095124,0
True,0.919548012456974,0
True,1.29962394466538,0
True,1.42035633262453,0
True,3.92519137199802,0
True,1.84445121199504,0
True,1.84263315036722,0
True,1.98389717273598,0
True,1.52109422953778,0
True,2.51117788919807,0
True,1.65939062999827,0
True,2.06248476684065,0
True,2.9527903423146,0
True,2.65575927216705,0
True,1.37273762661757,0
True,1.18798661416786,0
True,1.71995610910677,0
True,3.47175690638003,0
True,0.813931281817488,0
True,0.813794250570045,0
True,1.01135246213767,0
True,1.61235294702093,0
True,3.75185553253319,0
True,1.59492129089103,0
True,0.804750720604184,0
True,1.47370612947335,0
True,1.71611783261415,0
True,3.32377298492248,0
True,3.42507482343603,0
True,1.64498321258955,0
True,3.38278227178997,0
True,1.41110768587187,0
True,1.85196880970849,0
True,1.53048865762654,0
True,2.57995655989037,0
True,1.48348278046502,0
True,1.66614955838692,0
True,2.07567211273246,0
True,2.79067424378147,0
True,1.06194305443071,0
True,2.0661027781438,0
True,1.32207922870838,0
True,2.36812674368721,0
True,1.60579168662985,0
True,0.81289458398642,0
True,1.40962303022332,0
True,1.08601190309361,0
True,3.62321920162014,0
True,1.25533613249197,0
True,1.60933212868968,0
True,1.57846814681015,0
True,1.56250772155665,0
True,2.24176848931255,0
True,1.78213715471269,0
True,2.11932323611733,0
True,1.95412571663092,0
True,0.869629938638291,0
False,3.51124564005845,0.000180173762737194
True,1.18695585348921,0
False,2.21210894692445,0.00093654445238521
True,1.11833222285394,0
True,0.971228488968333,0
True,1.64530274319185,0
True,2.94979035087092,0
False,2.85509329064683,0.00118822092117215
True,0.877232378124107,0
True,2.110415554282,0