Success,Time,Fitness
True,0.996158475770751,0
True,2.45353915276417,0
True,2.21013751910258,0
True,1.66341873910837,0
True,0.621595938302892,0
True,1.95479100932138,0
True,1.11243358181577,0
True,1.05276933425054,0
True,1.46923601416882,0
True,1.03413301767834,0
True,1.96330625450994,0
True,4.2880296325755,0
True,1.55549576784483,0
True,2.57603543416901,0
True,2.12957066125566,0
True,1.66188306250658,0
True,1.1279381331378,0
True,2.92061555737076,0
True,0.829472646547772,0
True,2.95275592947737,0
True,3.1705496866042,0
True,1.65792300585692,0
True,0.74863701726424,0
True,1.11594972628687,0
True,2.04855029872906,0
True,1.15108653367336,0
True,3.58787780905126,0
True,1.91806192538311,0
True,1.81694677778481,0
True,3.12631391133721,0
True,1.81999518653733,0
True,1.08467368136599,0
True,2.73490114964019,0
True,2.11560042753853,0
True,1.64938175131898,0
True,0.934121524324931,0
True,1.52699940711709,0
True,1.6766918354994,0
True,2.87463137913032,0
True,1.39046797499183,0
True,3.35043507155065,0
True,1.57196977957694,0
True,1.7246181399364,0
True,1.73308248285425,0
True,1.82026339500886,0
True,1.64756558296115,0
True,1.98543362506934,0
True,1.76242474415656,0
True,2.51793320188865,0
True,1.47717657823004,0
True,2.96538866901,0
True,1.17797774920007,0
True,1.68255074146021,0
True,1.10361374349741,0
True,3.14900711989428,0
True,1.13630723548136,0
True,1.61840530736508,0
True,1.55069773969427,0
True,3.74234490295487,0
True,2.78324995871602,0
True,1.97009534368967,0
True,1.19439798661437,0
True,0.594515086466793,0
True,1.37870738950037,0
True,0.937833121849537,0
True,2.34877424435587,0
True,1.08612026611847,0
True,1.25677653444485,0
True,1.03112497123989,0
True,1.66499238594374,0
True,1.25793632898471,0
True,1.82377451107661,0
True,1.03922468475882,0
True,2.24747835971569,0
True,2.46491077402101,0
True,2.65152679235103,0
True,1.92694961750546,0
True,2.28153059330576,0
True,2.94657312000149,0
True,2.72790037682298,0
True,3.12033645886339,0
True,1.0867100241988,0
True,1.67815277214391,0
True,2.50021385850405,0
True,0.949090102080337,0
True,2.29299932996586,0
True,1.92768594595623,0
True,0.857250925636917,0
True,1.20011690595589,0
True,1.89486921239137,0
True,2.30004780920174,0
True,1.06469351080285,0
True,1.35871281859882,0
True,3.08490680824452,0
True,1.2425719622361,0
True,1.01046337717692,0
True,2.20077179009137,0
True,0.760597061628009,0
True,1.25455236534533,0
True,3.84918102171591,0
True,1.92634602002855,0
True,2.48247871875922,0
True,2.66089132593507,0
True,2.1714120477715,0
True,1.92857143883692,0
True,1.01767046723717,0
True,1.4429084812935,0
True,4.06737664074273,0
True,1.61137736966261,0
True,3.15144761124336,0
True,0.979990774682303,0
True,2.08875966267576,0
True,1.40858104099546,0
True,1.98815444036233,0
True,1.49188422469817,0
True,1.80474897600679,0
True,3.1851943508902,0
True,2.2646593919164,0
True,1.06093091002363,0
True,2.99845578268081,0
True,1.56475978523433,0
True,1.83952078726691,0
True,1.96157988384182,0
True,1.26825429888563,0
True,0.727610061205963,0
True,1.65678273403779,0
True,1.661692130769,0
True,1.94200864806573,0
True,2.68061794797846,0
True,2.76066455829429,0
True,1.18769678601551,0
True,2.05153165124059,0
True,2.94024932874799,0
True,2.3888659704643,0
True,1.00436976032457,0
True,1.37665580878925,0
True,1.83561449745781,0
True,2.17562497000633,0
True,2.41001617363623,0
True,2.00980881364709,0
True,0.908376534375967,0
True,1.02092520769765,0
True,1.78988673404875,0
True,2.19079612098481,0
True,2.09262951664834,0
True,2.07453448457532,0
True,0.790436536154485,0
True,1.82947868315339,0
True,1.04731087554928,0
True,1.51757269672064,0
True,1.95540277839611,0
True,1.40876398484975,0
True,2.64349315534742,0
True,1.60454845633754,0
True,3.44122251383211,0
True,1.69239846728879,0
True,1.35945950080855,0
True,3.32567362725748,0
True,2.69335904289857,0
True,2.37480520409229,0
True,3.84978367602272,0
True,2.48546794739618,0
True,1.44379236635563,0
True,1.19884801967085,0
True,1.05023533582851,0
True,1.77523685989382,0
True,2.43968287434961,0
True,3.16578704119416,0
True,1.45133594213873,0
True,2.13749205843118,0
True,0.771902683989337,0
True,3.37216661669416,0
True,3.1491220954813,0
True,1.15517540469516,0
True,0.879769671818529,0
True,1.31015127194059,0
True,2.1003143954169,0
True,2.09174141206731,0
True,1.06230121398913,0
True,1.66638215127259,0
True,1.52791271120063,0
True,1.43553504482725,0
True,1.66603911739347,0
True,2.26384813536807,0
True,1.13519962900348,0
True,1.44269870401006,0
True,1.16366925778893,0
True,1.58069530838896,0
True,2.35271389659994,0
True,1.4100005941503,0
True,1.65368222518539,0
True,1.67947285627215,0
True,2.13848054104774,0
True,0.893462531463994,0
True,1.5024664164985,0
True,3.28569966334887,0
True,2.17948029432685,0
True,3.64078846514735,0
True,1.19805279617522,0
True,1.56252912606573,0
True,0.988551261647061,0
True,2.47318795318333,0
True,1.25315626901117,0
True,1.83372163454831,0
True,0.980061534377503,0
True,2.31665457193654,0
True,1.59481791083923,0
True,1.72663399194107,0
True,1.39438901136345,0
True,2.85446680998046,0
True,2.71530845792345,0
True,2.26322737486653,0
True,2.502337051688,0
True,1.29423379032859,0
True,1.14443497786674,0
True,1.22149176341498,0
True,2.92338031926381,0
True,3.99294343178169,0
True,0.928554162090634,0
True,2.98804232311393,0
True,2.51811335497734,0
True,2.10360620767493,0
True,1.85076591435189,0
True,3.34066151483986,0
True,1.98377190920526,0
True,1.91503024875321,0
True,1.46989808354981,0
True,3.08181800806545,0
True,2.32674540998941,0
True,1.11229655598795,0
True,1.81109722665658,0
True,1.23098309963071,0
True,3.41795239842995,0
True,0.959493087261983,0
True,1.21144869619891,0
True,0.649607315474441,0
True,0.753074793059052,0
True,2.60683717466922,0
True,2.41035236413474,0
True,1.69745813016926,0
True,1.22914824043282,0
True,1.2990753640508,0
True,1.80788876431904,0
True,2.35712408323059,0
True,0.676257172244823,0
True,1.21016986426704,0
True,2.73219124414046,0
True,0.983207234936356,0
True,0.944229741664131,0
True,3.40959270105446,0
True,1.88939055718834,0
True,1.51404081137115,0
True,1.91524966034245,0
True,1.18118743310301,0
True,3.99948420704832,0
True,4.06680060342015,0
True,2.48936121684445,0
True,2.18509839747459,0
True,2.30160598534305,0
True,0.940103840417593,0
True,1.1222687470335,0
True,1.66615130663193,0
True,2.40932506623674,0
True,1.62221732195958,0
True,1.62962590217218,0
True,0.897132499038157,0
True,1.48508789437112,0
True,1.04853321963912,0
True,0.63596922325366,0
True,1.38366728492006,0
True,1.2508471700617,0
True,3.49892990045443,0
True,2.01745592739073,0
True,1.87225042428566,0
True,1.90983978019382,0
True,1.1471634923892,0
True,2.67362651105753,0
True,2.14932157654103,0
True,1.99303396565283,0
True,1.82950104529865,0
True,0.962005940220882,0
True,2.31071971207602,0
True,3.64703493455426,0
True,0.863930591056906,0
True,1.51766725319946,0
True,0.782448255138664,0
True,0.436371454388626,0
True,1.51880293173302,0
True,1.83983797977016,0
True,0.96844484401562,0
True,1.07838926935392,0
True,1.34061386820878,0
True,1.82438436772267,0
True,1.85908724522457,0
True,1.79905685769327,0
True,0.939119446388391,0
True,2.12073627792036,0
True,1.24346134146694,0
True,1.70639700705882,0
True,1.39832953955596,0
True,1.60505039304828,0
True,1.53342980990114,0
True,1.49012104947781,0
True,1.87235651481958,0
True,1.24001194501064,0
True,1.20917810373977,0
True,1.97364176537027,0
True,1.60225195911693,0
True,2.79579586513018,0
True,3.37169824334268,0
True,1.06811151545772,0
True,3.39828338597801,0
True,1.69139723432653,0
True,3.27161854058281,0
True,3.20696663792913,0
True,1.36087910829272,0
True,1.2065663982813,0
True,3.29151531432752,0
True,1.32053786132488,0
True,1.34901455037818,0
True,2.861283960126,0
True,3.5381394442466,0
True,1.50021779448895,0
True,1.73287363705089,0
True,0.995732144738763,0
True,0.591139206451888,0
True,0.723197745406246,0
True,2.03467116211962,0
True,3.26312492417318,0
True,1.62087925185691,0
True,2.11183973492563,0
True,1.93518921054936,0
True,2.84411644490065,0
True,1.48034064856829,0
True,1.37316107385817,0
True,1.22285462821403,0
True,1.16362058415176,0
True,2.03040633238428,0
True,1.90483185412402,0
True,2.17328904854251,0
True,2.08212150445238,0
True,1.10982594073102,0
True,2.07755882052142,0
True,1.95429651175512,0
True,1.42717648864442,0
True,1.08850925561569,0
True,1.48595121606985,0
True,1.63675780772192,0
True,1.08351624251442,0
True,1.52734562311469,0
True,1.88893226680999,0
True,3.42012274943105,0
True,1.83478325196931,0
True,2.39439702013921,0
True,1.70255828026748,0
True,1.24406067696956,0
True,2.05053958291629,0
True,1.22933302463301,0
True,3.11683984424794,0
True,1.20881333195157,0
True,1.95412147100679,0
True,2.31443651818373,0
True,1.72634502750243,0
True,1.31797564983609,0
True,1.27703766322669,0
True,3.57398877267211,0
True,2.2073751971183,0
True,1.76206571300744,0
True,1.76824898360902,0
True,1.12920081134451,0
True,2.03067730653452,0
True,2.74910359257657,0
True,0.741539582979749,0
True,1.52170845412108,0
True,2.67651303395703,0
True,1.62278401820773,0
True,2.02593439432959,0
True,3.25889209163183,0
True,2.05691474157604,0
True,1.03505116096958,0
True,1.78741858903412,0
True,1.53001237410915,0
True,0.840789475777022,0
True,1.92619191629171,0
True,2.15492067060262,0
True,2.36069742719951,0
True,1.75496545656028,0
True,2.15928452946723,0
True,0.766731475004088,0
True,1.80245379002951,0
True,0.962145520552205,0
True,2.08944360902486,0
True,1.07844078148341,0
True,1.06478271527293,0
True,1.35485368445202,0
True,2.09707755851593,0
True,1.20146419771206,0
True,1.7290244918509,0
True,3.0591542804208,0
True,2.81446338970272,0
True,2.7720324708184,0
True,4.26985088339558,0
True,1.50225054804605,0
True,0.870403576818976,0
True,1.25610191666577,0
True,1.27406323659769,0
True,0.439487798697826,0
True,1.41007167472882,0
True,3.68814976303596,0
True,2.74721716185911,0
True,0.964278345614846,0
True,1.62243034978941,0
True,0.677004080654368,0
True,3.37953777554478,0
True,2.01595836189556,0
True,0.994672465974417,0
True,3.68778461110746,0
True,1.81761271873471,0
True,1.88410633562469,0
True,1.03886337164242,0
True,1.32567014996845,0
True,1.47638706329435,0
True,1.21465662392067,0
True,3.81400307128487,0
True,2.38232106804199,0
True,1.24529594693888,0
True,1.39146737275623,0
True,2.59335544327902,0
True,1.74940120690876,0
True,1.07775911925224,0
True,1.59893249795344,0
True,1.4958184137122,0
True,1.99104112050953,0
True,1.02740438142632,0
True,2.09891343627781,0
True,2.21413389552777,0
True,1.4140835806536,0
True,1.33571554156118,0
True,0.860218514137457,0
True,0.798667553983152,0
True,0.748639510268527,0
True,0.892527335369751,0
True,1.31944910981127,0
True,2.02827855133267,0
True,1.86007578724889,0
True,3.66870940592781,0
True,2.02046340832397,0
True,1.4613349685662,0
True,1.37576721922422,0
True,0.879016995255987,0
True,1.43481502604208,0
True,1.69155901410365,0
True,1.81617840128123,0
True,0.620636573940541,0
True,3.77426489278771,0
True,3.24556968988632,0
True,2.29085162862304,0
True,1.6623681336076,0
True,2.50414592111953,0
True,0.787329991225534,0
True,1.38817574156943,0
True,1.26391692835258,0
True,2.69778834293695,0
True,0.946386691936868,0
True,1.73165767394462,0
True,1.20984944845418,0
True,1.42618111940548,0
True,2.49564351213861,0
True,1.80803068046869,0
True,0.727739428990655,0
True,1.64290584996542,0
True,2.27094652698098,0
True,1.1433625603769,0
True,2.01120841704951,0
True,4.09494022887321,0
True,1.56804377919316,0
True,1.8758783169164,0
True,2.94157936947842,0
True,2.68373634781027,0
True,0.662441193713371,0
True,3.24572705834296,0
True,3.9370643475635,0
True,3.12614561276446,0
True,2.6551994042495,0
True,0.787653912196623,0
True,1.45439113555633,0
True,2.29139389197044,0
True,2.12521468588512,0
True,1.43348903441082,0
True,1.90166079790417,0
True,1.81547592586611,0
True,0.960652949044087,0
True,1.18179936317221,0
True,1.59496091890079,0
True,1.88527984018532,0
True,0.964762495537974,0
True,1.49115127305868,0
True,3.33058378219804,0
True,0.505123734088819,0
True,2.03964933858094,0
True,1.98010201303006,0
True,1.46546036946915,0
True,1.26959151069479,0
True,0.833944965954097,0
True,1.05828220130691,0
True,1.3761623189113,0
True,1.51249476357458,0
True,2.09628548694004,0
True,4.11614991860839,0
True,3.98737136386729,0
True,1.79268419036677,0
True,1.31090749947221,0
True,2.27743375395287,0
True,1.50475092953346,0
True,1.63769005945877,0
True,1.69116339519816,0
True,1.07356670858557,0
True,1.33514032540169,0
True,1.05847927058973,0
True,0.616075047661634,0
True,1.80633674032998,0
True,1.76950661426195,0
True,1.3089247490723,0
True,1.6190556569437,0
True,1.51496538772126,0
True,1.58279122325029,0
True,2.03000494953685,0
True,2.16692414831699,0
True,2.30524727462461,0
True,1.64691564540803,0
True,1.24529128687984,0
True,1.93017807419252,0
True,1.85924451578332,0
True,0.957338582752644,0
True,1.02762155182711,0
True,2.49780997675127,0
True,1.21146248251342,0
True,1.46266098756013,0
True,1.39794468995408,0
True,0.991030621294596,0
True,3.28665168411231,0
True,1.78116505322832,0
True,2.05914513194311,0
True,1.7168623940468,0
True,1.97109398225317,0
True,0.614547014703769,0
True,1.15328870974799,0
True,2.74341460815749,0
True,1.30506227580074,0
True,1.85922508257031,0
True,1.68256230374487,0
True,1.82273281598182,0
True,3.65061483963129,0
True,1.10299367032373,0
True,1.43002402684016,0
True,1.9963352853996,0
True,1.40356254446254,0
True,2.02517112040205,0
True,0.959121773925807,0
True,1.60641764709661,0
True,1.38503312529745,0
True,1.87751346039841,0
True,1.81292883360023,0
True,2.06888159258989,0
True,2.53696999750862,0
True,1.37095495105354,0
True,1.38566574522319,0
True,1.98626721528561,0
True,1.26427897807125,0
True,2.61196407290696,0
True,1.43406587323046,0
True,2.40113705533304,0
True,1.13411461053237,0
True,1.74736668504355,0
True,1.11524268679198,0
True,2.40121547587002,0
True,3.15730109693019,0
True,2.24060544376365,0
True,2.14712934143173,0
True,1.88504478041338,0
True,1.75807013176071,0
True,1.55863444729462,0
True,1.09395234383541,0
True,2.20885716681767,0
True,2.43930702185343,0
True,0.900810537531951,0
True,1.72546765689393,0
True,1.60956103938349,0
True,3.44258066192772,0
True,2.24356687293487,0
True,1.90467031975907,0
True,3.41399304157917,0
True,1.32796031577542,0
True,2.53546504875522,0
True,1.63298683624111,0
True,1.93926666888894,0
True,0.828355081509963,0
True,1.1035502749041,0
True,0.531926901658272,0
True,2.27512316818482,0
True,2.18036293717149,0
True,2.31475739840118,0
True,1.59646314032493,0
True,2.12963671917482,0
True,2.1078440629167,0
True,2.20453331053539,0
True,2.26179871595049,0
True,1.12468314967582,0
True,1.57993330047221,0
True,3.36902622158606,0
True,3.46528971397911,0
True,2.90446929900843,0
True,1.6989143070938,0
True,2.58872350748217,0
True,1.16831094409995,0
True,4.17416056088364,0
True,1.52332721141975,0
True,1.30808431988492,0
True,1.34041295097731,0
True,3.30520139960877,0
True,2.09543980508529,0
True,2.13682721312956,0
True,1.53298138128902,0
True,2.63871483346903,0
True,1.91469131166203,0
True,1.31029580872259,0
True,1.36134045037592,0
True,0.99538124676177,0
True,1.66651109042038,0
True,0.829134429594661,0
True,2.28699732652071,0
True,3.02631528389692,0
True,1.45277163550882,0
True,0.944673089365573,0
True,1.67211070720526,0
True,1.98462945113979,0
True,2.54364955605889,0
True,1.94087821802627,0
True,2.6009204311428,0
True,1.74638825215451,0
True,1.10034048885857,0
True,1.46873735543034,0
True,1.8677536826404,0
True,2.04668597034648,0
True,1.21692826817699,0
True,0.898488083351146,0
True,1.66274132089885,0
True,1.3760297599628,0
True,2.92749967242885,0
True,3.63331307905583,0
True,2.37352394604566,0
True,2.18365955736199,0
True,1.60792087432418,0
True,4.21767441807375,0
True,1.44998721088388,0
True,3.68447153964203,0
True,2.5830986947059,0
True,2.15658543361311,0
True,1.55409988597678,0
True,1.92561823486432,0
True,1.89766217979765,0
True,1.78225644071713,0
True,1.49606039285361,0
True,2.52245041081082,0
True,1.87712462142726,0
True,1.91862629208299,0
True,1.12176154619518,0
True,2.93474076337046,0
True,1.73497285825386,0
True,2.28417703264347,0
True,2.05150795765891,0
True,0.780419930956479,0
True,1.9935201872373,0
True,3.12247695861548,0
True,1.88652836059076,0
True,0.961359885764752,0
True,4.24631255267788,0
True,1.22819704964046,0
True,1.77242552027113,0
True,3.69212049163089,0
True,1.62233272337574,0
True,1.04836227642993,0
True,1.07612533368404,0
True,2.39851834062583,0
True,1.34162811995442,0
True,1.36376532405045,0
True,1.78203644033042,0
True,1.44094799934949,0
True,1.41722053443362,0
True,0.890711071587658,0
True,1.39526624793746,0
True,2.51894798675383,0
True,1.84634952266499,0
True,2.82534516309953,0
True,1.3833282759867,0
True,2.50351991423858,0
True,1.30053765199599,0
True,1.37966029557288,0
True,2.32888886643536,0
True,1.31490835276746,0
True,0.547390368337346,0
True,1.42629254971157,0
True,0.863615187699469,0
True,1.22486108595564,0
True,3.49593586307326,0
True,2.3891456395063,0
True,2.41471187247328,0
True,1.42895731664643,0
True,0.917629696153825,0
True,1.30766304314426,0
True,1.37879811546272,0
True,2.01128288606948,0
True,0.920787024042367,0
True,3.25168870282015,0
True,2.80385313939757,0
True,2.10889237243549,0
True,0.891004948847711,0
True,0.821950176942991,0
True,1.22138470761446,0
True,2.30103038670199,0
True,1.68510588536484,0
True,1.40381902890446,0
True,2.7013368625292,0
True,1.74220127834952,0
True,1.97730055904551,0
True,1.15830423148231,0
True,1.78251963274252,0
True,1.53626043584525,0
True,1.410436055213,0
True,2.6259016860716,0
True,3.08723004240316,0
True,2.43064192218294,0
True,2.01331984898713,0
True,0.919569306913896,0
True,2.17260451768464,0
True,1.66105848312839,0
True,2.32050852942518,0
True,0.765915443389749,0
True,3.55659247780868,0
True,2.61405566212389,0
True,0.625061490362771,0
True,1.5422487045647,0
True,3.56875822646963,0
True,1.12211386740671,0
True,0.935363977474132,0
True,1.40944956314161,0
True,1.30929404631675,0
True,1.47408309052501,0
True,1.64665232808098,0
True,3.42162924503109,0
True,0.962306719344712,0
True,1.5180678967331,0
True,1.62691068342056,0
True,1.91437159582786,0
True,1.35400080350151,0
True,2.67625131398497,0
True,2.26046792486642,0
True,0.99993256743986,0
True,1.0735710574219,0
True,2.41620131690434,0
True,1.20406221315946,0
True,3.09615474859912,0
True,0.789931984197785,0
True,1.63584672566653,0
True,2.83729632575877,0
True,1.16780544849584,0
True,3.04656753150663,0
True,1.64502363552921,0
True,1.41348230675036,0
True,4.28061465248545,0
True,3.54129981134115,0
True,2.52001792109162,0
True,1.16513839334932,0
True,2.55759298862427,0
True,2.10003987804126,0
True,1.6898686032305,0
True,1.34672982772567,0
True,1.78844420806975,0
True,1.15232302942228,0
True,3.46706338742264,0
True,3.44636566030411,0
True,1.17111283353288,0
True,1.4982237078769,0
True,1.29139761067967,0
True,2.15921848829112,0
True,1.23123890297107,0
True,1.8857321907402,0
True,2.12936087296615,0
True,1.29856788689826,0
True,1.11284382006578,0
True,2.35871127047577,0
True,1.75325690219384,0
True,1.51033692562877,0
True,2.78607288905608,0
True,1.01831407196535,0
True,3.03068413407693,0
True,2.75931847684528,0
True,0.725229178701001,0
True,3.26569799746678,0
True,2.02922443820724,0
True,1.4205655570101,0
True,3.37282396425731,0
True,4.03656914300862,0
True,1.15766597554196,0
True,0.906165741459574,0
True,4.21327226873756,0
True,1.95032234694045,0
True,3.78619642456858,0
True,3.84554877794055,0
True,1.89492758824612,0
True,2.03441816499152,0
True,2.8434386019892,0
True,1.22327503538154,0
True,1.82503763124255,0
True,1.78187693652177,0
True,2.38201490474395,0
True,3.00952266167789,0
True,2.00476232293213,0
True,2.17338439909899,0
True,1.03452740748205,0
True,1.29507028550033,0
True,1.41933993633726,0
True,1.50156915842038,0
True,3.39352090709016,0
True,2.16987093239031,0
True,1.54218883734126,0
True,1.98185697607294,0
True,2.98888139970989,0
True,1.59684293441227,0
True,1.14684177067245,0
True,1.42054804334149,0
True,3.20901168659477,0
True,0.997901436415392,0
True,0.772012289444376,0
True,1.33066542545046,0
True,2.02011938891897,0
True,1.42384876185337,0
True,2.04277266071724,0
True,2.61299017829416,0
True,2.6295804760233,0
True,3.71439099609881,0
True,1.60032137678526,0
True,2.17737332848454,0
True,1.83727143082576,0
True,3.19361526269122,0
True,1.47771316775279,0
True,1.74607271310629,0
True,2.16364365903573,0
True,1.43782155155302,0
True,2.04469177020018,0
True,1.56429950004237,0
True,1.85321905271894,0
True,1.89647394043017,0
True,1.44870604294236,0
True,1.89922389716438,0
True,1.39315655586027,0
True,1.16373602915243,0
True,2.80928750512929,0
True,2.79598426140246,0
True,2.94987694940854,0
True,1.11428908766041,0
True,3.90186985749736,0
True,2.17818182084279,0
True,1.33517778701622,0
True,0.622980199919762,0
True,1.55931961283755,0
True,2.5978767812089,0
True,1.32013304273039,0
True,1.15567121458143,0
True,0.929632700287924,0
True,2.04588905017455,0
True,1.78051170762282,0
True,1.54155246098277,0
True,1.32957601959786,0
True,1.74303560143747,0
True,1.14248350647196,0
True,0.78390249554402,0
True,1.29204502473752,0
True,1.90885543919733,0
True,1.12400625611476,0
True,0.999217313305017,0
True,2.01224057021071,0
True,1.00746067678629,0
True,4.17763955844825,0
True,1.48398402123965,0
True,3.78742346461532,0
True,2.69858989472671,0
True,3.19945446839809,0
True,3.06243493077208,0
True,1.98544579624968,0
True,3.37339036661407,0
True,1.5520980499505,0
True,3.11800235971253,0
True,2.01043631372109,0
True,1.62824889587295,0
True,1.02951149118819,0
True,1.60701357689778,0
True,2.00264148767122,0
True,1.97189429585783,0
True,4.55960824506088,0
True,4.65799185227199,0
True,1.66566519257052,0
True,2.00094290986937,0
True,1.97688582432499,0
True,4.55889264251085,0
True,3.11600470243163,0
True,1.40505189573499,0
True,1.01901026135762,0
True,1.07767907200218,0
True,1.50077371308103,0
True,0.878042832968737,0
True,0.987170430665415,0
True,2.29027050623505,0
True,2.32611689630182,0
True,1.68883446855683,0
True,3.18969351101318,0
True,0.925787745549961,0
True,1.08686555781027,0
True,2.17452074968691,0
True,0.810870510095668,0
True,1.91444110446438,0
True,2.02314249031283,0
True,1.60326387476171,0
True,1.82807706347671,0
True,2.03404171632952,0
True,1.21295893124148,0
True,1.40992398056287,0
False,0,8.90487488810329E-05
True,1.48705553038726,0
True,2.05897557024561,0
True,3.20129947718145,0
True,2.74118718435643,0
True,1.35375712381597,0
True,2.06763525089001,0
True,1.22639001375211,0
True,2.76453753739424,0
True,0.856889072242779,0
True,3.06285386007823,0
True,2.70177478957605,0
True,2.59732332348389,0
True,1.32754069337869,0
True,2.71458874857942,0
True,2.42159223651242,0
True,1.45851682016538,0
True,0.934339047677822,0
True,0.853532992679649,0
True,3.72650964042325,0
True,3.08889367682526,0
True,0.976432099450301,0
True,1.21936576137357,0
True,2.66564328807876,0
True,1.38691759225909,0
True,2.35769480206376,0
True,2.69039892199263,0
True,2.7630768701161,0
True,2.38806767191427,0
True,2.80801753261365,0
True,4.19460623174386,0
True,1.34788677437311,0
True,2.19292776281321,0
True,2.31686145971711,0
True,2.11898531616836,0
True,1.07043536616337,0
True,1.75785449295779,0
True,1.1477261548361,0
True,0.799957045879473,0
True,1.70870381708182,0
True,1.72303269195022,0
True,1.49022931312215,0
True,1.20823363530892,0
True,2.09779450094955,0
True,3.23130567478848,0
True,1.7600261745932,0
True,3.6511931143191,0
True,3.01715044288594,0
True,2.47034319279017,0
True,1.64669984518767,0
True,1.28242164236868,0
True,2.56770292138247,0
True,0.695949038590005,0
True,1.37795448900997,0
True,2.3558590704609,0
True,1.73326189510168,0
True,1.45494477108036,0
True,1.90869352753195,0
True,1.47993560989327,0
True,2.18124837383057,0
True,2.46735264920473,0
True,0.900501928078755,0
True,1.97927598373511,0
True,1.41441428690272,0
True,2.41143999827806,0
True,1.73346030270749,0
True,0.935606823749565,0
True,1.79725649581783,0
True,2.35986255879046,0
True,1.71695178613047,0
True,2.70087468277425,0
True,2.82975239992269,0
True,2.07776373417411,0
True,2.24153134696192,0
True,0.999594248641578,0
True,2.08316305023859,0
True,1.75994301455007,0
True,1.76766324147419,0
True,2.25044549151327,0
True,3.44549827804978,0
True,1.45551942712197,0
True,2.80724618602462,0
True,1.61240819061519,0
True,1.7469309462683,0
True,0.632611324005073,0
True,1.46870157106431,0
True,2.96259640392864,0
True,0.897741985214255,0
True,1.62334027861973,0
True,1.1240820431892,0
True,1.6596006703971,0
True,1.0522917448205,0
True,1.17989925650437,0
True,2.03848714094671,0
False,0,0.000276046387394873
True,3.20533786688027,0
True,2.45888347705099,0
True,1.19235729861052,0
True,1.87330671461423,0
True,1.31516042670953,0
True,2.1661004483391,0
True,2.17736058586847,0
True,1.99504838939497,0
True,2.04592103040315,0
True,1.23045713621589,0
True,0.845410102001513,0
True,1.99520278183428,0
True,3.06661951186223,0
True,2.40578453147581,0
True,2.719339973957,0
True,1.12077737626354,0
True,2.31188784688857,0
True,0.763958052004662,0
True,1.33668502864507,0
True,1.65588757426668,0
True,1.32292514339507,0
True,1.42277249254957,0
True,3.87614112327318,0
True,2.46800606795361,0
True,1.87342781771018,0
True,1.490060463284,0
True,2.19506978484037,0
True,2.19332204102071,0
True,2.02024688798141,0
True,2.1479528345647,0
True,1.10281119268688,0
True,1.71894959383688,0
True,2.83402338049104,0
True,1.93156442639605,0
True,2.2475386154549,0
True,2.10611438246741,0
True,1.81674653058349,0
True,2.02725790927253,0
True,1.16400831398847,0
True,2.65105513969163,0
True,1.70303466797868,0
True,1.74953383326398,0
True,3.22479004829219,0
True,1.34156279732689,0
True,4.03209926704462,0
True,1.30863307565062,0
True,2.40701499691209,0
True,1.76506225347837,0
True,2.13579829661297,0
True,2.61297928342364,0
True,1.68912022634781,0
True,1.37966949161349,0
True,2.62888840677361,0
True,2.38991140876762,0
True,2.49058585007544,0
True,2.22786015075973,0
True,1.96358844275235,0
True,3.28336805468317,0
True,2.13517578352188,0
True,1.58343522825876,0
True,1.69142934051955,0
True,1.39655015419323,0
True,1.68060974123042,0
True,1.47013648205395,0
True,1.90749166976766,0
True,2.70535401106256,0
True,1.58765881560471,0
True,2.28013512684031,0
True,2.64846264186585,0
True,1.27529612505161,0
True,1.40009845177952,0
True,1.6183946950302,0
True,3.0897311184024,0
True,2.1853145568054,0
True,1.36794679759994,0
True,2.68543007170142,0
True,1.45947768775981,0
True,1.23136908791755,0
True,2.05484058543486,0
True,3.62153257758633,0
True,1.52632327183969,0
True,0.722477695947828,0
True,0.685909657389982,0
True,1.39218184903262,0
True,1.12759294312668,0
True,2.29175103563401,0
True,1.91379987161934,0
True,2.42601338737673,0
True,1.91855750885342,0
True,1.85384382581205,0
True,4.17435110049426,0
True,1.17173812163411,0
False,0,0.000211528307136108
True,1.03357908393552,0
True,0.966568799116485,0
True,1.89808575784104,0
True,1.76445173912641,0
True,3.73101694491664,0
True,1.88914931086564,0
True,1.86402834840102,0
True,1.34821970773265,0
True,1.14577093503913,0
True,3.16764836639652,0
True,2.29039133619052,0
True,1.38142874202604,0
True,3.15239858869427,0
True,3.74286100219196,0
True,3.44032195729158,0
True,1.75307170782344,0
True,1.33461214403084,0
True,2.09232408930654,0
True,0.868460786919626,0
True,1.50711271077559,0
True,1.89382731638587,0
True,0.697482258543641,0
True,1.65933666999273,0
True,3.2211371586098,0
True,1.7620183738467,0
True,2.89507671412595,0
True,1.94476964205623,0
True,0.889859183827824,0
True,2.09010593202855,0
True,1.73641258906007,0
True,1.84952918732116,0
True,1.36853992910428,0
True,1.60774402808015,0
True,1.48667583677867,0
True,2.12539734800496,0
True,1.95645980926487,0
True,1.230476698083,0
True,1.60983459669157,0
True,1.99817282748338,0
True,2.17320107209949,0
True,1.71682802818504,0
True,1.63549376741657,0
True,2.2374190383377,0
True,3.25286614780604,0
True,1.64367963243226,0
True,1.11034381108889,0
True,1.17036772242106,0
True,1.14639846143956,0
True,2.28023620908991,0
True,2.60075266876972,0
True,1.80157865703789,0
True,3.90942542528852,0
True,1.44582804407193,0
True,0.797889166640839,0
True,3.04629123793301,0
True,3.70153503307075,0
True,0.863984515754582,0
True,1.022020299557,0
True,2.3847697001923,0
True,1.87925142505581,0
True,2.11114754311615,0
True,1.01554240823665,0
True,4.20734122791243,0
True,2.02610440114062,0
True,1.33432747336088,0
True,0.852428767254545,0
True,0.772502678199663,0
True,1.67987400447235,0
True,1.60611533440059,0
True,1.26900146004298,0
True,3.67523382791984,0
True,1.31423937540375,0
True,1.39691927742606,0
True,1.19607737013818,0
True,0.959888606649527,0
True,1.88231125214166,0
True,2.63825203280508,0
True,2.93340595842191,0
True,1.24072784364503,0
True,1.16029707743513,0
True,1.3856267437237,0
True,1.31302999985378,0
True,0.887741825457666,0
True,1.83168117481754,0
True,2.47778272252872,0
True,2.57917780456277,0
True,3.1923791389346,0
True,1.92687286476953,0
True,3.12335728698408,0
True,2.20848621822654,0
True,2.16471107641304,0
True,3.0383446731962,0
True,0.817583905286431,0
True,2.65018202387921,0
True,1.55219008842352,0
True,1.72764066187055,0
True,2.91980753416317,0
True,1.78352835758589,0
True,2.1521643519098,0
True,2.29354442979537,0
True,1.04755360015437,0
True,3.68117682727985,0
True,1.79518171869987,0
True,1.3636354752043,0
True,2.22343936875396,0
True,2.30400592924379,0
True,3.06456046347493,0
True,2.70972032236869,0
True,1.82875964573145,0
True,3.04889572206424,0
True,1.33647258891961,0
True,2.21054549867554,0
True,3.47292168621464,0
True,1.93154206718218,0
True,2.88211176269697,0
True,0.993691885057425,0
True,3.62321301988881,0
True,0.860558741314727,0
True,2.48772410321754,0
True,1.2606556000308,0
True,2.83778457949577,0
True,1.57442510419794,0
True,3.30891191465328,0
True,3.40556003796898,0
True,0.596464185051934,0
True,1.0508008036923,0
True,3.47266190105561,0
True,1.65766096960397,0
True,4.55704306819309,0
True,2.75398458130436,0
True,1.24868663379733,0
True,0.984079105847703,0
True,1.1542279759822,0
True,3.09643619764835,0
True,2.41607890712442,0
True,3.89223244362589,0
True,2.72217856448956,0
True,1.65643713745926,0
True,0.781729952523896,0
True,1.14236317504777,0
True,2.19956759638309,0
True,1.95598489424856,0
True,1.57678964813891,0
True,1.2977788570917,0
True,1.39177898337817,0
True,1.0855176711422,0
True,1.20767190081594,0
True,2.9433096192969,0
True,2.60549386196233,0
True,1.24201986180326,0
True,1.96764987111302,0
True,2.1388706503781,0
True,1.93403884921335,0
True,1.53571680078679,0
True,1.72532471400027,0
True,1.02199023072331,0
True,3.20165338692613,0
True,3.54522947293125,0
True,2.02035923118774,0
True,1.29138858080899,0
True,1.61200823227178,0
True,1.93691618070611,0
True,1.7067261527916,0
True,1.52978912937154,0
True,4.01747366965211,0
True,1.74993854006819,0
True,0.908896560443041,0
True,1.13166062705023,0
True,1.98366739511116,0
True,2.5140396212273,0
True,2.41057052740937,0
True,3.04775478240598,0
True,3.15320213689798,0
True,1.89323042115797,0
True,1.8793656952601,0
True,1.96176230362746,0
True,2.14997175088629,0
True,2.02077786899741,0
True,1.41329732361378,0
True,2.70069258964039,0
True,1.97509504444506,0
True,2.50638542695091,0
True,2.07551174778082,0
True,1.51361186821855,0
True,2.5561614931185,0
True,3.02623442279268,0
True,1.97550001880418,0
True,1.42778287506013,0
True,2.22994767733939,0
True,1.59276456049531,0
True,1.46013135689687,0
True,2.00585606580837,0
True,1.94835907812561,0
True,2.31486720370758,0
True,2.1846988681557,0
True,2.18145233939531,0
True,3.9563488456182,0
True,1.04162468125831,0
True,0.685705002635359,0
True,0.71221833697788,0
True,1.62234828767377,0
True,2.10089334713501,0
True,1.33954112282234,0
True,3.24864646612289,0
True,1.21537087289805,0
True,2.63618582224658,0
True,2.5799084894859,0
True,0.639060150692235,0
True,1.21562219204967,0
True,0.721207725973062,0
True,1.49923762383031,0
True,1.44142528765262,0
True,2.49694368650339,0
True,1.9432865935188,0
True,1.48189715858689,0
True,2.06166801913813,0
True,2.4222137280783,0
True,1.11514911879863,0
True,1.12583085989438,0
True,1.45783263691568,0
True,2.15612857027591,0
True,1.86487551899049,0
True,1.28700797078496,0
True,2.26895266050403,0
True,0.759231022249874,0
True,0.883774940395881,0
True,1.04532214502217,0
True,4.00342104685488,0
True,3.01573981371195,0
True,0.898035514472303,0
True,3.6586589878706,0
True,1.44146869245056,0
True,1.79763168284503,0
True,1.13392350848245,0
True,1.49844356903795,0
True,1.49941660988115,0
True,1.1241178813468,0
True,0.938719337164203,0
True,0.894552769976921,0
True,1.00349115824768,0
True,3.46920812276755,0
True,1.11034980732086,0
True,2.63917356483843,0
True,0.555233172563062,0
True,0.952146161777338,0
True,1.58661241603221,0
True,3.2802453779398,0
True,1.90854327594148,0
True,2.10289949259805,0
True,1.22208360871731,0
True,1.61514498638602,0
True,1.79554919738135,0
True,1.83975803033457,0
True,2.17129125456565,0
True,2.32634087663893,0
True,2.18412811476369,0
True,3.52880622427926,0
True,2.1036946666454,0
True,1.41166523556162,0
True,1.54959009968669,0
True,1.03250396241842,0
True,1.87753453125788,0
True,1.43856674549952,0
True,1.70305381490208,0
True,1.76400657489733,0
True,1.80248394008401,0
True,1.38583440618419,0
True,1.44183194542361,0
True,1.38034359506238,0
True,1.74200113665775,0
True,3.62392373738103,0
True,1.86794409444601,0
True,1.37249798087324,0
True,2.3648745028608,0
True,1.38298632490702,0
True,1.77633193500731,0
True,3.83618763873725,0
True,0.647501049030263,0
True,3.39123577171019,0
True,3.22690392822847,0
True,3.24446928776552,0
True,3.5816633406834,0
True,2.80227223877253,0
True,1.92009082883916,0
True,1.50718052433705,0
True,2.85499958259089,0
True,4.01349849903235,0
True,1.10776908085639,0
True,3.12542369812643,0
True,1.93029167506632,0
True,4.08363126860353,0
True,1.74981152651937,0
True,1.19018419277429,0
True,1.47653740952112,0
True,1.50753934347505,0
True,1.85874751015557,0
True,0.340258776519383,0
True,0.27705311774056,0
True,1.68505387287105,0
True,1.70864441501348,0
True,1.68249188980669,0
True,1.01350890181927,0
True,3.13901676491823,0
True,2.097988390634,0
True,1.40797682973619,0
True,1.6362431876925,0
True,0.830620094105715,0
True,1.26186690218072,0
True,1.86223695139664,0
True,0.951962568195654,0
True,1.07187863003485,0
True,1.49891031357363,0
True,1.89185158660114,0
True,3.32079813888905,0
True,2.545077626962,0
True,2.58480527124402,0
True,2.36627954674485,0
True,1.91645554817231,0
True,1.95517445380882,0
True,3.29260083151838,0
True,1.50548326864562,0
True,1.99493129921276,0
True,1.39060396714328,0
True,0.704204545986063,0
True,1.33869214300156,0
True,0.549858022415299,0
True,2.27939751979623,0
True,2.78945191954691,0
True,1.06273399112119,0
True,2.72174780898507,0
True,1.05421265770537,0
True,1.39709454208947,0
True,1.17112333107048,0
True,1.52302647729306,0
True,3.28943089668654,0
True,4.03276630319727,0
True,4.40300169593902,0
True,3.5988923466563,0
True,1.36997579180199,0
True,2.81520089837392,0
True,1.83772120512083,0
True,1.71741166611615,0
True,2.83934694733222,0
True,1.8684873034367,0
True,1.53815883210476,0
True,1.17799029359989,0
True,1.00095181156654,0
True,2.91099804086914,0
True,1.86247665146913,0
True,3.46889782527362,0
True,2.14581881225234,0
True,2.57886505905442,0
True,2.40989731159146,0
True,3.6154393957953,0
True,2.26359265306344,0
True,1.05386399595513,0
True,1.60857365004796,0
True,3.56629923412534,0
True,1.12811810643712,0
True,2.58459851762783,0
True,3.39739873997899,0
True,0.971730541009655,0
True,2.64320447966359,0
True,2.37022737530257,0
True,1.00769753777381,0
True,1.01831186381716,0
True,1.02297585476572,0
True,3.24968955729382,0
True,1.29054236271055,0
True,2.25034360257335,0
True,1.74206918848579,0
True,1.67312479267975,0
True,1.52863302434143,0
True,1.24507211378093,0
True,1.30965917683807,0
True,1.97284960137739,0
True,2.54193029884407,0
True,0.89564391127275,0
True,2.09696181058944,0
True,0.889891979891209,0
True,3.03611417084624,0
True,2.58301318334233,0
True,2.04376704604315,0
True,1.02586510802661,0
True,2.22167122729847,0
True,1.44432689311154,0
True,2.84541339223233,0
True,0.983963322392781,0
True,1.4706248507281,0
True,2.55890948661352,0
True,2.71974261315651,0
True,2.04138893939477,0
True,0.900021411061056,0
True,1.33629223032398,0
True,1.63944513745602,0
True,1.29643110973549,0
True,3.38354434951144,0
True,4.43688601780502,0
True,2.66208441621882,0
True,3.41079758487581,0
True,1.97823698103727,0
True,1.81459472496257,0
True,2.61358516620815,0
True,1.63735781978127,0
True,2.0918956942462,0
True,1.77712911325983,0
True,1.40406377932286,0
True,4.12597253065888,0
True,3.49236273266125,0
True,2.57364606851175,0
True,1.48117037679841,0
True,1.00025849018431,0
True,2.68492086727352,0
True,1.57266346845553,0
True,1.91579335063132,0
True,1.76572397658503,0
True,1.73762828557353,0
True,1.94153904947502,0
True,2.26005633241425,0
True,2.39547912580584,0
True,2.45868947150267,0
True,4.19476166960671,0
True,1.88569247286758,0
True,2.39199638442468,0
True,1.20704994752383,0
True,1.03466515435018,0
True,1.10591422373335,0
True,1.92531997652119,0
True,2.58154214075048,0
True,1.7202592629855,0
True,2.22096254819293,0
True,1.96468597352496,0
True,4.34443877220009,0
True,2.58013211593221,0
True,2.75700786430525,0
True,1.23178135829965,0
True,1.18021206909697,0
True,1.01144641807855,0
True,2.39721233383248,0
True,0.909048179558715,0
True,2.81273063928361,0
True,1.29563227409564,0
True,1.04367311897088,0
True,2.2641902256847,0
True,2.02465883315151,0
True,1.48762004978741,0
True,3.54249003626297,0
True,3.40762251904604,0
True,3.02310200295162,0
True,1.67834486332875,0
True,1.86420890770026,0
True,1.82099828338972,0
True,1.08409895897959,0
True,1.25679809611878,0
True,2.42969242172277,0
True,1.66679401154777,0
True,1.77182273096632,0
True,1.87998433936546,0
True,1.80820188046845,0
True,2.40202170934431,0
True,1.99350276468157,0
True,0.900457913318876,0
True,1.07994768997456,0
True,1.98408666935077,0
True,1.23518776947431,0
True,1.05941475124052,0
True,1.57142713319797,0
True,0.909787682171271,0
True,1.58802837610585,0
True,1.94355160165392,0
True,1.77467065010835,0
True,1.52884999661793,0
True,2.55945151541738,0
True,3.15568742505083,0
True,1.39554630369221,0
True,1.46695834216686,0
True,1.26110783629274,0
True,1.36715883154015,0
True,2.32566419576881,0
True,1.54354891367041,0
True,1.19821119205725,0
True,0.864394175034114,0
True,2.10136743153388,0
True,2.21475065163542,0
True,0.697955823556542,0
True,2.93665554819605,0
True,1.85833145277478,0
True,1.54184001605691,0
True,2.20823199199958,0
True,1.36722689926225,0
True,2.33472062401391,0
True,2.72931612965422,0
True,2.18360780186771,0
True,2.80463001117302,0
True,2.0100980372864,0
True,0.82783184972289,0
True,2.72737218800326,0
True,3.23988089036779,0
True,2.71048383744333,0
True,2.67267664067864,0
True,3.22092596253149,0
True,1.36608097185686,0
True,2.07302547531403,0
True,3.06549011876579,0
True,1.61736508834351,0
True,1.57001570972056,0
True,1.50889116161608,0
True,1.96371061279642,0
True,2.15998830893138,0
True,1.46791068036202,0
True,0.988534956825856,0
True,1.7099018112457,0
True,1.44635052142141,0
True,0.68669601848914,0
True,3.7980951999744,0
True,0.943647015820987,0
True,1.04061946716578,0
True,2.59420425489636,0
True,1.36824499339612,0
True,2.96720749873944,0
True,3.13142247575132,0
True,2.58874164207232,0
True,4.0365580610366,0
True,1.26694891101628,0
True,3.41767484807471,0
True,1.97711469697974,0
True,1.94806319900944,0
True,1.66185695935227,0
True,1.40025940682883,0
True,0.881846066206764,0
True,1.27636325642771,0
True,3.72013478136563,0
True,0.656861237972752,0
True,2.22095609402574,0
True,1.16982602410364,0
True,2.50572378153725,0
True,1.25678796980967,0
True,0.931081768229946,0
True,1.42931109828201,0
True,3.37207892623464,0
True,1.48417329991083,0
True,3.07047464075136,0
True,1.92055462464411,0
True,2.5992704130427,0
True,1.83492569695085,0
True,0.966406274142516,0
True,1.17865427220983,0
True,1.22959349555682,0
True,3.17022874307137,0
True,1.3147667312885,0
True,1.95663592189507,0
True,2.28940848545173,0
True,1.19082806525593,0
True,2.54129999318729,0
True,2.36519388040552,0
True,1.71401082273196,0
True,1.08446419056424,0
True,1.51083608998941,0
True,1.42069381961483,0
True,3.0657538905752,0
True,1.04066214978423,0
True,3.18993813881466,0
True,1.80227569732278,0
True,1.21174042571316,0
True,1.00458471169217,0
True,3.52804841713103,0
True,1.70352835589012,0
True,1.03677649111185,0
True,0.715110947272311,0
True,2.29890162241374,0
True,2.3795963816288,0
True,3.18008616146898,0
True,2.20323055391034,0
True,0.911817203691322,0
True,2.71046413821894,0
True,1.33523801773386,0
True,2.72124526760854,0
True,4.28142551595652,0
True,1.63314431050345,0
True,2.31244393677529,0
True,4.34123261296563,0
True,2.8854044095497,0
True,0.55509007407098,0
True,0.921372266376902,0
True,2.30194716909473,0
True,0.94345768554723,0
True,2.18628446420455,0
True,3.75026760498698,0
True,3.99411658476309,0
True,1.30963844652491,0
True,3.85181519822244,0
True,2.45096747089501,0
True,1.59816138408181,0
True,3.80881620161677,0
True,2.25801902472916,0
True,2.18198010748796,0
True,1.62325724031015,0
True,1.07671665045388,0
True,1.14734185228017,0
True,1.82207099692149,0
True,2.75817490568631,0
True,1.25828221041364,0
True,1.66862696433607,0
True,1.68743304464602,0
True,2.04907877488434,0
True,1.03291780854628,0
True,1.0182439737086,0
True,1.09251927066864,0
True,1.6638008380674,0
True,0.919699130371497,0
True,2.75706787413471,0
True,1.11535112985103,0
True,0.865316270079622,0
True,1.34728543521896,0
True,1.87132489791861,0
True,1.30168328550463,0
True,1.55045328196825,0
True,1.27272479504237,0
True,2.40117144934057,0
True,3.02153474322052,0
True,2.29684892358478,0
True,1.7725325124546,0
True,0.981420121497853,0
True,0.929291340727441,0
True,1.05856622914367,0
True,0.805757921198322,0
True,1.26280274769164,0
True,2.24296679465348,0
True,1.44096669701795,0
True,4.04494004919273,0
True,4.05176239585389,0
True,2.04375540189175,0
True,1.79053379537129,0
True,3.05279363286716,0
True,2.56678882108221,0
True,3.06271283755816,0
True,3.20672395741971,0
True,1.55956798489475,0
True,1.71082812338695,0
True,2.2333641357497,0
True,2.93744239098981,0
True,1.21797160068531,0
True,2.01661605877467,0
True,1.79260758572312,0
True,1.3446178915164,0
True,1.54617320750539,0
True,2.33792308171486,0
True,0.267959727232394,0
True,2.02791941026244,0
True,0.940961955851155,0
True,1.3928800718313,0
True,1.73625631116704,0
True,1.22013853394356,0
True,1.7061805744,0
True,1.11924785955006,0
True,3.91428421233529,0
True,1.15389403784778,0
True,2.4107197063833,0
True,1.75021496993122,0
True,1.75404362599903,0
True,3.10937745886795,0
True,1.1563216725489,0
True,1.27403616642697,0
True,2.29144621921629,0
True,2.29737094582043,0
True,3.01002821410432,0
True,1.27166814825302,0
True,1.3995538551966,0
True,1.92133719653593,0
True,3.19328213287269,0
True,2.659783893318,0
True,2.74397088980205,0
True,1.28020948509313,0
True,2.2225837564799,0
True,2.37688534071726,0
True,3.62948387202395,0
True,1.89967841183248,0
True,1.75486493476545,0
True,1.60102792996247,0
True,2.45316717879224,0
True,1.14297778002501,0
True,1.17847582450019,0
True,1.89962303083894,0
True,1.12125162283171,0
True,1.34176871524817,0
True,2.28825381725839,0
True,1.21088886298581,0
True,2.54079313173968,0
True,1.05108868616903,0
True,1.93130853729906,0
True,2.13064001227656,0
True,2.94823313430257,0
True,1.15481706385081,0
True,1.20471469259529,0
True,1.96680330469994,0
True,1.89145789176536,0
True,2.3386866080141,0
True,0.708928569644696,0
True,2.63485739288165,0
True,2.7237608731416,0
True,1.49345493916439,0
True,2.01076707992243,0
True,1.19847477320769,0
True,2.42458735354015,0
True,1.32178312549415,0
True,1.38249421483976,0
True,2.64237062546009,0
True,2.14285516434693,0
True,1.84123215058063,0
True,3.69045999905877,0
True,4.22119873015649,0
True,1.5504418296915,0
True,3.70247954037193,0
True,1.18738415739708,0
True,1.39852093941611,0
True,1.01464106749438,0
True,3.58115748164947,0
True,1.67453703836479,0
True,3.77145954690467,0
True,2.9120214024831,0
True,2.92336802669683,0
True,1.02220483197727,0
True,2.78704569642791,0
True,0.854050659834414,0
True,1.36832178624899,0
True,1.80647227911289,0
True,2.1800414132011,0
True,2.28626072598178,0
True,2.35759663093659,0
True,2.76070912731201,0
True,3.48208877668938,0
True,2.47797626838261,0
True,1.01174956171653,0
True,2.55169767386388,0
True,2.65165357601662,0
True,2.32182978683041,0
True,0.654753759889403,0
True,2.82458840457872,0
True,3.14620897739405,0
True,3.07450317448891,0
True,1.60893574207923,0
True,1.62618003682061,0
True,2.84847935440717,0
True,2.93196758340795,0
True,1.306770613604,0
True,1.52733782483976,0
True,1.64965272685404,0
True,1.2844859155988,0
True,1.44740881324111,0
True,2.57157939507688,0
True,1.00873063466279,0
True,0.956825255909987,0
True,4.3483144664576,0
True,3.95827371622316,0
True,3.32290654484457,0
True,2.23317670614958,0
True,1.67231887260071,0
True,2.77902314447417,0
True,0.866513083870522,0
True,3.29897273074592,0
True,1.6978063010501,0
True,1.90034343915469,0
True,0.809218953958167,0
True,1.68805961795716,0
True,1.69369149585414,0
True,1.82953751878738,0
True,1.99154124965727,0
True,1.82724342928441,0
True,1.50426912587203,0
True,0.996847754812008,0
True,1.87028639282147,0
True,2.62098140398244,0
True,1.68812922331778,0
True,1.04425969798104,0
True,1.43999799177624,0
True,1.90646843341579,0
True,3.0597768393986,0
True,1.62013670825147,0
True,2.45559398485896,0
True,1.00612927638037,0
True,1.20213157792939,0
True,2.06308040687612,0
True,2.60755494824729,0
True,2.55871197651031,0
True,1.55753696178417,0
True,2.29404007230746,0
True,1.36334294788732,0
True,3.01951319211142,0
True,1.17584170924305,0
True,2.87676380266938,0
True,1.50356621849692,0
True,1.67580023546293,0
True,1.59193108860956,0
True,1.21529488440822,0
True,2.14813758600631,0
True,3.33137124507303,0
True,3.36202780975484,0
True,1.23365519623875,0
True,1.35799749860431,0
True,1.2600080133157,0
True,1.13266726368466,0
True,3.21954346790516,0
True,2.51752980827501,0
True,1.68648802932565,0
True,1.06131642715683,0
True,3.16417902939257,0
True,1.47855923410367,0
True,1.56891166920478,0
True,2.00073622213746,0
True,2.09454001307079,0
True,1.08179658776308,0
True,1.95812582339149,0
True,1.99241389495896,0
True,2.09630447477351,0
True,2.86192062468028,0
False,0,8.86476946618699E-05
True,2.13483896605754,0
True,1.99076163016481,0
True,0.831137651928395,0
True,1.41509567959659,0
True,1.54010649244133,0
True,1.06876478915429,0
True,0.937489545774188,0
True,0.930137226160635,0
True,1.22665339820177,0
True,1.83482644483806,0
True,1.78065525711834,0
True,2.74553573169402,0
True,1.84312935572663,0
True,3.34553020267346,0
True,4.53231248295916,0
True,2.46117134485094,0
True,1.81808478348527,0
True,2.68061083049907,0
True,2.12773339771358,0
True,2.48375058490023,0
True,2.99135631924338,0
True,0.88215553226401,0
True,1.53520217934274,0
True,1.58933733553606,0
True,1.70105082337504,0
True,1.81001009378181,0
True,2.00960241617481,0
True,1.09194771854559,0
True,3.26439282814931,0
True,3.95333697206956,0
True,2.37460088044648,0
True,2.15894498515622,0
True,1.97799438107472,0
True,1.90950475196578,0
True,1.52171282176687,0
True,1.10484442465799,0
True,2.28836688150272,0
True,1.53135104224204,0
True,2.19054619633512,0
True,3.60428967460578,0
True,3.71482084085814,0
True,1.03833982451819,0
True,1.90274687853948,0
True,1.6103617954904,0
True,1.67349161677051,0
True,1.61080510299884,0
True,1.09393098044121,0
True,2.19346080988679,0
True,0.824175814999916,0
True,1.85187376057015,0
True,1.4826924966251,0
True,1.41033003646775,0
True,1.56121436743585,0
True,2.92916596392363,0
True,2.19688933922474,0
True,2.21992988655031,0
True,2.29460881715835,0
True,1.25758434582863,0
True,2.29961254339844,0
True,2.54321357818989,0
True,2.64131481210614,0
True,1.50469606172807,0
True,1.87816572949873,0
True,1.24943477105535,0
True,1.21542827621969,0
True,0.6780782532681,0
True,1.86642027542461,0
True,0.932478508224882,0
True,2.76615474311723,0
True,1.41497199169919,0
True,2.3733359337352,0
True,2.09775748686376,0
True,1.63951039239406,0
True,2.04164370422942,0
True,0.633934375252445,0
True,1.48304002928197,0
True,1.38125685794349,0
True,1.33828016987757,0
True,1.65378278529361,0
True,1.87806322971702,0
True,1.85523903899533,0
True,1.81097620999297,0
True,1.94984322170484,0
True,1.69667372931067,0
True,1.70506233985155,0
True,3.22261516061782,0
True,1.61423894312967,0
True,2.26123164096147,0
True,1.34064434378966,0
True,2.37503847351659,0
True,1.65366787229857,0
True,1.24849992811693,0
True,1.69209458264279,0
True,3.56555619464552,0
True,3.85862735251559,0
True,3.52711363129935,0
True,2.46186393086683,0
True,2.75627264307483,0
True,1.86173025474122,0
True,1.75792331106681,0
True,1.23724476390973,0
True,2.16385085876086,0
True,2.15639658055366,0
True,1.5571010363058,0
True,1.84048913443809,0
True,1.80960692704645,0
True,2.08730195583262,0
True,1.84455641818321,0
True,3.07210999825583,0
True,1.30188295598435,0
True,3.34903737273178,0
True,2.0105765616705,0
True,1.66828802195162,0
True,1.72752408654829,0
True,1.19218854934227,0
True,1.28856070501317,0
True,2.9727115128588,0
True,1.6521492522196,0
True,0.663613177795846,0
True,2.9667528886531,0
True,1.16748453794381,0
True,1.80166636214071,0
True,3.86928862770806,0
True,1.34954648644732,0
True,3.9041810047405,0
True,3.3333396567792,0
True,3.81252070604865,0
True,1.31035933554762,0
True,1.05631513597939,0
True,2.39135531186122,0
True,1.70439077297769,0
True,1.04621718831906,0
True,3.50979021780381,0
True,2.24187094753997,0
True,1.67387804692174,0
True,2.39453205855418,0
True,1.7556047475233,0
True,1.57580490045349,0
True,1.41794344202281,0
True,1.38801469537069,0
True,1.47307169079888,0
True,3.93081161582589,0
True,2.41897116101818,0
True,1.72220450371307,0
True,2.52825977355093,0
True,0.936998038374901,0
True,2.2035493050245,0
True,1.54040869344378,0
True,2.80525451200894,0
True,1.88817443499135,0
True,0.921683951736915,0
True,2.67596080165186,0
True,1.9767299060008,0
True,2.3886262133594,0
True,1.5650368579762,0
True,0.789797615290172,0
True,4.57811176486988,0
True,4.66826296725373,0
True,2.59019002880026,0
True,3.4505152306109,0
True,0.945633487073246,0
True,2.8214253778393,0
True,0.795291068586582,0
True,2.9313607448497,0
True,3.80298774406681,0
True,0.981056156367008,0
True,0.807679019123222,0
True,1.31929616648281,0
True,1.52253452928521,0
True,1.26545662974424,0
True,2.41291407750359,0
True,1.59057171073021,0
True,2.64751663726592,0
True,2.12653850059633,0
True,3.29039763051015,0
True,2.11696891519821,0
True,1.03099429268769,0
True,2.2439993872502,0
True,0.895492230116089,0
True,0.708648149897442,0
True,2.52279188500296,0
True,1.4956686884701,0
True,1.24101813073707,0
True,2.33633184197029,0
True,3.07120827243475,0
True,3.81213333878774,0
True,1.22956620101913,0
True,1.71731670791398,0
True,1.05557388113859,0
True,1.04907086514216,0
True,1.48048024638417,0
True,1.81205412114965,0
True,1.51611788060226,0
True,2.40608620177805,0
True,2.02095838612659,0
True,1.43975572467131,0
True,1.73892572035242,0
True,1.78393501166683,0
True,1.19293769301705,0
True,1.88155342140081,0
True,2.34531783207267,0
True,2.82084781483393,0
True,1.29951229306561,0
True,1.48794608787365,0
True,1.26701504446198,0
True,2.34518494215293,0
True,1.05465829174456,0
True,1.45621645252992,0
True,1.6033322437837,0
True,1.66600825505097,0
True,2.156694690163,0
True,2.50876369543813,0
True,3.08487537816477,0
True,3.95303959585892,0
True,0.855252648826501,0
True,1.44451169727713,0
True,1.91811889156788,0
True,2.76791976306015,0
True,1.05032065113337,0
True,4.18662488681995,0
True,3.89307157332689,0
True,2.85789099512198,0
True,1.8439431358533,0
True,0.934470317844243,0
True,2.4740835913481,0
True,1.73286187141176,0
True,2.6093727323002,0
True,2.39245845994102,0
True,3.1068003689359,0
True,2.45989174321031,0
True,1.97221902061575,0
True,0.891842662730436,0
True,3.60751239026947,0
True,3.93513307215741,0
True,1.40848800969878,0
True,0.874845249257251,0
True,1.09067592703118,0
True,1.15097649652084,0
True,3.0897389898249,0
True,2.57685504817845,0
True,2.54261552699398,0
True,2.00605679634487,0
True,1.9379505705991,0
True,1.32830745114542,0
True,2.65859057470224,0
True,2.63361938567938,0
True,2.62974565796097,0
True,2.2134904647814,0
True,2.02800332386301,0
True,1.23825701009592,0
True,0.553738311612444,0
True,1.28194572327792,0
True,2.58745239291114,0
True,1.5540947455768,0
True,1.14556623213964,0
True,1.55983489461117,0
True,1.45877074282456,0
True,2.06191874910308,0
True,2.05960957824169,0
True,1.95376143030583,0
True,2.59545039473932,0
True,0.982096404180458,0
True,1.52965477109011,0
True,0.985002103071752,0
True,2.3121412562097,0
True,1.57126277823047,0
True,3.12448622031593,0
True,2.32842040367712,0
True,1.65619317389725,0
True,2.11098518872483,0
True,2.50102566885361,0
True,2.53359937550871,0
True,1.79945782978093,0
True,1.77865513264666,0
True,1.3871850834927,0
True,3.05126651758378,0
True,2.05947645964453,0
True,1.58703551372238,0
True,0.898074930195263,0
True,2.8041396469314,0
True,2.34724671763311,0
True,0.998916897485922,0
True,1.74306326276887,0
True,2.30545168265361,0
True,2.64672373617932,0
True,2.94064450427351,0
True,1.85659731244319,0
True,1.65385089115611,0
True,4.16758127794158,0
True,1.78036987291802,0
True,1.33562540904618,0
True,1.80930697031939,0
True,1.36823466080164,0
True,1.57737456017574,0
True,1.77157328536142,0
True,1.21009238361721,0
True,0.970476710783924,0
True,1.11369698998526,0
True,1.68759600604453,0
True,1.7380353746468,0
True,1.29916433354119,0
True,2.16991636865227,0
True,1.01507881966988,0
True,2.29600103571951,0
True,1.66545743586342,0
True,0.993185782219757,0
True,1.98159199176595,0
True,3.18209442462992,0
True,1.33305603362636,0
True,3.53627075376845,0
True,4.0230424364665,0
True,2.04360469740048,0
True,3.01817138637578,0
True,2.82092993670004,0
True,0.905411283438033,0
False,0,0.000317582175249944
True,4.03197387415697,0
True,3.87659963213355,0
True,1.41522260896372,0
True,3.04575416945699,0
True,3.328216648877,0
True,2.35696355016063,0
True,2.10129384978976,0
True,1.37060645722987,0
True,1.37256273406521,0
True,2.35714240559991,0
True,1.48528529388362,0
True,1.64234528079366,0
True,1.10732064548174,0
True,2.75673938909117,0
True,1.64876696856236,0
True,1.1765958323664,0
True,1.23577475159462,0
True,1.87564194936215,0
True,1.26720579214757,0
True,1.95916792095195,0
True,2.59000136015404,0
True,1.52585715925908,0
True,1.20717116667876,0
True,1.76838876868079,0
True,2.40515512335266,0
True,2.06913907973035,0
True,1.24716179538771,0
True,2.31576966481406,0
True,1.29921483577815,0
True,1.42301271121199,0
True,1.03876147530273,0
True,0.841663466256745,0
True,1.80747581134629,0
True,1.46034847748381,0
True,2.387511521214,0
True,2.48595158342207,0
True,1.90397159576827,0
True,0.745273951772142,0
True,2.52748301290041,0
True,2.87917697457493,0
True,2.95573140682189,0
True,4.32585778493571,0
True,2.13424657486653,0
True,2.40641114180695,0
True,3.09888712032615,0
True,1.73818228388004,0
True,2.29301100218718,0
True,1.81484215400516,0
True,0.989942589943228,0
True,3.42058542383023,0
True,4.19838432851144,0
True,1.52956174091929,0
True,1.66230402998227,0
True,1.16551217018798,0
True,0.59667311599848,0
True,1.34415959176189,0
False,0,0.000146528290718404
True,1.29540764914345,0
True,1.14831568115378,0
True,1.64531375166275,0
True,3.83920432273589,0
True,2.7021331538209,0
True,2.18875481175655,0
True,2.26540117853015,0
True,1.03566242290886,0
True,1.70258727937251,0
True,2.1441716756877,0
True,1.73441790893931,0
True,2.13429836021369,0
True,2.70260866946786,0
True,1.32632119915997,0
True,2.29649938639769,0
True,1.6426447227229,0
True,1.02201438312691,0
True,2.6440850033044,0
True,1.53091849441825,0
True,1.64181210247258,0
True,1.60461951103128,0
True,1.39699143322174,0
True,1.5635403568803,0
True,1.64711646152574,0
True,1.93737764733368,0
True,1.31701223354065,0
True,2.2509628175898,0
True,2.58176442182683,0
True,1.73496444329684,0
True,1.00016034695168,0
True,1.00314962623917,0
True,1.34982812812829,0
True,0.863595292623971,0
True,1.55666345941135,0
True,0.845646242105376,0
True,1.61692042609686,0
True,1.37089210156163,0
True,1.1920381936257,0
True,1.64824406758758,0
True,1.3926995714343,0
True,1.32065399258578,0
True,0.732721095665744,0
True,1.65279516096991,0
True,0.880137364345145,0
True,1.38277854703077,0
True,2.05492898232777,0
True,1.79297558235307,0
True,1.38095271414174,0
True,2.79970114967988,0
True,3.43331833839302,0
True,1.58517770673547,0
True,2.62813817642084,0
True,1.709253033751,0
True,0.876045484939922,0
True,2.60524043257119,0
True,1.36880167792041,0
True,2.03941212921876,0
True,1.96112754265159,0
True,1.42665945987778,0
True,2.63917696680045,0
True,1.55821437782375,0
True,2.52531402132675,0
True,1.92680588069251,0
True,2.78999935977195,0
True,1.71513880195234,0
True,2.44965465335135,0
True,3.53836005429931,0
True,1.31721238737736,0
True,2.56814059177753,0
True,1.96306860188335,0
True,2.45815743614282,0
True,1.34844805614965,0
True,2.15974625512581,0
True,0.841515144115555,0
True,1.59422261833766,0
True,2.56938171718757,0
True,2.89175847771571,0
True,2.84497542793437,0
True,2.95052066160216,0
True,1.21761791757933,0
True,1.4671514909094,0
True,1.47011071292558,0
True,1.54069528747301,0
True,1.92363260567311,0
True,3.96168772607569,0
True,1.85352118333526,0
True,1.59288789712754,0
True,1.06148589444082,0
True,3.21904566387171,0
True,1.30403043725857,0
True,0.965611493947763,0
True,1.50110945293938,0
True,1.6009238874863,0
True,1.66751294060871,0
True,2.20954532752812,0
True,2.92118911236371,0
True,0.901647025987063,0
True,3.05660984505978,0
True,1.70690877965218,0
True,1.32166753632798,0
True,2.52701650106641,0
True,1.17721040713078,0
True,2.87383997938328,0
True,3.58599989159366,0
True,0.854440490478152,0
True,0.862311529259161,0
True,1.54327685803884,0
True,0.64756046618758,0
True,2.4208092738087,0
True,2.56061199929699,0
True,1.0958505724768,0
True,1.35432759671736,0
True,2.77717333208864,0
True,1.18830987108189,0
True,1.93611998290145,0
True,1.6043157771831,0
True,2.02199236836364,0
True,0.401500583846536,0
True,3.93957735313045,0
True,1.89628029857294,0
True,2.93072805131137,0
True,1.39499375757823,0
True,3.44875259501134,0
True,0.728987925502666,0
True,0.863399733473621,0
True,3.90707947118963,0
True,2.7249491759954,0
True,2.61644823760444,0
True,2.30613345330555,0
True,1.91287224971096,0
True,3.67317029605837,0
True,1.99572664343483,0
True,1.91006970397131,0
True,2.15036605369176,0
True,3.52771625229975,0
True,1.56532968445024,0
True,2.04725052898561,0
True,2.9615681105002,0
True,3.56838135213701,0
True,0.694480552864806,0
True,2.9180078312211,0
True,1.63120699013309,0
True,3.94831695254458,0
True,1.54901979549587,0
True,1.96530441725095,0
True,1.23407009532089,0
True,3.64242557862323,0
True,2.45274518583276,0
True,1.14849774534394,0
True,1.18644704297693,0
True,0.795446530463174,0
True,1.24706368607552,0
True,1.8158523931729,0
True,2.36968991644392,0
True,1.22799085180246,0
True,2.3492804596652,0
True,1.9628689240521,0
True,1.71377059894428,0
True,1.02720409889622,0
True,1.44776545598688,0
True,2.37869154622234,0
True,1.40569806432455,0
True,2.03145050968618,0
True,2.29055215789785,0
True,2.72557442129683,0
True,1.58204813486991,0
True,2.16662112461314,0
True,1.06364438655984,0
True,1.78307755021085,0
True,2.25710837557209,0
True,1.68116675690163,0
True,3.07048307244804,0
True,1.36770855711441,0
True,1.41990136216373,0
True,2.24767378251712,0
True,1.7600246194876,0
True,1.58519587091846,0
True,1.0021690116038,0
True,1.89318448753558,0
True,1.87828399512831,0
True,3.85651473076905,0
True,2.48263089324169,0
True,1.6520815905058,0
True,1.64915038845508,0
True,2.03747352795408,0
True,1.42196607637291,0
True,2.0224056323276,0
True,1.53870497521216,0
True,0.936985908804522,0
True,2.89188874786926,0
True,2.01267970557496,0
True,0.77443250589847,0
True,1.47906192310093,0
True,1.74968094594082,0
True,0.917400056873579,0
True,1.27192570066365,0
True,1.56110270710106,0
True,1.63509480260863,0
True,1.98907010625301,0
True,1.21760292902182,0
True,2.60774745671975,0
True,1.41124009318384,0
True,3.04126701446496,0
True,2.23993451319087,0
True,1.23428357581625,0
True,1.54176498813926,0
True,1.69036043109815,0
True,1.60116117603893,0
True,0.818149492678097,0
True,1.53053867321631,0
True,3.02700011482549,0
True,4.0336161208427,0
True,0.944208064993222,0
True,3.09394813272677,0
True,4.03891435098665,0
True,1.75308057214239,0
True,3.42404343448873,0
True,1.40111361426222,0
True,3.84070554159586,0
True,3.18878119640723,0
True,0.955138255100292,0
True,1.30368784046454,0
True,1.39716616099924,0
True,2.7605624520136,0
True,1.46197176855173,0
True,2.01015118800346,0
True,1.6842907643045,0
True,2.75248085828625,0
True,2.13175763801573,0
True,2.85423634263943,0
True,1.82523274115511,0
True,1.28425085671813,0
True,2.51325745920005,0
True,2.20550021593841,0
True,1.08781012190322,0
True,2.42086496751723,0
True,1.75019340610008,0
True,1.5152204212974,0
True,3.59216802247682,0
True,1.25623406043155,0
True,1.40373090648926,0
True,0.794293393525165,0
True,1.93157248404519,0
True,1.55134020773992,0
True,2.38135337043148,0
True,2.95487111136125,0
True,2.21979080485302,0
True,1.91095754220896,0
True,1.44234571208269,0
True,2.65483254249851,0
True,0.48294055854451,0
True,1.54808535302704,0
True,2.27197535362671,0
True,0.807211040996364,0
True,0.919603359908982,0
True,1.82904849904428,0
True,1.67358648657207,0
True,0.486045358949609,0
True,3.35537085390588,0
True,2.24148143659053,0
True,1.1318454940442,0
True,1.09489780683552,0
True,3.6832123093212,0
True,4.77028897661799,0
True,2.1395359277707,0
True,3.41808171185965,0
True,1.53721642271227,0
True,1.54304757969817,0
True,1.77717905832855,0
True,3.20563750291402,0
True,2.53304620798307,0
True,3.37656157724771,0
True,0.5164448406523,0
True,2.31522488358166,0
True,1.76601742736742,0
True,1.40942756609698,0
True,1.35930988253185,0
True,2.19631774171859,0
True,0.883285757747847,0
True,2.79629678685002,0
True,1.07661395177755,0
True,0.697556684322285,0
True,2.02455250471613,0
True,2.05665614637794,0
True,1.7803684329227,0
True,2.0994951239033,0
True,2.53982496472562,0
True,2.47251428663569,0
True,2.15278230049558,0
True,2.29440294712228,0
True,4.53051087168071,0
True,4.07628489528539,0
True,1.39704491214341,0
True,3.69408363457391,0
True,2.33728925375687,0
True,1.57437316344676,0
True,2.07712768888555,0
True,0.828512816724176,0
True,1.035296654256,0
True,1.29621590597431,0
True,1.66413506078232,0
True,1.60587386669029,0
True,0.998457575295667,0
True,2.0431667282577,0
True,1.38574817325707,0
True,2.14394108350589,0
True,4.04666550237777,0
True,2.21023590975563,0
True,1.08330989797583,0
True,2.07536279104121,0
True,1.14929997069839,0
True,1.73235208182498,0
True,1.1282812003969,0
True,0.735609057644093,0
True,1.30098039987362,0
True,1.01795158792735,0
True,2.84509308719983,0
True,3.04080946501127,0
True,2.15713337544704,0
True,3.94777575653867,0
True,1.77094272724991,0
True,1.49699412642214,0
True,1.16524736110906,0
True,3.48526026586371,0
True,1.95470921437312,0
True,0.913703055188575,0
True,0.756891973773032,0
True,0.991951831600365,0
True,2.60967186164082,0
True,1.90109834666995,0
True,1.21017515623144,0
True,1.8300840552823,0
True,1.38600362327968,0
True,1.44914725630941,0
True,1.09283277517292,0
True,1.3601546910374,0
True,1.43278475471261,0
True,1.23480933255619,0
True,2.05886231944855,0
True,1.9705216264248,0
True,2.43252649158453,0
True,1.73792680713613,0
True,1.33737579631075,0
True,1.37523009244166,0
True,2.25382540711719,0
True,1.92397510808887,0
True,1.30739551433063,0
True,1.92816532996305,0
True,2.92104677926997,0
True,0.812438014209,0
True,2.00242511904246,0
True,1.62269736068533,0
True,1.01673024117206,0
True,2.25452560735144,0
True,0.684089502936432,0
True,0.79447864441078,0
True,1.65265477616455,0
True,2.08251944295653,0
True,1.45223589135835,0
True,3.18923067969817,0
True,1.88044030942226,0
True,1.77085814085538,0
True,1.50965448871332,0
True,1.6605140154302,0
True,4.10517282534955,0
True,2.74193962899062,0
True,2.81195025479115,0
True,1.36726811015266,0
True,1.72423595707669,0
True,1.92917523779619,0
True,3.33749368618513,0
True,2.07300174090271,0
True,2.10762517134017,0
True,1.03839099150066,0
True,1.59694475863757,0
True,2.26316571083033,0
True,3.97028225717593,0
True,1.32879153571536,0
True,0.620979996784945,0
True,0.982150850491075,0
True,2.81408800330311,0
True,2.34200008210186,0
True,1.40379953640652,0
True,3.16708306865577,0
True,2.31450625931134,0
True,1.41889861312382,0
True,1.53758043680811,0
True,1.51960117413778,0
True,3.06437828185788,0
True,0.827643774598637,0
True,1.52714518717873,0
True,1.49388495486699,0
True,1.84660443220711,0
True,1.77218601708111,0
True,3.33342804815344,0
True,1.38210367071255,0
True,3.30242712533542,0
True,2.0220020445945,0
True,2.50631076647665,0
True,3.19589542855801,0
True,1.38137833293379,0
True,0.989529513995824,0
True,2.13156560700971,0
True,1.69362198309482,0
True,1.11295743785391,0
True,1.09403460881672,0
True,2.2778970709221,0
True,2.09931713506702,0
True,1.09396384930327,0
True,1.86805607214824,0
True,4.02118394165084,0
True,2.86027641157429,0
True,1.13098476862545,0
True,1.55649953136909,0
True,2.50833017756771,0
True,1.50901129921517,0
True,1.47370466232545,0
True,1.85019625106407,0
True,0.929874699336048,0
True,1.33680661733603,0
True,1.49511179128406,0
True,1.7528603473449,0
True,0.640240500884799,0
True,3.09047918654483,0
True,1.19940784336838,0
True,3.23666494488669,0
True,1.36856599335326,0
True,1.45990265695212,0
True,3.15961226481197,0
True,2.10777167139436,0
True,0.851485798581221,0
True,2.53439476633599,0
True,2.89560791460159,0
True,4.35358244648594,0
True,0.864507566704726,0
True,2.09892609876823,0
True,1.63780547346186,0
True,2.26694857009927,0
True,1.81913708645702,0
True,1.52888279857033,0
True,3.08035519954483,0
True,1.7122046532498,0
True,2.65182574102987,0
True,1.67675486089707,0
True,1.00745040851507,0
True,1.00452089182501,0
True,1.51622942642348,0
True,1.44861179619224,0
True,2.33047922894132,0
True,2.66995427741934,0
True,3.87189709868178,0
True,1.88223873560926,0
True,1.33083577035971,0
True,2.75031819193301,0
True,2.58133795757827,0
True,2.88353792764778,0
True,2.20933392825105,0
True,1.64418397365002,0
True,1.93255741270797,0
True,0.830229603428742,0
True,0.338520211157198,0
True,2.6161196425472,0
True,1.9037960966748,0
True,2.20491259359317,0
True,2.09491138272591,0
True,1.77488306935429,0
True,2.52704833641224,0
True,3.46562694857067,0
True,1.31786602685707,0
True,1.04301248846196,0
True,2.70468297510743,0
True,2.09579907494752,0
True,1.4554599148726,0
True,1.56728418597746,0
True,2.75923531816268,0
True,2.31107876623633,0
True,2.50297858748351,0
True,3.28678208354802,0
True,1.27073711656768,0
True,3.1261919253669,0
True,4.18421650555969,0
True,2.34783008584025,0
True,1.89439736696496,0
True,0.762567085700602,0
True,4.57253987523244,0
True,2.94252648706031,0
True,0.770647147074793,0
True,2.33696580995286,0
True,1.98787310088122,0
True,0.515541111850768,0
True,1.97855983561411,0
True,1.05956782529209,0
True,1.6215744369662,0
True,1.5430369367342,0
True,1.19821685506816,0
True,1.06977955662992,0
True,1.06847908435247,0
True,1.79896382243098,0
True,0.796277897204795,0
True,2.14168510205526,0
True,0.7088763703466,0
True,1.20645074276923,0
True,1.37100864620732,0
True,1.59902523211394,0
True,1.48151296135437,0
True,0.997747322922749,0
True,2.59972746173661,0
True,1.01105965045778,0
True,1.43838395469636,0
True,2.15765286956061,0
True,3.01161629572119,0
True,2.29052545939642,0
True,2.39057916250056,0
True,2.27703326963381,0
True,1.25931203881285,0
True,1.35084874963977,0
True,1.80399042698225,0
True,4.15961040924425,0
True,3.43569506330425,0
True,1.17620704638076,0
True,2.71889964455899,0
True,1.23200203886885,0
True,2.92218961340731,0
True,1.5873871848734,0
True,1.48356139731497,0
True,2.76606997798344,0
True,1.79991779897161,0
True,2.29600424498803,0
True,1.27840619941519,0
True,1.81531070029154,0
True,2.29673432944144,0
True,1.796736889612,0
True,2.78505902503978,0
True,1.74875818017756,0
True,1.76894733752449,0
True,2.23493999748241,0
True,2.72123586109911,0
True,2.8852186251173,0
True,1.720570878528,0
True,1.71799993031523,0
True,1.86829118271901,0
True,1.09080849748167,0
True,2.06056192716443,0
True,1.63593954843683,0
True,1.55011683063203,0
True,2.33022029248626,0
True,2.72554362007991,0
True,1.18523990439889,0
True,1.2973497451671,0
True,1.57911661068591,0
True,1.55706674399852,0
True,1.65612130060248,0
True,3.60265972920591,0
True,1.35675277522086,0
True,4.14093664558834,0
True,3.01423218906152,0
True,1.76397234944286,0
True,1.19306697454468,0
True,1.9544020672342,0
True,1.96391833727831,0
True,2.89063557211021,0
True,2.85181013900971,0
True,3.79628399798764,0
True,1.00080412647759,0
True,2.88556934578111,0
True,1.75773345059285,0
True,3.47623857261708,0
True,1.22990559691634,0
True,1.42879139218291,0
True,2.14956474036847,0
True,1.56665941154088,0
True,1.56921128340241,0
True,1.38564067233559,0
True,2.39663939288914,0
True,2.18780168704558,0
True,1.45897166040012,0
True,1.17046807685859,0
True,2.05911332242539,0
True,1.19842939744605,0
True,1.54154074131128,0
True,1.08284691845273,0
True,1.66842905477742,0
True,0.396533637030902,0
True,2.0832456355416,0
True,2.18850300291492,0
True,2.00565891573717,0
True,1.50146105229431,0
True,1.42902518637938,0
True,1.37023337871302,0
True,2.50451074032458,0
True,1.88371640352974,0
True,1.37189542383747,0
True,4.24863739698627,0
True,2.22286142736342,0
True,1.59032309796257,0
True,2.88436981064354,0
True,1.49771637083675,0
True,2.03306426340461,0
True,1.63742551866048,0
True,3.2669306744594,0
True,1.44906378005734,0
True,1.26201628377252,0
True,2.38510792984643,0
True,1.68194921975679,0
True,2.61693151712497,0
True,1.03228496409023,0
True,3.24661825947046,0
True,2.13374627550336,0
True,1.7963009772763,0
True,2.1691785301545,0
True,2.1321168031874,0
True,1.8859890427292,0
True,1.45622632855939,0
True,1.05491213995114,0
True,2.02065369299535,0
True,2.1637592305178,0
True,1.96759140558599,0
True,1.00784726880093,0
True,1.08048903926005,0
True,1.34651111296726,0
True,0.796579068706171,0
True,2.03606167008308,0
True,1.2354889560095,0
True,1.41260561729074,0
True,0.830462945987468,0
True,2.9557677225949,0
True,1.71898908763975,0
True,0.84250046782173,0
True,1.24934407085557,0
True,1.65678332384645,0
True,3.74615770218338,0
True,2.18891911339904,0
True,1.61002761476745,0
True,2.71970739586484,0
True,1.73372313044949,0
True,3.36902473097607,0
True,2.77853425082603,0
True,2.28422918721914,0
True,3.02686458720703,0
True,1.22645128699359,0
True,0.688478277374026,0
True,1.28545401788881,0
True,1.41836586776365,0
True,0.748608558230929,0
True,0.838041384047257,0
True,1.75462350159832,0
True,1.60224295995371,0
True,1.59955438534191,0
True,1.93398542677878,0
True,1.4437980667865,0
True,0.852656866096258,0
True,0.750491504019248,0
True,2.34219948725789,0
True,0.982701801743504,0
True,0.884184817749197,0
True,0.825636004784649,0
True,2.35153360008244,0
True,1.08385733977747,0
True,1.93077562240835,0
True,3.40198944183539,0
True,1.43315273293913,0
True,2.55852680477124,0
True,1.39045278116406,0
True,1.87252975859772,0
True,1.47997019487581,0
True,0.804990047866272,0
True,1.56642881149698,0
True,2.66934541816724,0
True,3.21984455802725,0
True,1.89123875549609,0
True,1.89153614187689,0
True,2.16657175692698,0
True,2.78263006659031,0
True,1.29339631627095,0
True,1.27571390436654,0
True,1.87293987718506,0
True,2.99112709910866,0
True,1.97187276197992,0
True,1.15752565713307,0
True,1.5042692602552,0
True,2.12866559113348,0
True,1.1193160788433,0
True,1.89703974886308,0
True,1.34721235214968,0
True,2.10575351580978,0
True,1.46789971411698,0
True,0.945416358900798,0
True,2.2481681389769,0
True,2.12092969999068,0
True,1.42439024981347,0
True,1.67922207201628,0
True,1.82168367885813,0
True,2.00889079954243,0
True,1.68565196297975,0
True,0.758847612473956,0
True,1.96390368637642,0
True,1.54257830018083,0
True,1.73224161129832,0
True,4.25736526682607,0
True,2.14179799298765,0
True,2.10519584721597,0
True,3.70340324527169,0
True,3.32497832616081,0
True,4.01928369989174,0
True,3.96088690841863,0
True,1.11308032157281,0
True,0.875189428595246,0
True,4.59533131997176,0
True,1.28616501106448,0
True,2.44548821097977,0
True,2.06051423486896,0
True,1.21981941889575,0
True,1.599707106946,0
True,1.69553788647852,0
True,2.54394930784353,0
True,1.54125945525798,0
True,1.23493146080628,0
True,2.0144630495284,0
True,1.27813563336108,0
True,2.44931181351578,0
True,1.73304464037656,0
True,0.79934195695373,0
True,0.966618383527454,0
True,3.701128913917,0
True,2.03359109385219,0
True,1.47879667409391,0
True,1.1067947267172,0
True,1.21383892700799,0
True,1.21402375845436,0
True,1.01432097474484,0
True,2.12964637897525,0
True,0.802665174789546,0
True,1.36844581019357,0
True,1.17546985457914,0
True,1.25612811416732,0
True,1.76002815251791,0
True,1.69007612315354,0
True,1.91251045914342,0
True,1.95128207906393,0
True,1.36231001539112,0
True,1.1813156976048,0
True,0.871300411176498,0
True,2.28372705132419,0
True,1.34588622920336,0
True,1.38303544547287,0
True,2.45270332305458,0
True,1.97352120988601,0
True,2.5321647637803,0
True,1.59475078301523,0
True,1.89096988151761,0
True,1.25067650434243,0
True,1.52598740176112,0
True,1.02894276829122,0
True,1.69111700432412,0
True,1.12038887127015,0
True,2.17458341623115,0
True,1.54260607613401,0
True,2.31798118307993,0
True,2.4520170692001,0
True,2.43554079450871,0
True,1.49529279616403,0
True,1.79734958748187,0
True,0.807253477981476,0
True,1.54473770861814,0
True,2.39435226425535,0
True,1.7933009034394,0
True,3.158171950772,0
True,1.87706762746566,0
True,1.17346314291715,0
True,1.92802981897905,0
True,2.09426153537629,0
True,1.86950898059081,0
True,3.12122617745364,0
True,1.2382101078786,0
True,1.82353663300457,0
True,2.35104219254147,0
True,3.7220779302091,0
True,1.02694765206315,0
True,2.05330566121316,0
True,0.892562314878031,0
True,1.52961539529805,0
True,2.08754331894831,0
True,1.86731319735984,0
True,2.90859711952887,0
True,1.83004753045741,0
True,2.00977180366933,0
True,3.18163984515941,0
True,1.6166091768141,0
True,2.13142007514924,0
True,2.27397704457327,0
True,2.71542269658786,0
True,2.0625960593974,0
True,2.74314237750245,0
True,1.95152277089119,0
True,1.24241372649352,0
True,0.789773348944817,0
True,2.36711922628832,0
True,1.38333974311825,0
True,2.10394075927118,0
True,1.08742185249885,0
True,3.34402417413589,0
True,3.11142812716353,0
True,1.8934547704591,0
True,1.40369730114778,0
True,4.14986196251153,0
True,3.03995017693839,0
True,2.89365964895055,0
True,1.64261374840523,0
True,0.873209265711372,0
True,2.50712018826572,0
True,1.66987433970879,0
True,2.23998514500122,0
True,1.71285428359763,0
True,1.02082905771985,0
True,2.06071214217572,0
True,2.16892435538281,0
True,2.03380863828943,0
True,3.73343002178946,0
True,1.55060180725744,0
True,1.58133875227549,0
True,2.19637724830383,0
True,1.45468598988283,0
True,2.24219759694062,0
True,2.08320874692435,0
True,1.92327035646728,0
True,0.92894034739504,0
True,2.52515221416372,0
True,1.78549632166695,0
True,0.956843961387364,0
True,1.86669266990587,0
True,1.77235463125832,0
True,1.84277041408069,0
True,2.03607301710418,0
True,1.46859937019763,0
True,1.61172229306103,0
True,1.3510299731704,0
True,1.3799225196241,0
True,2.89322309415922,0
True,1.73654443824027,0
True,2.55103726948714,0
True,3.55798626051698,0
True,1.51873419548632,0
True,1.81746769699698,0
True,1.3692468389022,0
True,1.86202492762312,0
True,1.06214893886282,0
True,1.9913996975975,0
True,1.22314350248121,0
True,1.21953785420897,0
True,1.00136188556525,0
True,3.09844813413523,0
True,0.942034360767394,0
True,1.70068098153191,0
True,1.52808194513565,0
True,1.48009536331538,0
True,1.97004689896438,0
True,0.912339614254164,0
True,1.12661235732971,0
True,3.22129851515285,0
True,4.17900442041982,0
True,3.42495545265488,0
True,0.830174552230422,0
True,4.53587222108958,0
True,2.04308119244465,0
True,1.77763720753736,0
True,1.18360020430883,0
True,1.22173159015012,0
True,1.34233398514255,0
True,3.2507319273839,0
True,0.977760121851241,0
True,1.15583106494603,0
True,1.95830704957111,0
True,1.40497576834136,0
True,1.87722020733095,0
True,1.66773623319013,0
True,1.7947932750419,0
True,1.78077784615921,0
True,1.82203694886392,0
True,1.59497987973148,0
True,2.29008911823762,0
True,2.30901393091021,0
True,1.39818694413248,0
True,3.50102623420524,0
True,1.07502688665672,0
True,3.34827526242152,0
True,1.13901766001454,0
True,1.78838021760594,0
True,0.973244252085765,0
True,1.5540473352618,0
True,1.37190777653038,0
True,1.63874933851689,0
True,2.04747899922333,0
True,2.36545131764486,0
True,2.4181496927329,0
True,0.893196683901387,0
True,2.535204491368,0
False,0,0.000277166038325984
True,1.64008862872909,0
True,2.02045309245811,0
True,3.34108367872884,0
True,3.84595534386538,0
True,1.68710985064695,0
True,1.64213359883314,0
True,3.62124042241183,0
True,1.69348081443274,0
True,1.13839040370773,0
True,1.63647644877462,0
True,2.0225762166151,0
True,2.72037707694163,0
True,1.0697143463571,0
True,2.70700312736951,0
True,2.00713126315086,0
True,1.63089304381615,0
True,1.43354728805539,0
True,1.25848646808177,0
True,0.951804380923657,0
True,1.17775514377326,0
True,2.26466338504576,0
True,1.5816731020773,0
True,1.67337047391787,0
True,1.19711075105232,0
True,1.46291473639057,0
True,0.675515132923917,0
True,2.01236326895858,0
True,1.09386118216305,0
True,1.48418802312884,0
True,0.713772853218047,0
True,1.42439245457777,0
True,3.20708699682075,0
True,1.90089795453916,0
True,1.91838178295181,0
True,1.52305114779793,0
True,2.09640474601899,0
True,2.02709952110188,0
True,1.45530487826039,0
True,1.08271016086419,0
True,0.947072481602601,0
True,2.55686160446801,0
True,1.5330985481083,0
True,1.26676312464004,0
True,2.66087097010728,0
True,1.39229924186374,0
True,2.6498247136443,0
True,1.81402282456664,0
True,1.17689931368678,0
True,2.53548516376215,0
True,2.76250785236624,0
True,1.30757569468795,0
True,2.1620529402233,0
True,1.17169768745574,0
True,1.53784820908909,0
True,1.5320003109256,0
True,0.6961343125067,0
True,1.25525853965486,0
True,3.00653028410268,0
True,2.10721721568992,0
True,3.05714838586198,0
True,2.02829571388188,0
True,1.01371326761129,0
True,1.09760973494457,0
True,1.77772098071554,0
True,3.26941784077654,0
True,2.76936674085204,0
True,1.50082607961289,0
True,1.01722192786492,0
True,3.6938485361144,0
True,4.24687017271716,0
True,1.48215633543454,0
True,2.25337100847227,0
True,1.53434268614241,0
True,1.89802710894011,0
True,0.919994238097598,0
True,1.25106053136772,0
True,1.03591621707668,0
True,1.39868628550434,0
True,1.58250741689098,0
True,1.62518102057108,0
True,1.26890226138595,0
True,2.90774640961251,0
True,1.9555139199564,0
True,2.18249729382619,0
True,0.983388625339254,0
True,2.09592528717654,0
True,1.16500343002764,0
True,1.74587829815363,0
True,0.925965498038309,0
True,0.828677666595615,0
True,1.16350890886701,0
True,1.10176304138661,0
True,2.56766583116226,0
True,3.69837237647436,0
True,1.38849490350883,0
True,1.15591422028444,0
True,2.74615613828672,0
True,1.27232816671335,0
True,1.30840830239497,0
True,1.3992323031086,0
True,1.93531438254387,0
True,1.46647610894057,0
True,1.12041392472865,0
True,2.07830864773165,0
True,1.80046899117244,0
True,1.5298993789256,0
True,1.94177492428414,0
True,2.37751457766305,0
True,1.96025141336599,0
True,2.55602718329493,0
True,4.28975141630317,0
True,4.2649207026929,0
True,1.56480199891552,0
True,1.38489280045231,0
True,1.81745232030422,0
True,1.2934486570147,0
True,1.77539629222301,0
True,2.14178580556863,0
True,1.45977248684686,0
True,2.36297567561933,0
True,2.11888592256381,0
True,2.03877899080683,0
True,1.50232768542108,0
True,1.63476583444641,0
True,1.49480497632274,0
True,3.63458544678217,0
True,1.37561416217193,0
True,0.977452685421512,0
True,1.45657169897516,0
True,1.85065194101499,0
True,2.29690656182446,0
True,2.22004947057351,0
True,1.74526589225164,0
True,2.31670896632792,0
True,1.69828813163118,0
True,2.20305091849732,0
True,1.26104095314359,0
True,3.95796300459132,0
True,1.60034320654637,0
True,2.18959133430171,0
True,1.43609734696401,0
True,2.03312039701523,0
True,1.32423532604357,0
True,4.20021457000949,0
True,2.72713372127163,0
True,2.80376541968718,0
True,1.62410235686456,0
True,2.69966364310449,0
True,2.27730957888471,0
True,2.87137678878716,0
True,3.52478148798484,0
True,1.65143798437834,0
True,3.4567009558273,0
True,1.17336644267262,0
True,2.38116913518436,0
True,2.28060697514455,0
True,0.860038510362452,0
True,2.53979960525596,0
True,1.14496984895383,0
True,1.11850082028707,0
True,3.10586152203402,0
True,1.33031268049196,0
True,1.81471346365239,0
True,2.52883084735963,0
True,1.08779973381446,0
True,1.87502752495627,0
True,2.9587660094552,0
True,1.82492922850059,0
True,4.63072919347697,0
True,1.26670886768989,0
True,1.36621281576808,0
True,1.17646200772265,0
True,2.89274572608353,0
True,1.27667976310733,0
True,1.688437459999,0
True,3.31903570261311,0
True,1.22749814484102,0
True,3.89851509462718,0
True,1.62260479109717,0
True,2.59872631791767,0
True,1.50144004655617,0
True,2.80209663647915,0
True,2.44234528747905,0
True,1.14293609843248,0
True,0.794310321089309,0
True,1.16632004986901,0
True,2.34021911623283,0
True,1.69903371826339,0
True,1.05698347079333,0
True,1.93947308148875,0
False,0,0.000224402121271306
True,1.41794126134292,0
True,4.3417324207755,0
True,1.68909518413635,0
True,1.72034686473586,0
True,0.84373940939913,0
True,2.73127453115695,0
True,0.986177093176821,0
True,2.40021320912952,0
True,2.63886420812434,0
True,2.92339417994195,0
True,2.4065544624979,0
True,1.75949095737211,0
True,1.37116165040254,0
True,1.84314215482813,0
True,1.25786341254519,0
True,0.907561174511067,0
True,0.562999221832219,0
True,0.813527085075992,0
True,3.41921164115938,0
True,2.36282441335617,0
True,2.00125489357374,0
True,2.44493014183062,0
True,1.4684617053668,0
True,1.26786510376063,0
True,1.01504740030263,0
True,1.03695432565647,0
True,1.7435951326499,0
True,1.15749861841435,0
True,2.49416010551322,0
True,2.68247804444516,0
True,4.0495441587501,0
True,4.09185397202089,0
True,2.17738970347755,0
True,1.57786685079202,0
True,1.01126122611449,0
True,1.82071759209757,0
True,2.02511967095779,0
True,2.75873950638502,0
True,1.66599208874234,0
False,0,0.000181768686256166
True,3.14905300164855,0
True,4.00108476380068,0
True,1.14720676090286,0
True,1.37939846439537,0
True,1.99989293918817,0
True,1.81065660832578,0
True,1.38364071956308,0
True,1.82038299575192,0
True,1.86474763640531,0
True,2.63463446652063,0
True,2.91451588676085,0
True,1.66570495817418,0
True,1.19956171716702,0
True,1.82260194033163,0
True,2.86187378380385,0
True,0.792868075888704,0
True,1.10184574631801,0
True,0.939298719108626,0
True,0.758208886772728,0
True,3.44790507104961,0
True,4.57504641997977,0
True,2.56467491316867,0
True,1.07243521825951,0
True,1.93043273520292,0
True,1.54334488464108,0
True,1.4946164190757,0
True,2.00156792940791,0
True,1.27032470934034,0
True,0.863944116450064,0
True,1.10002113046852,0
True,3.08943672437713,0
True,1.02306699175435,0
True,1.95320830685374,0
True,2.59059046116334,0
True,3.45991460233733,0
True,2.38042911181251,0
True,1.22899737735552,0
True,2.6492964362556,0
True,2.3358835502192,0
True,2.41708589526878,0
True,1.85460362309111,0
True,1.4438871307155,0
True,2.67734384411347,0
True,3.06524815069983,0
True,1.30523254073571,0
True,3.05088720815148,0
True,2.48456915993509,0
True,1.38941890963111,0
True,1.2718134796066,0
True,1.09096515115993,0
True,1.70390733030839,0
True,1.34625961084385,0
True,2.15475764703218,0
True,1.57555490389361,0
True,1.06087510680718,0
True,2.00222161502647,0
True,2.5057097508647,0
True,1.99845281533875,0
True,1.1851452477489,0
True,2.22798077101529,0
True,1.53194459708947,0
True,2.32338966719927,0
True,2.53821372894857,0
True,3.33818587593062,0
True,3.05391349017118,0
True,3.22920572658431,0
True,3.0830014880599,0
True,1.31640398144022,0
True,2.43219418236297,0
True,1.44736239972843,0
True,3.70971879914808,0
True,1.45304192525568,0
True,4.34419183172646,0
True,1.96053552592923,0
True,3.16632767720966,0
True,1.99010358948852,0
True,2.05635845404024,0
True,0.574284052439705,0
True,0.979785581594586,0
True,2.91205615504557,0
True,1.61598198459748,0
True,1.52940017007945,0
True,1.50497683688289,0
True,2.30804155383608,0
True,1.73933378062789,0
True,1.16305606132115,0
True,1.11752996598836,0
True,3.28451720814831,0
True,2.91223577472556,0
True,3.40926440426237,0
True,3.6522516330713,0
True,1.85050417874249,0
True,1.6962092350195,0
True,1.97314076716494,0
True,0.987576602266124,0
True,2.52223301226948,0
True,2.68969359610946,0
True,2.02461751317345,0
True,0.784609204744303,0
True,1.83811412821156,0
True,1.63238517606868,0
True,1.60237430806698,0
True,3.72304266969605,0
True,3.01286958608852,0
True,1.62741995886003,0
True,3.48996679128671,0
True,1.65447597294853,0
True,0.559585781469067,0
True,1.04873230160751,0
True,0.67219801083956,0
True,2.22920149311894,0
True,1.57664416339885,0
True,1.46477556515983,0
True,2.59153200325178,0
True,1.18247311775765,0
True,1.77206581815986,0
True,1.25296245571366,0
True,1.85321104248605,0
True,1.65763212884531,0
True,2.0068652442824,0
True,1.25934895983627,0
True,1.047487589311,0
True,0.740749934503543,0
True,1.16435935678532,0
True,2.11274355533137,0
True,2.10422710365662,0
True,2.50297517383421,0
True,1.52441115960687,0
True,2.13325558870802,0
True,1.64455632190957,0
True,2.14160024109106,0
True,1.12084360484522,0
True,0.947649801257621,0
True,1.48415337051189,0
True,1.1840463859474,0
True,1.81630642923192,0
True,2.06048913796059,0
True,3.31244100278327,0
True,1.59458087180461,0
True,3.18087294523149,0
True,2.09533837632478,0
True,4.0891034442882,0
True,1.43465787375245,0
True,2.68853808726976,0
True,2.14935735043538,0
True,2.08435363427586,0
True,1.82389716558461,0
True,1.45828361552418,0
True,3.50437185902943,0
True,1.49111277951723,0
True,2.11214244009697,0
True,2.00326883725903,0
True,2.56546657091881,0
True,2.4103106264606,0
True,1.89172412054159,0
True,1.3926183800987,0
True,3.89356893964638,0
True,1.49380175301252,0
True,1.41633664991034,0
True,0.874079257997023,0
True,3.48187418956177,0
True,2.37179111107022,0
True,1.02099184755669,0
True,0.654147989981869,0
True,2.22211017101823,0
True,2.72496195557323,0
True,1.22615802312161,0
True,1.46306549716881,0
True,0.774425534117018,0
True,1.65522898931308,0
True,3.09053556056391,0
True,2.77124124534115,0
True,2.41394975471663,0
True,2.63355539767801,0
True,1.53343685823992,0
True,0.949706490609337,0
True,1.32660593029106,0
True,2.04438906456382,0
True,2.80094786706088,0
True,1.52816893089561,0
True,1.10866116376793,0
True,3.2152812638268,0
True,0.811938945821761,0
True,2.93072894573823,0
True,3.13356344494027,0
True,2.09890296025749,0
True,2.07784181696568,0
True,3.00011413384301,0
True,2.94201512016456,0
True,1.51103349036591,0
True,1.06743949537991,0
True,1.45574178689425,0
True,0.792161046179646,0
True,2.44858142234347,0
True,2.3024037731815,0
True,2.65046529586103,0
True,1.02058008053764,0
True,3.68955396471062,0
True,2.11238648793101,0
True,1.14766981323923,0
True,3.44616955372645,0
True,1.51647429269601,0
True,1.11998380893928,0
True,1.63593557670956,0
True,2.00999396989274,0
True,1.8565539855891,0
True,2.80341455709715,0
True,1.09594236733988,0
True,2.50651521927101,0
True,1.76717717205937,0
True,0.815916620991865,0
True,1.76500028556412,0
True,0.907109828656622,0
True,2.29209980286313,0
True,3.07878433711744,0
True,0.738850422845046,0
True,1.45218894264769,0
True,0.903551078224721,0
True,2.17112016348035,0
True,3.45244146543474,0
True,1.59994866073724,0
True,1.38304419063657,0
True,1.29210593789391,0
True,1.78382335751852,0
True,0.878221612574846,0
True,1.07629001520259,0
True,1.02946912643159,0
True,0.588561373287035,0
True,1.77719848125049,0
True,1.16620682599002,0
True,1.04432456378889,0
True,1.01969841467545,0
True,0.656633843257105,0
True,1.73021812913958,0
True,1.34426117304609,0
True,3.70131592967428,0
True,2.06152297019061,0
True,1.33815259753036,0
True,2.25086759044239,0
True,1.98285286512035,0
True,1.94201915394623,0
True,2.44892301328469,0
True,2.77584614871005,0
True,2.49854728179608,0
True,2.18527514229498,0
True,2.42923982714348,0
True,2.11016718573952,0
True,3.01047497470199,0
True,1.44261258945312,0
True,4.18780141954668,0
False,0,7.42141812111449E-05
True,0.936252199133773,0
True,2.7591642931485,0
True,1.53035865174265,0
True,3.1059422875719,0
True,1.88189982970652,0
True,1.1231941583991,0
True,1.14069132864309,0
True,3.71022192977142,0
True,1.50922382942251,0
True,1.9735001316191,0
True,2.86413135581819,0
True,1.37402394539494,0
True,2.59929146963884,0
True,1.16570123632339,0
True,2.27195197474475,0
True,2.44226363725889,0
True,1.26369709787043,0
True,1.88477081635521,0
True,2.77574456800331,0
True,0.885267724942819,0
True,2.97497485155449,0
True,1.5965674165892,0
True,1.79846982664462,0
True,2.09267319593436,0
True,1.47871898883583,0
True,3.83353232130127,0
True,3.4539873810763,0
True,3.40489493356342,0
True,1.96811853513791,0
True,1.71445010047909,0
True,1.33707068857839,0
True,1.82184192330636,0
True,3.13067245410088,0
True,1.27433994616396,0
True,1.03525838688185,0
True,2.08514259315929,0
True,1.91508475412493,0
True,2.97861232017322,0
True,2.67929242974306,0
True,1.55449904788737,0
True,1.89801684218534,0
True,2.73168018938008,0
True,1.23163866378603,0
True,2.27311952631332,0
True,1.24733800598832,0
True,1.34849522217375,0
True,1.36249602150602,0
True,1.8686644484271,0
True,1.95855590197075,0
True,0.781592219044358,0
True,1.94287351907512,0
True,0.919973181923759,0
True,2.39949878535946,0
True,3.62006915142055,0
True,2.38450863744308,0
True,2.00213846592091,0
True,1.67773357682956,0
True,1.96933379081856,0
True,1.15692883118286,0
True,0.783952888638617,0
True,0.711303902012378,0
True,1.53118697944831,0
True,1.88605993242084,0
True,3.43225925784792,0
True,1.17244135524439,0
True,1.96926032584924,0
True,2.00934519222419,0
True,2.06034612831856,0
True,2.19253414317488,0
True,1.64123818788793,0
True,1.11234971052748,0
True,1.50720336226175,0
True,1.99357813968037,0
True,2.30537075681193,0
True,1.27264960583366,0
True,1.07274617650267,0
True,0.893647025032421,0
True,2.10068278792322,0
True,1.56864202102433,0
True,3.8151476047672,0
True,3.31458537323481,0
True,2.58518315916277,0
True,0.589995745367062,0
True,2.25467132935326,0
True,1.74428460400521,0
True,1.03714335120573,0
True,0.868547280548333,0
True,3.18298982765154,0
True,1.46758293339477,0
True,2.77460104288767,0
True,1.5953244205112,0
True,1.54353000958006,0
True,1.82015289401787,0
True,1.6162389943082,0
True,1.22653842385537,0
True,1.45984622428643,0
True,1.49642202428315,0
True,0.903383699846495,0
True,2.76551283298732,0
True,2.07219145921848,0
True,2.73403357068415,0
True,3.46179887957573,0
True,2.29287392125736,0
True,2.89388685589752,0
True,1.42108948438321,0
True,1.39236345639377,0
True,2.51018198806754,0
True,1.74530039721973,0
True,2.40618248018851,0
True,1.26747713913125,0
True,2.29392740236752,0
True,1.5428792525296,0
True,1.38363689108486,0
True,1.36107191270954,0
True,1.07171870782816,0
True,2.14394939587693,0
True,2.32281385568404,0
True,4.02596571790036,0
True,2.06446566741027,0
True,1.5153713337679,0
True,1.49750350477354,0
True,2.05642781232574,0
True,2.17120468695493,0
True,1.84891713530409,0
True,1.9183579821212,0
True,3.47838203027365,0
True,1.54097905383595,0
True,0.983367696371331,0
True,3.70773908722276,0
True,4.27028929316953,0
True,1.55506651803748,0
True,1.46708985078136,0
True,3.10313462958038,0
True,3.53029143472035,0
True,2.10354324238537,0
True,1.81042875522616,0
True,4.16527635938904,0
True,0.8598213788877,0
True,2.93730547346019,0
True,1.07936856491973,0
True,1.95900284329634,0
True,1.94395458916129,0
True,1.50586443245476,0
True,2.27115803637417,0
True,1.95964930986115,0
True,2.05656039445375,0
True,1.79796308001957,0
True,1.06122840948926,0
True,2.24069235273933,0
True,1.59086718881935,0
True,3.37112085384234,0
True,2.0768683580204,0
True,2.29987327825361,0
True,2.82117296291564,0
True,2.06356166517664,0
True,1.41491040769952,0
True,1.45187560293468,0
True,1.78690642724452,0
True,2.20916298132041,0
True,1.42123590067238,0
True,1.10900776339399,0
True,2.22366548377406,0
True,1.83729815987831,0
True,1.55496158518736,0
True,0.934182211547639,0
True,1.13243218109284,0
True,1.18641688888575,0
True,1.85076719113193,0
True,2.02013722503152,0
True,1.17988736371041,0
True,3.05953056866156,0
True,1.60334817955931,0
True,1.28010392584316,0
True,1.55797980861872,0
True,1.07780885343182,0
True,2.06071640732489,0
True,3.79457263296555,0
True,1.34776256062423,0
True,3.15443776912334,0
True,1.3931054453029,0
True,2.99424365109943,0
True,3.67667044769028,0
True,4.09166584881006,0
True,1.08539733828812,0
True,2.73502768767282,0
True,1.12795419285378,0
True,1.11881288493936,0
True,2.40987417924922,0
True,1.47972356014085,0
True,2.18780902723608,0
True,1.63023786701782,0
True,1.23688111558704,0
True,1.09078641960289,0
True,1.60031615834174,0
True,2.21536201819423,0
True,1.82824955259658,0
True,1.02130050697047,0
True,1.51822191007284,0
True,1.17452676072156,0
True,1.7529014590614,0
True,1.50668931125302,0
True,1.49534383159161,0
True,2.0940895848185,0
True,4.41487554571274,0
True,3.90932271168768,0
True,3.04771726418789,0
True,0.737792280532485,0
True,2.45165562275499,0
True,1.97894418553421,0
True,1.86968344270808,0
True,1.54399873979119,0
True,0.814923851699675,0
True,1.73135023477949,0
True,1.36338321072631,0
True,2.306835043992,0
True,4.05915653285159,0
True,1.49674218463066,0
True,2.643319325523,0
True,2.72151878201377,0
True,2.72901531764396,0
True,1.45325600826886,0
True,1.90251417622349,0
True,3.2737810579708,0
True,2.86038637023867,0
True,1.1045438940676,0
True,0.915943263027809,0
True,3.20192829506562,0
True,1.03212611299954,0
True,4.52817006083363,0
True,4.06102542483724,0
True,1.63308576948327,0
True,1.33577973632982,0
True,2.70267224180971,0
True,0.94882670739408,0
True,3.44888599592898,0
True,3.22215480437092,0
True,2.63220397605764,0
True,2.47837271771026,0
True,2.13645030001161,0
True,1.09605967124137,0
True,1.90393436762841,0
True,2.47996357391998,0
True,1.49738715327426,0
True,1.32597295648665,0
True,2.70115764972495,0
True,1.1401089756548,0
True,1.56939711168632,0
True,2.39006827081,0
True,2.72992515087941,0
True,3.71368702840197,0
True,1.63991473594229,0
True,3.61116855513102,0
True,2.79721335086783,0
True,1.72077046697974,0
True,1.32867461886917,0
True,2.21223706713356,0
True,2.02885538377147,0
True,2.30014522928844,0
True,1.26149638526018,0
True,2.29062554519854,0
True,2.19561759228249,0
True,2.26699632053395,0
True,2.58042089002641,0
True,1.79153803068881,0
True,2.46329432326653,0
True,1.99607625618569,0
True,1.22694842517219,0
True,1.26497212967877,0
True,1.25252309411812,0
True,2.23881163763746,0
True,1.17752118162176,0
True,1.4522876193345,0
True,1.08501206477969,0
True,2.34794797351538,0
True,2.25704732511424,0
True,3.38511999946166,0
True,2.91473372857179,0
True,2.94125178250978,0
True,1.96564358469597,0
True,1.12172944331383,0
True,1.65332904906479,0
True,1.34264553080848,0
True,1.78790353571038,0
True,1.3494242727903,0
True,2.76527506145188,0
True,1.51890921515199,0
True,1.08081486243812,0
True,1.46553183481366,0
True,2.67975493280594,0
True,1.74681993387152,0
True,2.35315990619749,0
True,1.96253865653922,0
True,1.58683891746725,0
True,1.37878198183464,0
True,1.86196902824051,0
True,3.96294788840097,0
True,1.4281846138475,0
True,1.40593253436333,0
True,1.71018917925874,0
True,1.96904941290542,0
True,2.89806746828123,0
True,1.65477274883927,0
True,3.95643189516951,0
True,1.64504182645759,0
True,1.73061450826271,0
True,2.84686698178429,0
True,1.36249953624956,0
True,4.17139346228696,0
True,3.71100973280287,0
True,2.90765440788117,0
True,1.08600907794479,0
True,3.50254931443009,0
True,3.90670792946015,0
True,0.531089755813821,0
True,2.14746795138637,0
True,1.76897746358363,0
True,2.97313753796351,0
True,2.49048638301141,0
True,2.64842966406327,0
True,2.33069596556884,0
True,1.0381143357985,0
True,1.82750161672889,0
True,1.21165700715042,0
True,1.82727798111464,0
True,2.03928238349941,0
True,1.04920312065784,0
True,1.45985500397033,0
True,2.20862252679073,0
True,1.9888397619698,0
True,1.1786208970985,0
True,1.23338764167861,0
True,1.15438971243547,0
True,1.88520883028886,0
True,1.28718199002361,0
True,2.94015788321342,0
True,2.09353510030162,0
True,1.51281205283534,0
True,1.0895322067288,0
True,4.056734646765,0
True,1.0417174300223,0
True,1.07131482019742,0
True,0.914097415105672,0
True,2.15095016807378,0
True,1.6075108447204,0
True,1.4984169592817,0
True,1.67665725857478,0
True,2.17146891261817,0
True,1.19306357348848,0
True,2.44426181042161,0
True,4.1837621048888,0
True,1.58586182967742,0
True,1.64260641363505,0
True,1.46843653041825,0
True,1.7742541359286,0
True,2.2249925945557,0
True,0.599568361754681,0
True,0.947795081958073,0
True,1.070085847753,0
True,1.30480468087828,0
True,1.65664925023668,0
True,1.50168026363037,0
True,2.9655533975788,0
True,0.889729169123404,0
True,1.76737675884173,0
True,2.4937535516856,0
True,1.84617338270944,0
True,1.53653848493527,0
True,3.21144136526669,0
True,1.67244657793037,0
True,0.806254321877671,0
True,0.705718463529917,0
True,1.0004411575118,0
True,0.683699861603746,0
True,3.22113752295496,0
True,3.47385048786551,0
True,2.87191991953023,0
True,1.60519545582702,0
True,1.89714067770109,0
True,1.54382876451203,0
True,2.10061096111127,0
True,1.9637229018139,0
True,0.990500183591314,0
True,1.01164773731252,0
True,3.66655117051148,0
True,1.41600279380024,0
True,1.53974093843247,0
True,3.08898373387868,0
True,1.08004974998572,0
True,2.00226703281677,0
True,1.10643602102289,0
True,1.73184727528953,0
True,2.05714213710048,0
True,3.97699531578514,0
True,2.85925556497189,0
True,2.34107051797391,0
True,1.08306405402865,0
True,1.70548433329628,0
True,2.25969346194784,0
True,1.58352219975232,0
True,1.91078060230656,0
True,0.620806412496405,0
True,3.90233179814648,0
True,3.27650302347883,0
True,1.86461469897074,0
True,2.01168553676584,0
True,3.39765989424343,0
True,2.24642099324334,0
True,0.985792782255353,0
True,1.47874646817972,0
True,1.91216041389079,0
True,2.00691099143868,0
True,1.49996715776527,0
True,1.37916886191637,0
True,1.85829349506093,0
True,0.976948954243829,0
True,1.81866825934013,0
True,1.39283257804029,0
True,1.59015731266977,0
True,2.0388624398062,0
True,2.05240856983765,0
True,1.33819535063405,0
True,1.50628036977457,0
True,1.37697547110402,0
True,1.27382798271934,0
True,1.41889882917197,0
True,1.08806108026605,0
True,1.2509646051644,0
True,1.14269325738075,0
True,3.39583718284252,0
True,2.14726026185284,0
True,1.90756706528543,0
True,1.80813203662939,0
True,1.7027417520806,0
True,2.54202938228547,0
True,2.23632671872994,0
True,1.07948914813108,0
True,1.33813918629455,0
True,1.82324129945107,0
True,2.27367121765636,0
True,2.83724578515581,0
True,1.01577223647918,0
True,2.55225707390149,0
True,3.52161024459768,0
True,0.973721297340693,0
True,2.79707663130521,0
True,1.76382446787104,0
True,1.10610200553239,0
True,2.29120939950936,0
True,2.55250510254053,0
True,0.665523612326928,0
True,0.755393335971945,0
True,1.49310894014323,0
True,1.88852082040037,0
True,2.61672308223282,0
True,2.67882149796517,0
True,2.12960773873933,0
True,1.46060672821487,0
True,2.29413704076215,0
True,2.32806532601873,0
True,1.90187544551031,0
True,1.83595252096196,0
True,1.47955573287148,0
True,1.28754413939581,0
True,2.64852286735965,0
True,1.40914164526992,0
True,3.32226430722084,0
True,3.39772343794487,0
True,1.33254060692766,0
True,2.5544924558999,0
True,1.07889173553476,0
True,1.72588592458302,0
True,1.56841265245818,0
True,2.68401939566708,0
True,2.84079708980153,0
True,2.50162150171967,0
True,4.16485846325347,0
True,0.673690191315912,0
True,1.80052142073504,0
True,1.40908430630424,0
True,2.09664067102308,0
True,3.05857422338612,0
True,2.35603517783559,0
True,1.7765341676495,0
True,1.31250235712741,0
True,1.30567941607279,0
True,2.71477893765442,0
True,2.01093172863993,0
True,1.64985029915878,0
True,3.93130596078894,0
True,2.44245879657325,0
True,3.2654151138832,0
True,2.66772509342473,0
True,1.59083189597217,0
True,1.85475894428348,0
True,2.7980617598335,0
True,2.32671494322424,0
True,1.67701221434455,0
True,1.53986166184333,0
True,1.06022175225685,0
True,1.12158262860299,0
True,3.83838420324191,0
True,1.24461025751461,0
True,2.52560101308534,0
True,1.40949147438098,0
True,2.17783633843958,0
True,2.95947823145405,0
True,1.20117157095796,0
True,1.02205494322409,0
True,1.3993438176651,0
True,3.31416050913729,0
True,1.56936576447136,0
True,2.82758645572499,0
True,1.27244744308461,0
True,1.27129761215874,0
True,2.53249300001994,0
True,2.0067228626954,0
True,1.0860408484112,0
True,1.75134926552773,0
True,1.25932706777014,0
True,2.49438524328023,0
True,1.65267381526551,0
True,3.35456350553869,0
True,1.24096317995437,0
True,1.84903606398134,0
True,2.16496643021973,0
True,1.28344429522392,0
True,1.07858983570236,0
True,1.74165587425649,0
True,1.53833275175733,0
True,0.831441965180961,0
True,1.07754445388489,0
True,3.05378499457558,0
True,1.06865624122512,0
True,1.50734295381034,0
True,2.13438868315543,0
True,1.04507495089852,0
True,3.85123262131626,0
True,1.13356129500649,0
True,2.28609377742365,0
True,1.32436569585424,0
True,3.54908219308206,0
True,4.25676893632612,0
True,0.736443090088575,0
True,2.34328473171617,0
True,1.62848012434575,0
True,3.81689288597581,0
True,2.6075919593957,0
True,1.40269044662224,0
True,1.24338240680239,0
True,1.29674263635126,0
True,3.57310184606486,0
True,1.80677338967459,0
True,2.7420870852455,0
True,1.53468866441573,0
True,1.82120479489243,0
True,1.17151389497098,0
True,1.53037137318723,0
True,0.768600244362008,0
True,1.20624216123957,0
True,2.0619260015319,0
True,1.81352708646938,0
True,3.83447830513078,0
True,2.50214105860137,0
True,2.66302869003448,0
True,2.21708557166363,0
True,1.09857523048609,0
True,1.48534348507302,0
True,1.83781827676326,0
True,0.988272599164966,0
True,2.27791649299219,0
True,2.45070606394325,0
True,2.46664218111706,0
True,1.73008349182554,0
True,1.24889516908603,0
True,1.51128064763948,0
True,2.79090559123765,0
True,2.85294294952806,0
True,2.00972592084831,0
True,1.38767252413742,0
True,3.27034550258442,0
True,1.84584819216291,0
True,2.10694912811124,0
True,2.16920034735069,0
True,1.41912370926806,0
True,1.34922897676751,0
True,2.00053353705908,0
True,2.71164819830661,0
True,2.2715155996374,0
True,1.74456230707982,0
True,0.921733190167237,0
True,2.32721475328119,0
True,2.39223120989032,0
True,3.09033487151797,0
True,0.913209033246924,0
True,2.84568715307208,0
True,3.50825424376918,0
True,2.3054574175803,0
True,2.75987837174702,0
True,2.54884121351553,0
True,3.65796224785637,0
True,3.01971309524592,0
True,2.4219602624812,0
True,1.787067534754,0
True,1.30462001414045,0
True,2.1465479839059,0
True,1.69375150168359,0
True,2.16649107769595,0
True,0.790480701144816,0
True,0.674820379705111,0
True,2.77051314464262,0
True,0.95051353510925,0
True,3.27117461948669,0
True,1.76356175793141,0
True,0.88562496907649,0
True,2.75890745194986,0
True,1.44476606375859,0
True,1.69783632138949,0
True,2.67682714280994,0
True,1.26685520794116,0
True,2.68879201508669,0
True,2.39871752242124,0
True,1.23950557860783,0
True,0.956008834004065,0
True,1.33344685639712,0
True,0.669562944210027,0
True,2.85939614998938,0
True,1.51259556231405,0
True,2.2903719177311,0
True,2.82995093570123,0
True,1.90377097593011,0
True,2.63818327744614,0
True,3.60906049368281,0
True,1.32853748145451,0
True,4.52410036957069,0
True,4.04907775863672,0
True,1.53211165313164,0
True,1.25385422387294,0
True,1.30074289697801,0
True,1.73108088303635,0
True,1.20126601590895,0
True,1.20573037446056,0
True,1.51130654430305,0
True,2.89540552481935,0
True,1.13686392410578,0
True,0.670670240548806,0
True,3.82229857416623,0
True,1.89593749229924,0
True,0.90377707577035,0
True,1.56326933872277,0
True,2.21683288137655,0
True,2.19141173621689,0
True,1.82342492740322,0
True,2.45558161483088,0
True,2.06399375665674,0
True,1.17172525649518,0
True,2.1948116240852,0
True,2.09378676507808,0
True,0.7837642012418,0
True,1.3322432309427,0
True,1.90631550328884,0
True,1.55624111560334,0
True,1.64749090575859,0
True,1.27132320129001,0
True,1.39523839008501,0
True,1.6191712104899,0
True,1.96277988853577,0
True,1.72008397137757,0
True,1.37074086325057,0
True,0.916600751943115,0
True,1.71377609740087,0
True,1.68882099824245,0
True,1.46459957294615,0
True,2.45663726430506,0
True,1.98615731105779,0
True,1.428487785333,0
True,2.18967485694999,0
True,2.71259070696578,0
True,1.05890381559983,0
True,1.6741627360362,0
True,1.91785976344415,0
True,1.43448088350534,0
True,1.19547200385844,0
True,1.54044130678535,0
True,3.17875586570932,0
True,0.951657230629469,0
True,0.962171721039223,0
True,0.999060525866288,0
True,2.20083760867163,0
True,2.50130158571746,0
True,1.17018106967975,0
True,1.75543181217865,0
True,2.38312122221803,0
True,0.736440684475374,0
True,1.24453312398639,0
True,1.61703025740372,0
True,1.254615217425,0
True,1.42248296039638,0
True,2.30658681364745,0
True,3.83087048672119,0
True,1.41884659533673,0
True,1.27372445179635,0
True,0.781135027616161,0
True,1.60757313306092,0
True,1.93665355625989,0
True,2.28867254783743,0
True,3.45630882569644,0
True,2.44597120740518,0
True,3.62784901735703,0
True,3.40448896060639,0
True,2.71797225434671,0
True,1.60429907240109,0
True,1.52362615872793,0
True,1.61924537712375,0
True,1.59455963109031,0
True,0.814578658091211,0
True,3.14981984458297,0
True,1.29633543536667,0
True,3.7705557590424,0
True,2.94900751403149,0
True,2.8518725878427,0
True,1.76653552668294,0
True,2.54597674157077,0
True,3.62259838395964,0
True,1.84794667076612,0
True,2.27639030552891,0
True,0.656476178536758,0
True,2.41975379674912,0
True,1.09182684865635,0
True,0.707414246429922,0
True,1.91138292210461,0
True,3.51375654298553,0
True,1.37402953594392,0
True,2.15539067658446,0
True,1.2734601002929,0
True,2.04063557895785,0
True,1.95060662449243,0
True,1.11995432372918,0
True,2.52916142953577,0
True,1.18924982167676,0
True,1.93527812076537,0
True,2.18571175412385,0
True,2.64647062716844,0
True,2.6806101252967,0
True,2.2623329010973,0
True,1.98451685432806,0
True,2.2053007293817,0
True,4.20320833733746,0
True,2.53611703082331,0
True,1.39591319020823,0
True,1.5218700095998,0
True,1.83887208642791,0
True,0.752862099659316,0
True,1.50699274492183,0
True,1.23116089662683,0
True,1.00065915291305,0
True,1.37569379063578,0
True,0.987415250274089,0
True,1.01731814313222,0
True,1.71165756374122,0
True,1.9658348464761,0
True,3.56917967148195,0
True,2.79137131516151,0
True,2.98528175005237,0
True,1.98120734540637,0
True,1.13120167715345,0
True,1.48025503261861,0
True,1.70557331270073,0
True,3.79861176398758,0
True,1.80335279027058,0
True,3.64188414031873,0
True,1.14818682293533,0
True,1.71242294458879,0
True,4.27935719766344,0
True,1.82880410254513,0
True,2.09100556638729,0
True,1.56567260190431,0
True,1.7743434988833,0
True,1.74800790975488,0
True,1.98803045596907,0
True,2.17171277917527,0
True,2.37608397066577,0
True,2.34002706550991,0
True,1.45549872916473,0
True,1.60186581704592,0
True,2.52589139556014,0
True,1.49184308025801,0
True,1.47392039763848,0
True,1.45379875399683,0
True,2.31660210857962,0
True,2.81526676864343,0
True,2.74188868713829,0
True,1.23338717876041,0
True,2.39966182474503,0
True,1.33375312260225,0
True,2.145548250853,0
True,2.21809179031872,0
True,2.05525934389703,0
True,1.98659162011853,0
True,2.10986457476118,0
True,2.12452740723761,0
True,3.6816562763516,0
True,1.06434625704977,0
True,1.02555422855657,0
True,1.263887283219,0
True,2.13218205355039,0
True,2.39386240937763,0
True,3.1147111907632,0
True,2.2570194322169,0
True,1.8246907422065,0
True,3.19798822337628,0
True,2.94813664244529,0
True,2.63856385784552,0
True,2.44138833448606,0
True,1.29671553459488,0
True,1.51530481885938,0
True,3.47525635189681,0
True,1.41381639464813,0
True,1.7732788617911,0
True,3.76759699916989,0
True,1.58627749008978,0
True,1.12098891747731,0
True,0.912965666884137,0
True,1.21261829130901,0
True,1.23431603857859,0
True,1.08692017631425,0
True,3.90637113011648,0
True,1.64462394095016,0
True,2.37239765888871,0
True,0.902994207314482,0
True,2.50029031123062,0
True,3.7987825931547,0
True,1.89389621958421,0
True,0.934267461304224,0
True,1.25111054161575,0
True,2.1132513992099,0
True,2.32725537183405,0
True,2.09370622792774,0
True,2.81592403890588,0
True,2.65409510599444,0
True,1.74119516779806,0
True,0.534229851597091,0
True,1.64290665108406,0
True,2.10353710433276,0
True,1.65480949112679,0
True,2.44773475348411,0
True,1.26567597967349,0
True,1.45202698160428,0
True,1.44619141492991,0
True,1.84976792148135,0
True,0.627999952259578,0
True,0.96836022621314,0
True,2.4613124843973,0
True,1.94083373233368,0
True,4.00524911078116,0
True,2.05569807111374,0
True,1.87174807242501,0
True,0.91309580476365,0
True,1.35227543795751,0
True,1.04845902133033,0
True,2.01492330346847,0
True,1.42217019017607,0
True,2.52539949008364,0
True,1.10157385005198,0
True,3.27485513823486,0
True,2.93463361828748,0
True,3.35350461739248,0
True,2.35938643463101,0
True,2.06512491082607,0
True,0.950071599667426,0
True,4.37520827239387,0
True,1.94110253271512,0
True,1.95299632338543,0
True,2.2932571792068,0
True,0.925914459903002,0
True,2.72327986514389,0
True,3.7822448867592,0
True,2.97853287986503,0
True,3.28809226534056,0
True,1.45155621151955,0
True,2.02725498717604,0
True,0.7522601468179,0
True,1.81841757874331,0
True,1.83039038671326,0
True,2.48869511214551,0
True,2.5821105399363,0
True,3.36493625558741,0
True,3.43904237462212,0
True,1.38342905260038,0
True,2.63015981088044,0
True,1.96245777055087,0
True,1.91244855560726,0
True,1.50451048744398,0
True,1.68874791390504,0
True,0.65980675684456,0
True,2.13259043663668,0
True,2.19267127544892,0
True,1.00448145614168,0
True,1.15632509671699,0
True,2.85391544989707,0
True,1.3021237022224,0
True,2.04698707448015,0
True,2.60789404485614,0
True,2.66061448085261,0
True,2.34943794917558,0
True,2.28827262204836,0
True,2.05522133423591,0
True,0.89823388764157,0
True,1.39631414290505,0
True,1.26367973767709,0
True,2.01300444606926,0
True,1.13529074437356,0
True,2.43405092274053,0
True,1.20814784635362,0
True,3.38977097603779,0
True,2.38535351473486,0
True,2.59473083943739,0
True,2.07707744030592,0
True,2.21744650262536,0
True,1.2382684114217,0
True,1.98181611221306,0
True,1.60806585062826,0
True,1.13916528220024,0
True,1.16579347007541,0
True,2.73838352431133,0
True,1.69585918498176,0
True,1.91128930127701,0
True,1.71264810646813,0
True,2.3437631528811,0
True,1.61392552276513,0
True,3.23381650063325,0
True,1.55324064812822,0
True,3.8769582068217,0
True,3.44834284937686,0
True,1.08175572686683,0
True,2.07898803288839,0
True,1.18866942556082,0
True,1.49915561578976,0
True,0.414938770594645,0
True,1.48041075257047,0
True,2.29368620931178,0
True,0.803947349394732,0
True,1.9015838178603,0
True,1.70766107461756,0
True,1.86920317750295,0
True,0.963206876556846,0
True,1.76879146085525,0
True,1.03886807461909,0
True,0.907842877672109,0
True,2.31059956830753,0
True,2.08262466204491,0
True,1.446758183984,0
True,0.624064455452749,0
True,2.94279001512704,0
True,4.27479618618899,0
True,2.22699969597312,0
True,3.88910164069366,0
True,3.01975867703998,0
True,0.764923884718551,0
True,3.34561899516183,0
True,2.06993658992945,0
True,1.27021441833742,0
True,2.7511481882433,0
True,1.04629325757851,0
True,2.2280600006811,0
True,2.98847495793873,0
True,1.19288765818684,0
True,2.13625568014452,0
True,1.3794715891968,0
True,1.6826950175263,0
True,1.60325000804481,0
True,1.35755444870823,0
True,1.22291609615766,0
True,2.19731918552362,0
True,1.58261053264616,0
True,1.13762993370309,0
True,1.08502214342792,0
True,3.88151918264183,0
True,1.0892435949408,0
True,2.60572077395047,0
True,2.03942255896207,0
True,2.97846430612463,0
True,1.54579522241415,0
True,1.98656739439902,0
True,0.967129780061447,0
True,1.41187875469594,0
True,1.55629770528696,0
True,1.47682460901575,0
True,3.06925909099206,0
True,1.70669615622871,0
True,2.53509525571134,0
True,0.992393195593856,0
False,0,0.000586605944829042
True,4.47615129769651,0
True,1.41014181991054,0
True,1.3854600346126,0
True,2.12981618678336,0
True,1.3159861075595,0
True,2.13755835707037,0
True,1.6767366102562,0
True,2.24113945786908,0
True,3.96206372647415,0
True,3.09305652844355,0
True,0.976564940701919,0
True,1.2439894961793,0
True,1.07832669210028,0
True,1.10940976409124,0
True,1.93696174014874,0
True,1.70050415551789,0
True,1.63565251696508,0
True,1.73662250243759,0
True,1.69972688195603,0
True,2.72645495638703,0
True,1.55736077086373,0
True,1.38382633831022,0
True,1.92058956970598,0
True,2.05391057678688,0
True,1.57335335569953,0
True,1.27259140608673,0
True,2.88129492206434,0
True,4.39519961753721,0
True,1.81923646777882,0
True,1.09239830522493,0
True,0.603248551212062,0
True,2.24460333017781,0
True,1.93871232113344,0
True,1.30831863065218,0
True,0.655182563210602,0
True,1.27927692110006,0
True,1.15974112808363,0
True,1.46636767941208,0
True,1.54270424406998,0
True,1.77497319359557,0
True,0.926630699808954,0
True,4.1450844696607,0
True,2.7985994390604,0
True,0.76127212165287,0
True,2.08092564857539,0
True,2.94448339233367,0
True,1.97180660267474,0
True,1.07276540301826,0
True,1.47708374875079,0
True,1.36451375705436,0
True,1.54381691176674,0
True,2.84955766592212,0
True,1.84111334994977,0
True,2.34432750712608,0
True,1.04912384207088,0
True,1.69763920826275,0
True,1.45583930078239,0
True,2.43858944448355,0
True,1.93455422379659,0
True,2.85524007929653,0
True,1.32354276098929,0
True,1.43183893545621,0
True,3.90943602314723,0
True,3.29407260063617,0
True,0.807649511254521,0
True,1.49721941586301,0
True,0.948443774800916,0
True,1.39668868765083,0
True,2.74119742951095,0
True,2.04544708499036,0
True,2.38971699179801,0
True,2.54306160679464,0
True,2.98098948113627,0
True,1.11550237516823,0
True,3.49682546562568,0
True,1.54620425632491,0
True,1.45032995419709,0
True,0.979779082475416,0
True,1.10885361480697,0
True,1.09167326060702,0
True,1.11404185551791,0
True,1.90130181860944,0
True,0.92805834117811,0
True,2.29888349014531,0
True,1.80848395468514,0
True,0.820925493416886,0
True,0.896635865113733,0
True,1.76817941196823,0
True,1.93570518054747,0
True,1.1796624553048,0
True,2.21700002664588,0
True,3.27713322201159,0
True,2.15304318421964,0
True,1.02183179666649,0
True,3.56281568655843,0
True,2.50410492225002,0
True,1.39771439200926,0
True,2.01462776766476,0
True,1.72398970982503,0
True,2.34765950384504,0
True,1.5720041267845,0
True,1.15655511072595,0
True,2.11002331311729,0
True,2.72883555109194,0
True,0.649768309029617,0
True,1.43655511122173,0
True,2.07852782891541,0
True,1.6887471286214,0
True,1.61650057766723,0
True,3.3748362261755,0
True,0.81257626106461,0
True,3.64027891943891,0
True,1.76498109622919,0
True,2.52340957351685,0
True,1.60942982737485,0
True,1.55511496018665,0
True,1.66702991767139,0
True,1.26318195866271,0
True,1.33259850848852,0
True,1.09111554687027,0
True,1.94242238895004,0
True,1.35199472935287,0
True,2.11122470230882,0
True,2.28771883205924,0
True,1.80041496635476,0
True,1.53793698644868,0
True,1.52820107441516,0
True,1.34888335018824,0
True,1.86679712803776,0
True,0.881691415841309,0
True,1.60997055822807,0
True,3.22658009646727,0
True,2.17986195055677,0
True,1.86829585795644,0
True,1.61206613062843,0
True,1.53753661040573,0
True,1.41590257569472,0
True,0.905944846637161,0
True,1.85553732263887,0
True,2.62315469329446,0
True,1.04974464843004,0
True,1.89627748940184,0
True,2.20990992083059,0
True,3.42170151791863,0
True,2.69697288340173,0
True,1.67103749568064,0
True,1.06773298244461,0
True,1.37666399898275,0
True,2.26686525186449,0
True,3.44421022406773,0
True,2.17376411683454,0
True,2.07668464758639,0
True,2.51961728477233,0
True,1.43176996820368,0
True,2.83409110544179,0
True,3.2747199741309,0
True,1.81463982509921,0
True,4.04173772333397,0
True,1.24808858835673,0
True,3.84155875375092,0
True,1.42025254607532,0
True,2.16803029121499,0
True,1.78722981773929,0
True,2.03423344701521,0
True,0.883529737397575,0
True,1.55789539086858,0
True,2.57429074105318,0
True,1.14170404062064,0
True,2.27175120302204,0
True,2.13263744857841,0
True,2.54267382453792,0
True,2.18091967721206,0
True,1.66299059901857,0
True,1.15698954026033,0
True,4.13795400339175,0
True,3.97461592944553,0
True,1.37607243812083,0
True,1.36122021490221,0
True,2.76276639177873,0
True,2.03496432657608,0
True,1.46927954334779,0
True,1.37662069653222,0
True,1.92085150580338,0
True,2.74335248999058,0
True,2.40357231877617,0
True,1.85287751993694,0
True,3.01909344979811,0
True,0.901175679729299,0
True,3.47616461799493,0
True,1.35860900768678,0
True,2.17714295834227,0
True,0.686976060900721,0
True,1.52148258398363,0
True,1.79788189620748,0
True,1.04987577773299,0
True,1.84462765467841,0
True,2.73882550989249,0
True,3.03131960834079,0
True,3.47338903307802,0
True,0.692685119953464,0
True,2.077247035572,0
True,2.10019866736933,0
True,0.862746932601215,0
True,2.37626754870855,0
True,2.27414880559793,0
True,2.0707171080632,0
True,0.896861714873625,0
True,2.63728668881177,0
True,0.809702809861183,0
True,1.57442675114959,0
True,2.26001050955539,0
True,3.6830756153107,0
True,1.40757111370908,0
True,1.37957513202119,0
True,3.92154927035101,0
True,1.79264664959403,0
True,1.96669005580546,0
True,3.78489534640891,0
True,0.857423906111764,0
True,1.97068047054729,0
True,1.91155026961088,0
True,1.0385664864955,0
True,1.98372259598443,0
True,2.18622399816007,0
True,1.40781385871503,0
True,3.23502983022413,0
True,3.16776726071107,0
True,1.29707709300968,0
True,1.57093733983051,0
True,2.03949083046342,0
True,2.11703779227418,0
True,3.10734491918532,0
True,1.87230183839092,0
True,1.3289112936849,0
True,1.26280148009832,0
True,2.81481856540482,0
True,2.69441924285332,0
True,2.32320005276103,0
True,1.98807857691373,0
True,1.39910521352726,0
True,1.10554259461412,0
True,1.56271187064507,0
True,1.75889099026733,0
True,3.31219170953022,0
True,2.8991136516253,0
True,2.07974960035024,0
True,1.40055545231731,0
True,3.90173104750039,0
True,2.42308629941904,0
True,0.766407852978196,0
True,1.3201025385305,0
True,1.11678868976635,0
True,1.7849389768379,0
True,1.38999936355041,0
True,2.07596538514816,0
True,0.959326869895783,0
True,2.47280603595821,0
True,3.7370476922114,0
True,1.08299442457392,0
True,2.91085105136903,0
True,1.8898261209274,0
True,1.57830728501389,0
True,0.863688631853454,0
True,2.50394837512982,0
True,2.18674461641219,0
True,1.95412447833816,0
True,1.59082208115039,0
True,3.46349597579394,0
True,1.85821488908189,0
True,0.854368007271638,0
True,1.30550643113249,0
True,1.50413483013019,0
True,1.82264515809799,0
True,2.38786392481776,0
True,1.61984445397456,0
True,4.27616876848765,0
True,1.69661717551093,0
True,1.66757086851718,0
True,1.21192587262777,0
True,2.03919614392144,0
True,2.02659736110677,0
True,1.88481214337105,0
True,1.26925772779764,0
True,1.32688193123697,0
True,0.854346563724187,0
True,1.88917780869546,0
True,1.77722196946419,0
True,1.91610562855001,0
True,1.57559390179257,0
True,1.1149182078097,0
True,1.39907208128796,0
True,1.83030223126032,0
True,1.49707918393281,0
True,0.998551143173357,0
True,1.42508366562127,0
True,0.86164456902317,0
True,0.922708250858441,0
True,0.91487142738076,0
True,2.11449882293502,0
True,3.72206302110468,0
True,2.64187157158329,0
True,1.25122952001251,0
True,1.3616538521805,0
True,1.92668682770923,0
True,2.69762610786421,0
True,2.54970860939075,0
True,2.62007932390143,0
True,1.18887641358446,0
True,2.9539782413815,0
True,2.19217606603771,0
True,2.65647552875226,0
True,1.02316561650987,0
True,1.32149946927512,0
True,1.2319907687218,0
True,3.54421360953533,0
True,2.98317411590241,0
True,2.5654650204705,0
True,2.61022564248395,0
True,0.759530388283007,0
True,3.16246699973765,0
True,1.81100744123,0
True,0.957277046458873,0
True,1.67190968061162,0
True,1.98480124289841,0
True,1.17153461209346,0
True,3.39310361802186,0
True,1.44508194027285,0
True,0.922442089514853,0
True,3.27066033616133,0
True,2.19750733501108,0
True,1.42651048774085,0
True,2.83103815012296,0
True,1.33750432373532,0
True,1.92779365072517,0
True,1.76303891989887,0
True,1.16724803022193,0
True,1.31252462013725,0
True,0.976883434602198,0
True,2.78206611327125,0
True,1.82592811266729,0
True,1.32837163352862,0
True,1.6143408684847,0
True,2.12209713461456,0
True,1.46428943572678,0
True,0.944043873165622,0
True,2.10886904755625,0
True,0.966106729639188,0
True,0.551256738229149,0
True,1.79181307183873,0
True,0.947770470725311,0
True,2.49180397822064,0
True,1.57267730722037,0
True,2.62148507832978,0
True,3.61153639516751,0
True,1.43806968825373,0
True,1.96191431466343,0
True,1.97136269526831,0
True,1.37532932868728,0
True,3.3352330063536,0
True,0.780213122704683,0
True,1.8069686811926,0
True,3.0429906497042,0
True,1.32544848982933,0
True,2.00686752448646,0
True,2.42161993947147,0
True,1.30749694888959,0
True,1.25197660271914,0
True,1.96929438036917,0
True,2.93909945678589,0
True,1.03300338644212,0
True,1.61194188931757,0
True,2.55569754061922,0
True,1.69466812982423,0
True,1.4828999065194,0
True,0.585100849255995,0
True,2.54147330830112,0
True,2.11286747273096,0
True,1.7314434195559,0
True,0.96204902025531,0
True,2.60954866983253,0
True,1.37608974754062,0
True,3.11291567195673,0
True,1.36500868161023,0
True,2.86534227767127,0
True,1.57959441682227,0
True,1.12365978187535,0
True,1.09223403990823,0
True,2.44700663960259,0
True,1.81238809351098,0
True,1.29962120471965,0
True,0.909201144382252,0
True,2.23775722357258,0
True,1.38082339301884,0
True,2.26376986843462,0
True,1.74713762080152,0
True,1.01583952410397,0
True,1.51170062994257,0
True,1.21180234474846,0
True,1.29607039208844,0
True,3.4937942447454,0
True,2.83393846692722,0
True,1.58348674613964,0
True,1.52221125246992,0
True,3.33954901585973,0
True,2.11026905460764,0
True,1.92006484200668,0
True,1.60149095367051,0
True,3.49279515082871,0
True,1.82734912749,0
True,1.39057668994096,0
True,2.14771506104069,0
True,1.54128061216469,0
True,4.60045854223413,0
True,3.02359554042586,0
True,2.00019271549845,0
True,2.1821583330205,0
True,1.61422366717329,0
True,1.20247467063799,0
True,2.11074691050609,0
True,1.17662249086025,0
True,2.26765668620706,0
True,1.6333893062972,0
True,3.30056425930119,0
True,2.80828298664851,0
True,3.92349336571244,0
True,3.50060628246084,0
True,1.3874762530811,0
True,1.80267378628703,0
True,2.0852223681463,0
True,3.89125417093287,0
True,4.1450147805536,0
True,1.93567235905326,0
True,0.921651169009487,0
True,2.24013159200847,0
True,1.6878403352598,0
True,0.865823759997966,0
True,0.578695903859678,0
True,1.33092859816099,0
True,1.82504165881207,0
True,0.552518134161292,0
True,2.89758924166129,0
True,1.27551375380989,0
True,2.50689840987793,0
True,0.571219919393811,0
True,1.20245840771925,0
True,1.29323153095186,0
True,2.61589813174869,0
True,3.43696119857621,0
True,2.4105056645236,0
True,2.30302033139925,0
True,1.8088548144129,0
True,3.79767740917229,0
True,1.88980494348751,0
True,2.19809651577175,0
True,2.42332352664155,0
True,0.935123704412476,0
True,2.68794967970117,0
True,2.31178780382889,0
True,0.785343490866219,0
True,2.06676902815431,0
True,2.73380244910703,0
True,1.90517700432255,0
True,1.01225502121076,0
True,2.77011293235776,0
True,3.08300067676608,0
True,2.97886038347131,0
True,1.61469069041242,0
True,2.04476490670321,0
True,2.66330445938612,0
True,1.51039933132631,0
True,2.05614419627682,0
True,1.93095606633366,0
True,1.25029483465868,0
True,1.21890207415855,0
True,1.29329402774991,0
True,2.88990114254441,0
True,2.35280981068125,0
True,3.27131505289828,0
True,3.70297400858554,0
True,2.2191804534133,0
True,1.66044975960554,0
True,1.81051019594356,0
True,2.11446928393103,0
True,2.07119398235782,0
True,2.79245712448509,0
True,2.25090191673039,0
True,2.00436272982325,0
True,0.967025357147275,0
True,1.37137561357716,0
True,2.50959224509539,0
True,1.67040855590639,0
True,2.26351859472399,0
True,0.651330417149058,0
True,2.11639267163526,0
True,2.2504060044805,0
True,1.93070362097384,0
True,1.19096544038633,0
True,1.87234367599283,0
True,3.21351260762098,0
True,2.96860188601601,0
True,2.03266513866971,0
True,2.37464746705946,0
True,1.56143281690745,0
True,4.18863316829685,0
True,3.06156536066449,0
True,0.899100860219031,0
True,2.33749799400411,0
True,2.68016417976971,0
True,2.77655695304733,0
True,1.366337313182,0
True,1.48571529461589,0
True,3.15266696428906,0
True,1.49543010266266,0
True,1.52677895290676,0
True,1.16773757124592,0
True,2.2492075440765,0
True,2.59830627570058,0
True,4.05529068806005,0
True,3.4387438691306,0
True,2.95079732607328,0
True,3.32201344982008,0
True,2.8008226585597,0
True,2.02881464454698,0
True,2.17281409895276,0
True,3.53942264325686,0
True,1.35264236241721,0
True,1.36894494793995,0
True,1.47247364715181,0
True,1.19493380786542,0
True,3.57021964437433,0
True,3.89849421662053,0
True,1.48199509361056,0
True,1.77633357999824,0
True,3.74499788847158,0
True,1.30557327789144,0
True,2.63555578373868,0
True,3.32982780285692,0
True,3.4356314587644,0
True,2.34067756370853,0
True,3.67031565803922,0
True,3.36779828666978,0
True,1.53784374263605,0
True,1.12422696808494,0
True,2.04000956878686,0
True,2.66313888580351,0
True,3.38435484644745,0
True,1.86458894798738,0
True,1.48030007626674,0
True,2.89740937164805,0
True,2.02454656530032,0
True,0.881087213878737,0
True,2.03002997928271,0
True,1.67262610902035,0
True,1.10440260450359,0
True,1.7698690378952,0
True,2.3143154474746,0
True,1.9709269768219,0
True,1.22548657639464,0
True,1.76558381628759,0
True,1.24674213084759,0
True,3.23464228196081,0
True,3.77558108109229,0
True,1.72997322591464,0
True,1.42135405987146,0
True,1.55637467881599,0
True,3.35319987587471,0
True,2.69508504522162,0
True,1.70372521641028,0
True,1.75851902585561,0
True,2.02318488684317,0
True,3.05122527470426,0
True,3.14435056694521,0
True,1.76655917678075,0
True,1.66728297068613,0
True,1.94102819052748,0
True,1.24265742442684,0
True,2.29453858989759,0
True,1.58540582477112,0
True,3.17060971699977,0
True,1.73434883772209,0
True,1.57499934015702,0
True,1.59785741171159,0
True,0.876333962184945,0
True,0.913678412849964,0
True,2.21371526619219,0
True,2.60214440165379,0
True,1.98887534357426,0
True,2.2665758673595,0
True,1.91670027450394,0
True,1.70998066999133,0
True,2.02276408748832,0
True,2.88256283020967,0
True,2.32484760827088,0
True,1.1215384103299,0
True,0.851281192625214,0
True,3.26447225466372,0
True,4.39024610470254,0
True,1.58529905425403,0
True,1.51320837619558,0
True,1.45384256838003,0
True,1.42239555850285,0
True,2.51229230634269,0
True,2.76518494547993,0
True,2.00385390974421,0
True,2.37644814905595,0
True,1.32297292158457,0
True,2.30038052137862,0
True,1.63694515153905,0
True,1.13121905666336,0
True,1.11989706746774,0
True,1.21946110377221,0
True,1.81092593832886,0
True,0.996419446846891,0
True,2.13821109550757,0
True,1.24312112034954,0
True,1.16348671614947,0
True,1.89951214772114,0
True,0.785014885959065,0
True,1.43413559684393,0
True,3.4972889526889,0
True,2.52654524471124,0
True,1.31647557713587,0
True,3.1782211084877,0
True,2.23676302898839,0
True,1.18213257984786,0
True,0.851876435614737,0
True,1.17299841700848,0
True,1.8895602087221,0
True,1.78481478773225,0
True,2.80975475602185,0
True,3.08334279868208,0
True,1.96354275980694,0
True,1.3552896390413,0
True,1.22936638048898,0
True,2.14049835484271,0
True,2.60359061273634,0
True,3.48768330130896,0
True,3.61533520751288,0
True,1.40309135373654,0
True,1.39110995959705,0
True,1.8300504608405,0
True,2.2828335616086,0
True,1.66539793430766,0
True,0.527492859075934,0
True,1.09155341366229,0
True,1.08034091824537,0
True,1.90123267058714,0
True,3.10977827565046,0
True,1.81478937767682,0
True,1.56261149372113,0
True,0.726682244937254,0
True,2.56101398931144,0
True,1.09889431605264,0
True,1.66784442904083,0
True,2.44558343728714,0
True,1.56826093196708,0
True,1.63938612800607,0
True,0.837629616543225,0
True,1.81079299070833,0
True,1.47314062926938,0
True,1.45505530969674,0
True,2.55435072415081,0
True,1.34495377590717,0
True,2.50927898654827,0
True,2.96094109537814,0
True,3.67139602254564,0
True,1.26392936330568,0
True,2.01932443064561,0
True,1.62008061796933,0
True,1.19959771590454,0
True,2.14998128680474,0
True,1.77337220354052,0
True,1.03557896680542,0
True,1.04682498204493,0
True,2.40342561890827,0
True,1.46362114700388,0
True,1.1989573580204,0
True,1.12587910992439,0
True,1.99329840510989,0
True,1.33239560805689,0
True,2.39761829907107,0
True,3.37580146842079,0
True,1.37810567804897,0
True,2.21611704157438,0
True,1.23365183574039,0
True,2.83209441265892,0
True,3.54070374888776,0
True,0.903382397611576,0
True,1.46636196799372,0
True,2.12564046491237,0
True,4.43464419698449,0
True,1.4152805736283,0
True,2.86649059271198,0
True,0.940052750389337,0
True,3.74227992395043,0
True,3.90780506208282,0
True,2.32231385293288,0
True,1.46840387640014,0
True,0.727151864890478,0
True,1.20686120465983,0
True,1.2240537115082,0
True,2.01233163636815,0
True,2.35045217898063,0
True,0.96909318332255,0
True,0.782122363412143,0
True,2.92765565251429,0
True,1.29954830542707,0
True,3.5007114180891,0
True,3.0164582180124,0
True,0.64905046210567,0
True,2.74021012679495,0
True,2.06248324559244,0
True,0.960928371355057,0
True,1.22270672808857,0
True,1.87577361000161,0
True,0.620584877481977,0
True,2.66398691040753,0
True,2.13273006586138,0
True,2.59602085768427,0
True,1.8007700819919,0
True,1.98065242109719,0
True,0.970457013951923,0
True,1.49132468699791,0
True,1.08142866921011,0
True,1.56641257108612,0
True,0.844262139055047,0
True,1.10203362552515,0
True,0.972279072901216,0
True,1.2970365729012,0
True,2.24586766756845,0
True,1.81827940197929,0
True,1.77226656805831,0
True,2.12476977181349,0
True,0.62367587774333,0
True,1.95502051510559,0
True,3.15551040668352,0
True,1.35585695770628,0
True,2.23444501168886,0
True,1.03225593887158,0
True,1.13042520227024,0
True,2.66665278151984,0
True,2.43362178854511,0
True,1.40660393188733,0
True,3.7325240895532,0
True,2.58493902797682,0
True,1.26224199847433,0
True,2.91301096928397,0
True,1.27304156399388,0
True,1.38742946853033,0
True,2.72988308975898,0
True,1.90453961604556,0
True,1.88394654376311,0
True,3.68592919093599,0
True,4.13651556332333,0
True,1.73253281938788,0
True,1.03310846747482,0
True,1.98885734049882,0
True,1.69974018914912,0
True,3.27404396602502,0
True,1.8449884071938,0
True,2.73528069710981,0
True,2.96351123626135,0
True,1.90289805561189,0
True,1.71923656640715,0
True,1.33653090719192,0
True,0.774706865872497,0
True,1.72571752502917,0
True,2.26335868825592,0
True,3.20045970566239,0
True,1.79419322442959,0
True,1.06192877498775,0
True,1.07295499998098,0
True,1.88640357862931,0
True,1.66737116928735,0
True,1.4623233479809,0
True,1.19506091198238,0
True,2.538622099033,0
True,1.0536541854341,0
True,0.887839023855341,0
True,3.49629986347138,0
True,1.83068466491686,0
True,1.87422338203062,0
True,2.40302894267052,0
True,1.80321784040751,0
True,0.813776388614915,0
True,0.601673880368914,0
True,2.63173753250829,0
True,2.22432247795469,0
True,2.00517094662916,0
True,1.6097190693633,0
True,2.2278504889249,0
True,1.36335264420507,0
True,2.94878425575616,0
True,3.19072931122087,0
True,2.83114430293898,0
True,0.951187243990194,0
True,2.13987530148158,0
True,0.608090896757349,0
True,1.98983766351694,0
True,2.528007769289,0
True,2.42192524738643,0
True,2.36795498107095,0
True,1.96020904676918,0
True,1.22891729141512,0
True,1.61309784779876,0
True,1.98719524504024,0
True,1.02495697894783,0
True,2.51975874254083,0
True,1.49587169801627,0
True,1.70751810694816,0
True,3.03802908329404,0
True,1.65020178407165,0
True,2.37214753483844,0
True,2.71529494797139,0
True,1.92937197553314,0
True,1.71042661709503,0
True,1.07276987448502,0
True,2.43845742340889,0
True,1.57778170483277,0
True,1.0215669706683,0
True,1.22566601454754,0
True,0.863022658829239,0
True,0.916365332674595,0
True,3.02322162203175,0
True,4.26563992673916,0
True,2.92506253047989,0
True,1.30157372277645,0
True,0.931273869147557,0
True,2.54349895263677,0
True,2.14371167275751,0
True,1.91284579299279,0
True,2.63377584898067,0
True,4.31460531120227,0
True,2.95501891914882,0
True,3.38145740791707,0
True,2.54798782812489,0
True,0.896954810937889,0
True,1.39247810248053,0
True,2.44395412797437,0
True,1.54179125738383,0
True,1.80385039035288,0
True,3.08133459637027,0
True,3.3210127045527,0
True,1.58684363677182,0
True,1.17618127718927,0
True,1.9290388851922,0
True,1.36033483994087,0
True,2.28934871181656,0
True,1.90374062218348,0
True,0.767213668452643,0
True,3.91731131609799,0
True,1.289974632795,0
True,1.1077672828623,0
True,1.93721764518299,0
True,1.73660592099754,0
True,0.78947691292895,0
True,1.05424906348957,0
True,1.33657798405183,0
True,2.73323833932635,0
True,1.43047826130242,0
True,1.00834678250706,0
True,2.2103420218128,0
True,2.11100001154436,0
True,3.02552783876819,0
True,0.884118739359952,0
True,1.80552430591801,0
True,2.78919323784846,0
True,4.44482291918874,0
True,1.46948173280616,0
True,1.85050215076508,0
True,3.1605012208515,0
True,1.98600210868613,0
True,1.82694458370256,0
True,1.59073579025799,0
True,1.19973934045243,0
True,1.6235671434361,0
True,2.03268370017699,0
True,1.26449743779867,0
True,0.599305341403091,0
True,1.32641939968486,0
True,2.41479147943176,0
True,2.16017319991613,0
True,2.14808629545628,0
True,2.05038848353452,0
True,2.52633314047634,0
True,1.17552379233564,0
True,2.32196127711292,0
True,3.15524851522587,0
True,3.40366267912674,0
True,4.20624610929018,0
True,0.668054640501844,0
True,3.50253678302345,0
True,2.14816160785824,0
True,1.93342373387309,0
True,2.01260836305667,0
True,1.5113649325067,0
True,2.47346975070895,0
True,1.13606671400506,0
True,1.01350376490203,0
True,1.05182155319388,0
True,0.96742081910546,0
True,1.94201745633389,0
True,3.67560319544731,0
True,2.262300515838,0
True,3.09758845511845,0
True,2.70387282784394,0
True,1.07709204520013,0
True,1.13756444096242,0
True,1.26328150388681,0
True,3.01082953285274,0
True,2.76067930186277,0
True,2.56383615336378,0
True,2.03149965858191,0
True,2.08342100499354,0
True,2.48948050479304,0
True,1.66712869266352,0
True,2.58820705411734,0
True,1.03874170196412,0
True,2.5190798564174,0
True,3.1844825278201,0
True,3.76069932473039,0
True,1.8237025230984,0
True,2.48871418059009,0
True,2.52758038292478,0
True,2.1911619420475,0
True,3.36057490462571,0
True,1.01660724416317,0
True,1.59446371396822,0
True,1.58957872172495,0
True,2.3097806752034,0
True,1.91763200150827,0
True,1.86955576670315,0
True,1.9788800076602,0
True,1.94350024297279,0
True,1.13442618929882,0
True,3.6609228468833,0
True,4.45380837764153,0
True,1.11591056569383,0
True,0.843339140881104,0
True,1.93014003111527,0
True,2.31922308400434,0
True,2.85657805202898,0
True,2.04624838017216,0
True,1.29683089115412,0
True,1.3369118566979,0
True,2.3086476835114,0
True,1.47223022045201,0
True,1.01171286676915,0
True,1.37184064088634,0
True,1.22718189445332,0
True,2.04242721795657,0
True,2.23578575770254,0
True,2.51346580538359,0
True,1.52966100969641,0
True,1.22247859997841,0
True,1.8114459985617,0
True,1.95336757739424,0
True,1.18834938412637,0
True,3.66743291832595,0
True,0.964807281923724,0
True,1.38990700157951,0
True,1.97675538358043,0
True,1.61092643814234,0
True,4.32168329020179,0
True,4.15408096911562,0
True,1.9419242234154,0
True,2.0868525581571,0
True,1.22835700722081,0
True,0.987245889011405,0
True,1.46386750328056,0
True,1.49751264996359,0
True,1.48601073734101,0
True,2.15698446023269,0
True,1.3482257660575,0
True,2.01279430464405,0
True,1.0916830724554,0
True,1.33689975516908,0
True,1.09869205186414,0
True,2.99807064200644,0
True,1.66040095188551,0
True,1.47450141790058,0
True,1.56862344650962,0
True,2.99647994174925,0
True,2.02657070727901,0
True,2.27888638497848,0
True,2.80098873414591,0
True,2.21671026055119,0
True,1.46921759526672,0
True,1.41088836567652,0
True,1.38625739192558,0
True,2.43584908273719,0
True,4.10546597491003,0
True,1.77397753874855,0
True,0.751968841936605,0
True,2.95844377292771,0
True,3.19502042477031,0
True,1.21885689336617,0
True,0.896815066132204,0
True,0.994863698659018,0
True,1.23824121592378,0
True,2.18890664931847,0
True,1.1985760111537,0
True,3.36744492616625,0
True,1.87362157630768,0
True,0.844872921895776,0
True,1.52580137090503,0
True,1.43789687317109,0
True,1.89883534842074,0
True,1.82487692051938,0
True,1.52407483126982,0
True,2.14757102658973,0
True,2.28252304729253,0
True,1.41273838974528,0
True,0.637431543482088,0
True,1.45719348696213,0
True,1.40232005794512,0
True,1.9024975871642,0
True,2.07082021957898,0
True,1.38326318004169,0
True,1.42306726160782,0
True,1.47727091280723,0
True,2.2735748290178,0
True,1.46879287550617,0
True,1.86759975527373,0
True,1.39781330456612,0
True,1.7367686037183,0
True,3.14821072883054,0
True,3.13521750523858,0
True,1.64780264804856,0
True,0.994460004205591,0
True,2.58243238184602,0
True,2.66097323386361,0
True,1.24636860394313,0
True,1.1366881257466,0
True,1.0470368847875,0
True,1.31611311561704,0
True,1.4517996157147,0
True,1.63406009461329,0
True,0.666988303732255,0
True,1.03711503417947,0
True,0.683815899879725,0
True,1.10446118187999,0
True,0.730301789341253,0
True,2.71646612379797,0
True,1.93472376224937,0
True,1.29567233634843,0
True,3.03613196336582,0
True,1.09159807779141,0
True,1.16093748550074,0
True,2.78945628724426,0
True,1.65426195200717,0
True,0.515213948048771,0
True,3.7592546268822,0
True,4.16128412448827,0
True,1.30588988146978,0
True,2.42352197458277,0
True,1.23823854156633,0
True,1.92111976327676,0
True,1.23888824940841,0
True,3.38725712191277,0
True,2.2144756590985,0
True,3.87770121483164,0
True,3.35515867541329,0
True,1.52634825010523,0
True,1.81983061610795,0
True,3.03496901707529,0
True,1.56150667382877,0
True,0.824083901569881,0
True,1.76374216109495,0
True,2.7524266271109,0
True,2.31634806154159,0
True,3.16985565258015,0
True,3.22804305503102,0
True,2.60134974343953,0
True,1.67998477847252,0
True,2.69724436560978,0
True,1.54428630010739,0
True,2.82870637419669,0
True,1.52603775765892,0
True,3.06458230303791,0
True,1.48166045417598,0
True,1.05128404878559,0
True,1.58026164996321,0
True,1.42461341680233,0
True,3.44532789807808,0
True,4.21733887919013,0
True,2.12493403945435,0
True,2.20405529565635,0
True,2.63942127848771,0
True,1.82622025634599,0
True,2.73268390306096,0
True,1.72327100385594,0
True,1.33743703763836,0
True,1.64798317567844,0
True,1.33259050434646,0
True,2.43645072015188,0
True,1.62946395538942,0
True,1.21596829920626,0
True,2.2070169921878,0
True,1.89100327155098,0
True,1.89280183568816,0
True,1.53028487939117,0
True,0.671514914056383,0
True,0.946266663384147,0
True,1.10149650941033,0
True,1.58553164393902,0
True,0.774585092960683,0
True,1.30746144005456,0
True,1.85996972171413,0
True,1.05157073478848,0
True,1.29177384180586,0
True,1.50510442253635,0
True,0.768653535494762,0
True,2.25117183306058,0
True,1.85603261781158,0
True,1.37807764328876,0
True,0.808216408890701,0
True,3.3788432628507,0
True,3.67572649162337,0
True,1.57302849657069,0
True,1.99163586238616,0
True,1.53637237042235,0
True,1.14365266548634,0
True,1.49213634594301,0
True,1.95659811185773,0
True,1.65395906201542,0
True,2.78766460952469,0
True,4.54550338040016,0
True,2.54896628447705,0
True,0.669284485696122,0
True,2.16045399380895,0
True,1.17864443913345,0
True,1.80510157108206,0
True,0.990974052660446,0
True,1.28877276638326,0
True,1.38886126920685,0
True,2.1125271386138,0
True,3.02004645838024,0
True,1.8044927511513,0
True,1.9567897419346,0
True,1.85065093078647,0
True,1.34718917180691,0
True,2.19620428329875,0
True,2.68774219405063,0
True,3.70874571351058,0
True,1.18680067832238,0
True,1.33696529856365,0
True,3.02119626824881,0
True,1.68020831401573,0
True,1.01305555363752,0
True,1.06558779036727,0
True,0.666390655045064,0
True,1.97205533338865,0
True,2.18076848260398,0
True,1.16583532703097,0
True,2.73935224345077,0
True,2.47347270390884,0
True,3.75949582426209,0
True,2.75000063298686,0
True,1.10284834057271,0
True,1.25926074173932,0
True,3.27407548655049,0
True,2.9371418054704,0
True,1.10515533752981,0
True,2.05024603679238,0
True,1.72669040934385,0
True,2.83483157189333,0
True,1.9941716972966,0
True,2.00407187075887,0
True,1.48037552174578,0
True,1.99554109637324,0
True,1.55164674674876,0
True,1.78553276785851,0
True,3.68327391915912,0
True,2.15338098121776,0
True,2.48908900654275,0
True,1.62780270497207,0
True,0.968535304931329,0
True,2.20277616029122,0
True,1.70876084596587,0
True,2.68854277748949,0
True,1.78603743937544,0
True,4.13142854607865,0
True,0.891606875704057,0
True,1.1506597317712,0
True,1.35407036779573,0
True,2.21923135638764,0
True,2.14819692493392,0
True,1.87988347910518,0
True,0.854199630004153,0
True,1.42567279717716,0
True,2.84196229021445,0
True,2.24874120696827,0
True,1.50567892048947,0
True,2.31876450747551,0
True,1.30433077147887,0
True,1.79748101622779,0
True,1.5263877239525,0
True,1.48929521449304,0
True,1.71021424481097,0
True,3.33828812328672,0
True,1.77573334046816,0
True,1.51048127725867,0
True,1.65520504263563,0
True,2.39009477323805,0
True,1.4221726179129,0
True,1.46963490906058,0
True,1.03316241914772,0
True,1.2561537840753,0
True,1.46747494373208,0
True,0.902988124006144,0
True,2.16800853123611,0
True,1.83826581186067,0
True,1.63537637645834,0
True,1.36135872764377,0
True,2.21790559495475,0
True,1.82900069364255,0
True,1.07449202897278,0
True,1.62476296829105,0
True,1.99801735599851,0
True,1.0134404051182,0
True,0.911024513162557,0
True,2.32627422165269,0
True,1.50686308591237,0
True,3.15925344905034,0
True,3.21354799141728,0
True,1.6341641021214,0
True,2.42581387601971,0
True,1.73781630497247,0
True,1.56424787337588,0
True,1.60993445575726,0
True,1.51066015116223,0
True,2.48431640340933,0
True,3.0841619006863,0
True,1.33878748563518,0
True,2.58390414888685,0
True,1.90455435195899,0
True,2.97091684591834,0
True,1.62518710559891,0
True,1.73625757257762,0
True,0.868656735973044,0
True,3.4458826643857,0
True,0.739881471911477,0
True,2.10229542471326,0
True,2.03747815384485,0
True,1.12901053599148,0
True,1.67366445618532,0
True,0.903604145995156,0
True,1.67851789745303,0
True,1.33797980474474,0
True,2.04597646284462,0
True,1.76514253721918,0
True,1.16384273410822,0
True,1.615023771575,0
True,1.40842926993512,0
True,0.875351924222798,0
True,1.34933210462954,0
True,1.48468192764532,0
True,1.2661203724145,0
True,4.0685754709345,0
True,1.26074048447935,0
True,1.99433038718743,0
True,1.0940890371621,0
True,1.16985595082346,0
True,1.52715785319586,0
True,1.70035556442194,0
True,1.82674590074694,0
True,2.47778429666499,0
True,1.24459771053288,0
True,3.2127953660057,0
True,3.58284754149336,0
True,2.09036328773814,0
True,2.69536789984095,0
True,4.50263468558473,0
True,2.08686903383756,0
True,0.773177418282515,0
True,0.479158691612946,0
True,3.49675492296491,0
True,1.55471535922308,0
True,3.74214942118271,0
True,3.3099775323222,0
True,1.06503267079679,0
True,2.57892076564426,0
True,2.35613488718551,0
True,0.848403772307126,0
True,3.12334167642739,0
True,1.19634366144623,0
True,1.25964093502873,0
True,2.57868050131845,0
True,1.00376768049106,0
True,2.95482271973912,0
True,0.919312306867056,0
True,1.87788254735264,0
True,1.9078416016439,0
True,0.838282386411812,0
True,1.44425279522058,0
True,0.614098912389529,0
True,3.54375196679241,0
True,1.35406748466675,0
True,1.13347966251525,0
True,0.943555790123398,0
True,1.32005057379936,0
True,2.69081635358435,0
True,0.849578442238565,0
True,1.38874838941915,0
True,2.0528011493197,0
True,2.52122282788523,0
True,1.52210113111224,0
True,1.18539375731778,0
True,3.07902831187916,0
True,2.7809452827022,0
True,1.20460631062791,0
True,2.29406473781324,0
True,3.99421161459789,0
True,1.02759563259382,0
True,0.791972763534854,0
True,2.20753862296439,0
True,1.91073937942541,0
True,3.02908243280339,0
True,2.90199484964852,0
True,3.1906971565918,0
True,3.27542554028878,0
True,3.74732657290062,0
True,2.46813144815454,0
True,2.02228400694138,0
True,1.74244710516338,0
True,0.60917525710631,0
True,1.72231553952247,0
True,2.60440915970994,0
True,2.22456962393317,0
True,1.46835009272413,0
True,2.58235624346945,0
True,2.65930652624059,0
True,2.46053307719838,0
True,1.94785027240079,0
True,1.34578924179157,0
True,1.17851100731971,0
True,1.75001316245365,0
True,1.79354645002249,0
True,1.832162449576,0
True,1.73640961746164,0
True,1.94611249386776,0
True,1.05707420012021,0
True,0.664562380806697,0
True,1.56555552060873,0
True,1.22801946802106,0
True,2.5137467215805,0
True,2.19769851792687,0
True,0.983344193391249,0
True,0.908836424301792,0
True,1.17283960971247,0
True,3.75838470496364,0
True,2.60499313338424,0
True,1.02651712557391,0
True,3.28607944666423,0
True,2.62318749663216,0
True,2.06179976272119,0
True,1.62580241709408,0
True,3.55402259947031,0
True,1.80980839912469,0
True,1.81106988402034,0
True,2.65638836342315,0
True,3.16463569400905,0
True,2.5895393784106,0
True,1.99179369967125,0
True,3.13205190182335,0
True,2.6065470739432,0
True,1.74607981962428,0
True,2.3461750484648,0
True,2.35584952349882,0
True,3.32386552864761,0
True,2.33569187644763,0
True,2.62946109685506,0
True,1.63012722579299,0
True,0.690703328105141,0
True,0.847770476044572,0
True,1.1433496231951,0
True,1.32859069266083,0
True,1.38599045835736,0
True,1.27540615643847,0
True,3.82479345232758,0
True,0.659726199282303,0
True,2.53135045516029,0
True,2.11235170598625,0
True,1.67720724875786,0
True,1.39075989442668,0
True,1.1267902204331,0
True,2.37729673198051,0
True,1.18380842152797,0
True,0.910741130104321,0
True,1.87175420100347,0
True,1.80440762559902,0
True,1.87113582816499,0
True,2.39882029225289,0
True,1.46506000746362,0
True,1.99183717941488,0
True,1.9762005900542,0
True,1.69483586101403,0
True,3.63214857678698,0
True,2.41828387525625,0
True,1.5092177323868,0
True,1.87077656554605,0
True,2.00721695766849,0
True,2.76454943872222,0
True,2.92846498827156,0
True,3.78305684268472,0
True,2.47046439223086,0
True,2.20594541835696,0
True,1.83231035460983,0
True,4.10866726784082,0
True,4.26604538636996,0
True,1.25708594598281,0
True,1.90719643328001,0
True,1.14476310342706,0
True,1.75563754273464,0
True,2.75584107378872,0
True,1.95994925146844,0
True,4.00879111724963,0
True,0.923099332670444,0
True,1.3821699727918,0
True,2.12007350120903,0
True,1.62822746364468,0
True,2.84205183769006,0
True,1.06838449919962,0
True,1.93008468125573,0
True,3.39055258644878,0
True,2.40813117169026,0
True,2.14048376781469,0
True,2.83181234430048,0
True,3.25246586728854,0
True,2.83656992096687,0
True,2.59474818052006,0
True,1.01698051375179,0
True,2.2413496250887,0
True,2.08197438955275,0
True,1.80913882587922,0
True,1.43821002117277,0
True,2.44512200144395,0
True,2.51661315668107,0
True,1.35434660526505,0
True,1.04688255664764,0
True,1.97209044843549,0
True,1.49642604669785,0
True,1.7737663887814,0
True,1.4270325409301,0
True,0.926284438371847,0
True,1.27581163991263,0
True,2.77015238512163,0
True,1.88988323382739,0
True,2.16611594745343,0
True,2.14457587945466,0
True,1.8601718753137,0
True,2.54129780238681,0
True,0.569186630971741,0
True,1.21528004073766,0
True,1.41597554644166,0
True,2.77204284986725,0
True,1.76036980479725,0
True,2.47521981643824,0
True,3.85786331491142,0
True,3.22555936753841,0
True,3.20252151626668,0
True,3.53432723196669,0
True,3.35618285013275,0
True,2.03577278014902,0
True,2.01940786188923,0
True,2.85135110333076,0
True,1.29535828805481,0
True,2.32384068012018,0
True,0.875260351347474,0
True,2.4639301981505,0
True,2.0172874876684,0
True,1.8725477281021,0
True,1.58956785075993,0
True,1.2367514947304,0
True,3.32414449628962,0
True,0.92337224538671,0
True,2.17387678430173,0
True,4.55047138155221,0
True,1.91918530959246,0
True,2.60419557003661,0
True,2.85472943615899,0
True,1.13234142564714,0
True,2.31183103134348,0
True,0.897421115665728,0
True,1.47224285372806,0
True,0.336706765944912,0
True,1.43397837899177,0
True,3.13682869768525,0
True,4.23678586755653,0
True,2.39835077159457,0
True,1.54830575958158,0
True,2.16410513390777,0
True,3.01549481393831,0
True,1.78484821977545,0
True,1.12276344242324,0
True,2.2757077328858,0
True,1.65241235426465,0
True,2.00126577662463,0
True,1.85752239431617,0
True,1.19696609993188,0
True,0.957279951926607,0
True,1.97561066853403,0
True,0.775758914817207,0
True,1.90801788805501,0
True,2.51909129643328,0
True,2.18687558724898,0
True,3.72021106223122,0
True,1.36685520723551,0
True,1.14633655136756,0
True,0.877862094368575,0
True,1.34919294995833,0
True,3.30280930881765,0
True,2.99841300643121,0
True,3.06049329629424,0
True,2.5951036161298,0
True,0.847780553528111,0
True,0.862740815592967,0
True,1.98551062425376,0
True,1.04913652082234,0
True,1.61736084664521,0
True,1.83422238050661,0
True,1.39040336828642,0
True,1.59754861962351,0
True,0.929809727452468,0
True,1.53592150119519,0
True,1.28977228470046,0
True,0.873881652476638,0
True,1.77753469362622,0
True,2.50338616659358,0
True,1.19474553952936,0
True,0.877873967252453,0
True,3.47171198866387,0
True,1.91686974780279,0
True,3.65091138076885,0
True,0.492284086786913,0
True,2.16059808441489,0
True,3.14256845635145,0
True,3.0237105353616,0
True,2.37256349283135,0
True,1.65167540809954,0
True,1.61977385327391,0
True,1.82545687153674,0
True,3.42024735890734,0
True,2.74152571921438,0
True,1.4214094094568,0
True,3.03077367463449,0
True,1.62011888946939,0
True,1.36051981215806,0
True,2.62288521977423,0
True,1.78350945414928,0
True,1.66178783097898,0
True,3.04345403738963,0
True,1.64365471197081,0
True,0.668817534824475,0
True,3.13792007323389,0
True,1.81177820681752,0
True,1.90812688566056,0
True,1.15807946283106,0
True,3.03150421182291,0
True,1.82321597995629,0
True,1.56002162285888,0
True,2.52283639895804,0
True,2.7110764091307,0
True,2.0261997360191,0
True,0.682561298902054,0
True,1.60355948435764,0
True,1.08275707686221,0
True,1.61532680347154,0
True,1.24606212287328,0
True,1.32502978796494,0
True,1.55567836544342,0
True,1.2691661673419,0
True,1.10027655210084,0
True,2.88722697842994,0
True,3.20102544127637,0
True,2.92886047955109,0
True,1.78982950245809,0
True,4.08709724627153,0
True,3.48339733588066,0
True,1.50919261868002,0
True,1.94397974828821,0
True,1.61052922231272,0
True,1.97151116938898,0
True,2.31343591899113,0
True,2.03478006011746,0
True,1.77893776769252,0
True,1.38639630639144,0
True,4.1242078386649,0
True,2.38825960777867,0
True,4.54647969499184,0
True,3.10853332958215,0
True,3.90562983315967,0
True,1.21669436029391,0
True,0.810322317838977,0
True,1.0766648587979,0
True,2.12539282952799,0
True,1.87042105784242,0
True,1.8133190217087,0
True,1.18790598403725,0
True,2.16248828659671,0
True,1.2854680202364,0
True,1.58537457535904,0
True,2.14778140891139,0
True,1.06069059295466,0
True,1.08736642262384,0
True,1.39403473965351,0
True,1.18981678340124,0
True,2.36761165785994,0
True,1.38075393515718,0
True,1.50712087508596,0
True,0.875911839484291,0
True,2.22091677449755,0
True,1.59185890656806,0
True,1.05479771892145,0
True,1.77710308706282,0
True,1.01965558652624,0
True,1.34126801057302,0
True,1.06747992217671,0
True,1.38540498617369,0
True,1.16212782659269,0
True,1.56766887226942,0
True,2.75472593226612,0
True,2.46690401819227,0
True,0.895699532141866,0
True,1.2741524261973,0
True,0.786815044812246,0
True,2.27151894043796,0
True,1.58520286366679,0
True,3.69175200397159,0
True,3.61077964463632,0
True,4.03311397171127,0
True,1.59597545638772,0
True,1.5438251349166,0
True,0.876698021072331,0
True,2.33064092519116,0
True,2.4265998246102,0
True,2.94446701962353,0
True,1.73170414864444,0
True,1.38916238853707,0
True,0.798100543305881,0
True,2.2563246223902,0
True,1.99537089402076,0
True,1.70146865063638,0
True,2.18127939131052,0
True,2.4345463076974,0
True,1.31393747182912,0
True,0.649651003493153,0
True,2.60503419611307,0
True,1.06267923689746,0
True,0.73745197472469,0
True,2.00457242176499,0
True,1.27055441362802,0
True,1.1666197358775,0
True,1.74375528170021,0
True,1.07346433629265,0
True,3.91898634565499,0
True,3.83897954965409,0
True,3.3855308984826,0
True,2.34943290464104,0
True,1.33682389204632,0
True,2.02525566157829,0
True,1.94675199444372,0
True,3.17273036990496,0
True,1.31331075576868,0
True,1.57814689025169,0
True,1.07904200192221,0
True,2.78532521415558,0
True,2.98966019397119,0
True,1.56073982387917,0
True,0.98710033772178,0
True,1.05494322702445,0
True,1.72592612176699,0
True,2.292560152706,0
True,4.24860977416267,0
True,1.1451961242396,0
True,2.13424038976158,0
True,2.1187496292374,0
True,1.35701241056209,0
True,0.896170375644781,0
True,1.36479926671134,0
True,1.28912248078795,0
True,1.28458057602807,0
True,1.16450178256584,0
True,2.5048746410046,0
True,3.29594093995662,0
True,3.84873009793265,0
True,4.11128660439466,0
True,1.25132111883282,0
True,1.49252230646092,0
True,1.7986102001851,0
True,2.76677298075321,0
True,1.91417804891791,0
True,2.01332669879868,0
True,3.06105247477,0
True,2.55964477113164,0
True,2.18809766482506,0
True,1.56887854973358,0
True,2.97937070221754,0
True,2.22063887622822,0
True,3.33164828433671,0
True,0.709341732209305,0
True,3.15115155591969,0
True,2.80917808838534,0
True,2.27010632617225,0
True,1.63371491573584,0
True,1.41863613588665,0
True,1.82542933036031,0
True,1.40010687347207,0
True,3.71608781122642,0
True,1.76908454160333,0
True,1.17608526678687,0
True,3.79426296937411,0
True,2.74146224405731,0
True,2.7845003857587,0
True,3.54522381226876,0
True,1.71235324804527,0
True,1.37557901644251,0
True,3.57940610877547,0
True,3.10651908711772,0
True,1.13193981590777,0
True,0.939325728702114,0
True,1.83254048450981,0
True,2.07292782034775,0
True,1.70507414284852,0
True,2.10853350937949,0
True,1.89191014429005,0
True,1.30652295827746,0
True,2.5374234180791,0
True,1.43682347787052,0
True,1.73626584106221,0
True,1.78727376502116,0
True,2.05698729671078,0
True,2.40208997525468,0
True,0.86797423407421,0
True,1.75128854293353,0
True,2.21353758156482,0
True,1.24933042970163,0
True,3.90944467858621,0
True,1.20191583034787,0
True,2.34476751751411,0
True,1.98455819871402,0
True,2.25061626707559,0
True,3.21684670108417,0
True,0.822306800087824,0
True,1.13637447704929,0
True,1.36981714180332,0
True,1.18746134142621,0
True,1.57092844784927,0
True,1.6650489176322,0
True,2.79551636810437,0
True,2.75853646995936,0
True,3.09769702790292,0
True,3.6517491763957,0
True,1.09751781520416,0
True,2.5325226046704,0
True,4.39933101084972,0
True,3.57872070573957,0
True,2.00642521853605,0
True,1.84850909081756,0
True,1.49358125486904,0
True,1.86127794716937,0
True,1.44570047012768,0
True,1.86656900344387,0
True,3.60304619707654,0
True,1.68011479564906,0
True,1.17200730211326,0
True,0.548039117973037,0
True,2.3534174102705,0
True,0.908506117245945,0
True,3.55274785749324,0
True,0.922122053926189,0
True,2.42220021461522,0
True,1.0211326994077,0
True,3.99343714634435,0
True,1.86461149781717,0
True,1.14560667993115,0
True,1.98989383956117,0
True,1.09302061001884,0
True,1.07181950753917,0
True,0.853389163525309,0
True,1.27731281962247,0
True,1.89245787050631,0
True,2.2820828382434,0
True,1.62390098641748,0
True,2.97222315808394,0
True,2.53440865846204,0
True,1.77207543559506,0
True,1.17953813524331,0
True,2.27778828565029,0
True,2.5753580642057,0
True,3.06635006535129,0
True,2.24188534383147,0
True,0.9077393342592,0
True,3.87288062373769,0
True,2.19671521650671,0
True,0.982057633478988,0
True,2.1994708055661,0
True,2.54559581415262,0
True,0.803896486944452,0
True,1.69098918927196,0
True,4.36429217343667,0
True,1.39456037148749,0
True,1.02691109272542,0
True,3.98107477021685,0
True,2.61997584114651,0
True,2.32512217293808,0
True,1.60544842023871,0
True,1.97369667958124,0
True,1.76712525482366,0
True,2.54267929577994,0
True,3.33831452576547,0
True,2.00123214202349,0
True,1.50906447028606,0
True,3.45505122418764,0
True,1.34181521888489,0
True,1.37477787085414,0
True,2.4012826009397,0
True,2.61458489127802,0
True,2.68066310398628,0
True,1.73293759720277,0
True,0.888173897579985,0
True,2.49611796757997,0
True,2.59210823856994,0
True,2.56104480139456,0
True,3.2923985827672,0
True,2.11150916324125,0
True,2.25536256336299,0
True,1.67030324321498,0
True,0.884817951992185,0
True,1.14297878529714,0
True,1.52054245490577,0
True,1.152559630749,0
True,2.21549280140699,0
True,0.695770468458758,0
True,1.52783211240969,0
True,1.45974206654657,0
True,1.79706313120215,0
True,1.13472509923718,0
True,3.88490034912397,0
True,3.42886457595747,0
True,1.88833960676479,0
True,1.01185954780427,0
True,1.19273082580042,0
True,1.03243122905607,0
True,0.915399038652303,0
True,2.84744195960876,0
True,0.856382694558567,0
True,2.65909284779222,0
True,1.49555202889635,0
True,2.93667377231632,0
True,1.59081950541827,0
True,3.13595721673206,0
True,1.52185868660757,0
True,0.773841107100372,0
True,0.610404811332844,0
True,1.46407889917106,0
True,2.09960715728383,0
True,1.29027127758594,0
True,3.62637074165358,0
True,2.27062707384149,0
True,1.03639366196029,0
True,1.08004293215873,0
True,1.41485195171656,0
True,2.25915193178792,0
True,1.2303982005788,0
True,3.05936239727117,0
True,1.48467422400526,0
True,1.35686809786898,0
True,1.43665333028415,0
True,1.78251899462076,0
True,3.19253289191919,0
True,2.13846785452295,0
True,1.40746958482597,0
True,1.87912127205842,0
True,1.89531199252127,0
True,2.11449425759456,0
True,2.65951358537442,0
True,1.13509409858702,0
True,2.87714176373375,0
True,3.49054625865148,0
True,2.00935785964574,0
True,1.15668058739294,0
True,2.69152378293319,0
True,1.93559038569541,0
True,1.6857372568379,0
True,2.09213937838384,0
True,2.04444194780516,0
True,1.16262600808442,0
True,0.949554894448926,0
True,4.66219616667414,0
True,2.74095168948298,0
True,2.41748842190423,0
True,1.22614988135434,0
True,1.46298062861837,0
True,2.39267038399202,0
True,3.07998575190538,0
True,1.65213464870531,0
True,1.66437042274364,0
True,1.17677288747392,0
True,1.03286329948467,0
True,2.06855031876577,0
True,2.05591080970749,0
True,1.34654283213356,0
True,2.50245535327792,0
True,2.07301032001688,0
True,1.57974621181374,0
True,1.97400774854152,0
True,1.7409155001076,0
True,1.97387409609092,0
True,1.48932559182315,0
True,1.10068236782991,0
True,1.31244802463426,0
True,2.8210631611063,0
True,1.42026561643144,0
True,0.995028866658762,0
True,2.09031444728574,0
True,3.44334037174719,0
True,2.33827604503308,0
True,2.66720459961949,0
True,3.33636677165974,0
True,3.30303669682624,0
True,4.75148620290179,0
True,3.96803958445773,0
True,1.65387437719331,0
True,1.42118860791043,0
True,1.07539290320345,0
True,1.58577426341869,0
True,3.34509029443448,0
True,3.53650378107909,0
True,1.79493345500869,0
True,2.90734170364736,0
True,1.71212695502586,0
True,1.00708056115866,0
True,1.99473502699062,0
True,1.36260110397075,0
True,2.30150009042441,0
True,1.19895706209191,0
True,1.95028351545892,0
True,1.92148502579661,0
True,2.04966014718668,0
True,1.49593207642825,0
True,1.45887099196939,0
True,1.21455693285765,0
True,0.860562863585882,0
True,3.91269939146824,0
True,1.79889039280107,0
True,2.0696483587555,0
True,2.49181276982802,0
True,2.24230834633795,0
True,1.27768146878035,0
True,2.67742567840656,0
True,3.54306947738176,0
True,0.883668093338318,0
True,1.30001948881366,0
True,3.2292800338491,0
True,2.68448197623298,0
True,2.7734537069906,0
True,4.17408509720847,0
True,3.48686634621212,0
True,2.15580800464147,0
True,2.30796979961733,0
True,1.4286132342483,0
True,1.41425886596439,0
True,0.984925280645232,0
True,1.77791430638864,0
True,1.86683296746994,0
True,1.39541704790334,0
True,1.44750049532773,0
True,1.34170141791099,0
True,3.37918877228352,0
True,1.00512765770873,0
True,2.2551953734138,0
True,0.978092604352638,0
True,1.12309525399709,0
True,3.66484380257035,0
True,1.84308202690395,0
True,2.13228767046442,0
True,0.627910272627947,0
True,1.90093290387006,0
True,2.47457494618513,0
True,2.38902939631462,0
True,1.62931475726148,0
True,2.69322465803715,0
True,1.9654715148415,0
True,0.745345826444688,0
True,1.9324524056186,0
True,0.596783859913955,0
True,1.00728274646715,0
True,3.95439154405903,0
True,2.42446949184945,0
True,1.32593371629735,0
True,1.5581622108265,0
True,1.60973396498307,0
True,3.93357853287857,0
True,4.04244415860133,0
True,1.17481387592728,0
True,0.997947497615275,0
True,0.937287599946228,0
True,2.18143906946423,0
True,1.99169800565789,0
True,1.86894328170327,0
True,1.34954793113454,0
True,2.0749852721535,0
True,2.7845072607994,0
True,1.16374038448251,0
True,1.35494158676103,0
True,0.969813493157966,0
True,2.37135630575119,0
True,1.9401631647969,0
True,2.05582201239279,0
True,2.11583745712542,0
True,2.70175681913728,0
True,1.17715651885284,0
True,2.31678862663596,0
True,2.29976996069235,0
True,0.998713431783099,0
True,2.14089946032598,0
True,1.48826997038656,0
True,1.74016368876423,0
True,2.17666133751237,0
True,0.79048003269166,0
True,2.99866083608498,0
True,1.00189736653428,0
True,2.06489421617768,0
True,1.53785227847399,0
True,1.71487658309212,0
True,1.47389383258467,0
True,2.21611996222914,0
True,1.3444710866989,0
True,1.83333657773731,0
True,2.39570973921294,0
True,1.24531181518765,0
True,2.46079307676743,0
True,1.0843794585425,0
True,2.68825575857764,0
True,1.83934619258931,0
True,1.68198427631255,0
True,2.1639901541394,0
True,2.57359455980238,0
True,3.4519121021652,0
True,3.41511776857714,0
True,4.14843864503356,0
True,2.01388149129673,0
True,1.37289949363672,0
True,2.10026235258711,0
True,1.66321541528392,0
True,0.778678183997425,0
True,1.15727750059436,0
True,1.87791131631538,0
True,2.54138105070813,0
True,2.18705536310982,0
True,1.18922665336385,0
True,2.47524499775382,0
True,0.690132911409991,0
True,1.51449667194871,0
True,1.70561167173299,0
True,1.98103106869336,0
True,3.30107907973617,0
True,2.65136698255592,0
True,1.35238714533938,0
True,0.656910957522719,0
True,2.31135000341217,0
True,2.01486994017226,0
True,3.94455479821975,0
True,1.52213795631917,0
True,1.86506120896429,0
True,1.33269420862451,0
True,1.7326849856896,0
True,1.27356227679024,0
True,1.89050417184022,0
True,1.32640034642903,0
True,2.69652306692016,0
True,1.83043343067598,0
True,4.16607330040422,0
True,2.00004997181083,0
True,3.8418915457158,0
True,1.5566469750537,0
True,3.15625687619997,0
True,1.68816287768414,0
True,3.74958964570486,0
True,2.29956393551315,0
True,2.16657985351167,0
True,2.57692054239676,0
True,2.28047251291008,0
True,1.83278571757279,0
True,3.32831355272322,0
True,4.30340177450312,0
True,1.42896263448606,0
True,0.911461864120061,0
True,2.13644568984841,0
True,1.59440492885057,0
True,1.15982394428304,0
True,2.51560608517446,0
True,1.48647402016252,0
True,1.15713360930019,0
True,2.53634681576308,0
True,1.39732357879928,0
True,1.57924982654787,0
True,3.01187266759359,0
True,2.07841567699848,0
True,1.62782220504791,0
True,3.29445030178011,0
True,2.74035192962111,0
True,1.3961186648476,0
True,4.28400292947638,0
True,3.01467037373377,0
True,2.83139791196099,0
True,2.16423094616694,0
True,2.00313646604493,0
True,2.36334836130771,0
True,3.13770087233417,0
True,2.17513817044689,0
True,3.29215772133566,0
True,4.31296001484928,0
True,1.29783379911424,0
True,1.56097209446722,0
True,1.84811294710195,0
True,2.48455264528005,0
True,2.59329890246594,0
True,0.855410699457437,0
True,1.01228734712815,0
True,3.34218520852421,0
True,1.98277006299115,0
True,1.99483364936574,0
True,2.14010391147266,0
True,1.6068835129445,0
True,1.81440455658118,0
True,1.06159692956836,0
True,0.871582766321397,0
True,1.54102478224947,0
True,1.57747975915065,0
True,0.829524333888141,0
True,2.6241876536137,0
True,3.60947258650983,0
True,2.12974404605456,0
True,1.08721797804969,0
True,1.52074297465179,0
True,2.654160310978,0
True,1.40674867530084,0
True,1.01297023757853,0
True,3.86812715894623,0
True,3.11376991021267,0
True,0.521819064544483,0
True,2.83371057857498,0
True,1.09153937025085,0
True,1.73427586149904,0
True,2.14424032430993,0
True,2.97093968418469,0
True,2.34045847959203,0
True,1.41270061392517,0
True,0.719964477312742,0
True,1.16007754558328,0
True,3.05719517060936,0
True,1.67710847350298,0
True,2.40212255884271,0
True,1.0241035053127,0
True,2.34056990835979,0
True,2.44425133077113,0
True,1.18074920088501,0
True,1.75956535642672,0
True,2.26730972251543,0
True,2.65036474473004,0
True,1.78630175348339,0
True,1.75042215468023,0
True,1.90117413418539,0
True,1.41260825531482,0
True,1.18800418484033,0
True,1.02032440908294,0
True,2.88533636862962,0
True,1.33945756181066,0
True,2.37019868389996,0
True,1.4260454960912,0
True,1.29489725128508,0
True,2.29861379895371,0
True,1.32871754532225,0
True,0.986109252109076,0
True,2.98299968893169,0
True,4.18715027724428,0
True,1.15819895221796,0
True,2.12167380160606,0
True,1.4848337698301,0
True,2.91347666791907,0
True,1.33732365363131,0
True,1.56513901361178,0
True,2.50097642676604,0
True,2.86203439895533,0
True,1.23533637010313,0
True,1.8112017015785,0
True,0.873219685464911,0
True,1.75388643539489,0
True,3.56296397732134,0
True,2.64821066982255,0
True,1.01946203743289,0
True,2.0928661298999,0
True,2.7365667000825,0
True,2.88621685286848,0
True,1.35956499876789,0
True,1.59875202797305,0
True,0.913837755269591,0
True,1.57684589503642,0
True,1.85900627895108,0
True,1.59243315177823,0
True,1.50261626418354,0
True,0.98193204714924,0
True,4.10604495267574,0
True,1.42522433319815,0
True,1.21211080953001,0
True,0.928269143571448,0
True,0.94153091439269,0
True,1.0708821838523,0
True,2.14361540537291,0
True,1.09420702136326,0
True,1.06531806752111,0
True,2.83250350363055,0
True,1.50578877569491,0
True,1.34004924036624,0
True,2.2705565297259,0
True,1.60852577807642,0
True,4.05296986499145,0
True,1.4251256080813,0
True,2.31561819368313,0
True,2.65376204433486,0
True,1.06095992907398,0
True,1.21778352472519,0
True,1.68204354951668,0
True,1.54546788105559,0
True,1.90139984424674,0
True,2.38014254201135,0
True,1.35810402896934,0
True,1.67848510088677,0
True,1.24164691034321,0
True,3.94714081492808,0
True,3.80865679210122,0
True,3.78887686975503,0
True,1.08362213895952,0
True,2.37499238295171,0
True,3.07393340204464,0
True,1.7051449905682,0
True,1.44633422744364,0
True,1.67051821374711,0
True,0.82222061988201,0
True,2.64303199559415,0
True,2.85051803738798,0
True,2.1301447234134,0
True,1.71382749331794,0
True,2.21664093881878,0
True,2.23858925974403,0
True,1.76674332579898,0
True,1.41652783483501,0
True,2.27043471894024,0
True,3.85184010285562,0
True,1.73148184262208,0
True,1.64666580316423,0
True,1.09394982105556,0
True,0.976450732570878,0
True,1.82090116531738,0
True,1.60490234585417,0
True,1.10574998646945,0
True,2.52904306290703,0
True,1.8672101510761,0
True,1.77434446927687,0
True,3.37636626047575,0
True,2.03972965677252,0
True,2.28307138301887,0
True,2.03892762405516,0
True,0.695175099799341,0
True,0.960411770363746,0
True,1.3538581048317,0
True,2.12375606370056,0
True,2.37697451751016,0
True,0.897424509148344,0
True,1.21418728394327,0
True,3.6568063569874,0
True,0.83615190831808,0
True,2.00309015077269,0
True,1.17875662441396,0
True,0.928376106325495,0
True,0.923305433173853,0
True,2.68799038945713,0
True,2.30161037956377,0
True,2.56780737277038,0
True,2.74909929002162,0
True,1.9526618543273,0
True,2.43996050522975,0
True,1.22901957308703,0
True,1.09108440258888,0
True,1.30839287822137,0
True,2.31290926273933,0
True,4.07970827558319,0
True,2.1574273727854,0
True,0.93047369506516,0
True,1.67760377106882,0
True,1.81828952711355,0
True,1.59109181482951,0
True,1.85026521915349,0
True,2.28436298481952,0
True,2.63660769171318,0
True,1.19516061837214,0
True,1.07259816193663,0
True,1.29798035145773,0
True,2.24630907915552,0
True,1.60958628840952,0
True,1.29726548024087,0
True,3.09214494435117,0
True,1.28936072196421,0
True,1.56422986348546,0
True,1.36199945260089,0
True,2.75473253472307,0
True,2.39033165685903,0
True,2.01917656117302,0
True,4.36525646068115,0
True,2.65595793771504,0
True,2.32793454010177,0
True,2.13307783925455,0
True,2.55503044809516,0
True,2.54726444443732,0
True,2.04194748107127,0
True,1.94118624098742,0
True,1.26653943265731,0
True,1.43638843942705,0
True,1.91527457860941,0
True,1.57339570565074,0
True,3.02989917611176,0
True,1.36360397443952,0
True,1.54939676129256,0
True,1.3878853432258,0
True,1.65801096249843,0
True,2.10207485527123,0
True,2.67470542761811,0
True,1.2619255942257,0
True,0.683244565309835,0
True,1.48139882565382,0
True,0.94560695143779,0
True,2.8139207123727,0
True,1.00823887292034,0
True,1.91843601697538,0
True,2.03486275563976,0
True,1.70275734418825,0
True,1.55469892444168,0
True,1.5145435538916,0
True,1.3840551492197,0
True,1.89415241796631,0
True,1.40227991119537,0
True,0.913538392092957,0
True,0.930987459361227,0
True,1.61572300645699,0
True,1.54794711068258,0
True,0.809712830391431,0
True,0.801369282088113,0
True,1.77928449136342,0
True,3.03623644426423,0
True,1.51393084265732,0
True,1.66719207732795,0
True,0.965119077113847,0
True,2.6757639767036,0
True,0.99584884795828,0
True,3.2315455928242,0
True,0.4592796638317,0
True,2.98668206208855,0
True,1.00042705169581,0
True,2.39671771994631,0
True,3.62357343996837,0
True,0.915118675237121,0
True,2.58979299059074,0
True,2.40200219640566,0
True,1.45711966075116,0
True,1.58665113126546,0
True,2.36905134451745,0
True,1.79070761947402,0
True,3.14108483841243,0
True,4.09450178103366,0
True,2.69712559693778,0
True,2.21529226497942,0
True,2.1758564954994,0
True,1.11114607507478,0
True,1.41582586589032,0
True,0.939892983843406,0
True,3.52985557943681,0
True,2.9908521729945,0
True,2.96223276654128,0
True,1.83922178965814,0
True,1.6006144301365,0
True,2.23783402895459,0
True,1.45018428320676,0
True,0.937681939577869,0
True,1.0101646819662,0
True,1.93674077289744,0
True,1.24900598741934,0
True,1.76388438302516,0
True,2.4226860523034,0
True,3.50903895145606,0
True,1.48874534018478,0
True,1.0803185634112,0
True,1.01870315515739,0
True,2.77851317181589,0
True,3.60717462039652,0
True,3.67319243289997,0
True,4.33944560349925,0
True,2.21381756114637,0
True,2.25999377018883,0
True,1.03565430644562,0
True,2.0480023231703,0
True,2.81070681813502,0
True,2.49344817983721,0
True,0.918269590953473,0
True,1.41808151713215,0
True,1.34763240928693,0
True,2.36203110457584,0
True,1.04550811164339,0
True,1.43166451165814,0
True,0.764628528105529,0
True,1.06612952569829,0
True,1.87377872954477,0
True,4.74927192541906,0
True,0.792084570929496,0
True,1.35993426821549,0
True,2.12066083699316,0
True,3.76947725487664,0
True,1.50485101667405,0
True,2.85095400904946,0
True,2.55518595639101,0
True,0.914128396708652,0
True,2.11132957210846,0
True,2.49658995051082,0
True,1.79722363582056,0
True,2.05934582768259,0
True,2.00033667509611,0
True,1.61082255685587,0
True,1.3209601958215,0
True,1.49035721220915,0
True,1.85231027151739,0
True,0.964251104115762,0
True,1.18202426366228,0
True,2.62494693638149,0
True,2.22168899461431,0
True,0.945564444133558,0
True,2.46844262027683,0
True,1.34156558848879,0
True,2.04643514905997,0
True,1.4163570092232,0
True,3.60101203526682,0
True,2.78716819868806,0
True,1.02881395651489,0
True,1.43758740978362,0
True,1.23805144050901,0
True,2.50286359856744,0
True,3.55686646694685,0
True,3.05077366505622,0
True,3.36314897234125,0
True,2.20209588589425,0
True,1.67879787279591,0
True,1.11655360170981,0
True,2.29405046274211,0
True,3.86406830801218,0
True,1.80105891489964,0
True,0.800048879970208,0
True,2.65442498645941,0
True,0.618553265790487,0
True,1.75821424124429,0
True,1.80075296093756,0
True,0.903243709372383,0
True,1.4693421831883,0
True,2.99065903788878,0
True,0.3276545466114,0
True,3.22885463222939,0
True,0.814023018963434,0
True,0.622727713838566,0
True,1.57637774552729,0
True,1.04332144068109,0
True,1.59735565660679,0
True,2.1747939496771,0
True,1.7344738266286,0
True,1.52125701913222,0
True,3.67906102126351,0
True,3.95672372203841,0
True,0.551894828416173,0
True,2.91700794382043,0
True,4.04669776970134,0
True,3.7364338582438,0
True,1.35164597165342,0
True,2.90492969852802,0
True,1.3067452546315,0
True,2.87363706763173,0
True,1.61980560122849,0
True,2.02289113365406,0
True,0.673798455241296,0
True,1.0266765344478,0
True,2.14728077151551,0
True,0.539185829357911,0
True,1.18282926531103,0
True,1.72215442319218,0
True,2.33385280751562,0
True,1.86829402005013,0
True,1.95536176460609,0
True,2.52837780559983,0
True,0.664556180806999,0
True,1.01785536141454,0
True,4.32119796798018,0
True,3.23853099411695,0
True,1.44502282982393,0
True,1.4754970839134,0
True,1.79462696388523,0
True,1.4390011214658,0
True,2.11943730260939,0
True,3.94430108965316,0
True,3.51042203934181,0
True,3.83032736990281,0
True,1.69565395355012,0
True,1.91466591958324,0
True,2.97048223419007,0
True,2.11764080983687,0
True,0.942682786513836,0
True,1.74341994309314,0
True,2.88968838084602,0
True,1.83417980264108,0
True,0.830267589378515,0
True,2.17205902928873,0
True,0.636949744986844,0
True,1.36927208616734,0
True,1.21863777018562,0
True,2.08853065579428,0
True,0.884527576780049,0
True,0.377720708680206,0
True,1.59653014256972,0
True,3.78519822166028,0
True,1.2753414966388,0
True,3.05134271517778,0
True,0.980942806114437,0
True,2.14792637315916,0
True,1.13457323204345,0
True,1.83212025197493,0
True,2.94428651459384,0
True,1.82123152708356,0
True,1.6000242436299,0
True,2.44323579844841,0
True,1.8770598158213,0
True,2.56128733008074,0
True,1.951206513718,0
True,1.36318767013817,0
True,1.11695614822335,0
True,1.72721026436589,0
True,2.85926554679125,0
True,2.13745054899648,0
True,0.960515848953541,0
True,1.1186440615837,0
True,2.28986738760411,0
True,1.77717616114864,0
True,1.60082188222394,0
True,1.34281088140717,0
True,1.77831694049711,0
True,2.61401201921978,0
True,2.34210333800644,0
True,2.0714131533085,0
True,2.97470730058355,0
True,3.36160910852869,0
True,1.28755163668302,0
True,1.43271276518641,0
True,2.3416472290312,0
True,1.06971867478533,0
True,0.922768029158724,0
True,2.130428540966,0
True,0.704639840883486,0
True,1.36910047089541,0
True,2.05303243208413,0
True,2.47638392613683,0
True,0.964681956144726,0
True,1.20279279819071,0
True,1.20935340119116,0
True,3.46920219720665,0
True,1.6849616390498,0
True,1.76981091811778,0
True,2.57547378544574,0
True,2.0308090515487,0
True,2.44999980149557,0
True,2.76300782147858,0
True,0.980070455955382,0
True,3.64527184278019,0
True,2.65332013855929,0
True,0.477912130312151,0
True,1.10812000994987,0
True,1.02176035261535,0
True,2.29000341834175,0
True,1.95050360280805,0
True,2.03016637839152,0
True,1.13867662784097,0
True,1.4251803897554,0
True,1.22594023736103,0
True,2.3408730590949,0
True,1.51589784754967,0
True,2.70586249613265,0
True,2.50373150441609,0
True,1.9959461763908,0
True,1.05179822982627,0
True,2.25180966544816,0
True,1.03167406045536,0
True,3.92870215100013,0
True,1.66338410311258,0
True,1.32779131052998,0
True,2.29592624421561,0
True,2.36738202254126,0
True,0.840319276470471,0
True,0.822170729201896,0
True,3.77025399684971,0
True,2.18914750438388,0
True,1.75059078774594,0
True,1.54892948014706,0
True,0.945645189116451,0
True,1.22654605207237,0
True,1.80751597536258,0
True,2.09720628806703,0
True,2.36998741186301,0
True,3.52377801820247,0
True,0.935507837695658,0
True,1.46035950309508,0
True,2.11764665991299,0
True,3.05101771247233,0
True,1.99920769055482,0
True,2.97373751135269,0
True,1.27593908807395,0
True,3.21815897406293,0
True,2.78747377890412,0
True,2.40718599534071,0
True,3.94566648986695,0
True,2.16024649080123,0
True,0.933127768954063,0
True,1.3355272483477,0
True,1.94406755418703,0
True,0.992632819000999,0
True,2.42828953997528,0
True,3.73688605194024,0
True,4.09455494062538,0
True,1.29088853272526,0
True,3.45402961364957,0
True,3.873942111964,0
True,1.65058031563437,0
True,2.10356438575905,0
True,1.0418763188399,0
True,1.33548562258011,0
True,1.87781522926996,0
True,2.23302386358242,0
True,2.37305066234344,0
True,2.91252939744406,0
True,1.20353301402094,0
True,1.2680103781576,0
True,1.89271836003903,0
True,1.99176896734652,0
True,2.32785291468086,0
True,0.908841938646856,0
True,1.11928139905394,0
True,1.66787069849164,0
True,0.98967204873918,0
True,2.64674983735618,0
True,2.48380891573148,0
True,3.64733902688862,0
True,2.60522758625096,0
True,1.21346709865788,0
True,2.50640294662166,0
True,2.21347453454153,0
True,1.4071764634708,0
True,3.59518515218613,0
True,2.23599676088402,0
True,1.62904531269786,0
True,1.53039481360687,0
True,1.1927283570452,0
True,2.65799756301626,0
True,1.77950113911224,0
True,1.456621055467,0
True,1.51747003594694,0
True,1.84109291476073,0
True,2.8773093199127,0
True,2.05547255450798,0
True,1.93391780529298,0
True,2.0954333117717,0
True,1.62589879950909,0
True,1.37214607068609,0
True,3.00369304563813,0
True,2.66703149049489,0
True,1.30560699183967,0
True,2.04071310179997,0
True,1.23954504641245,0
True,1.73468659609634,0
True,3.43668168008162,0
True,1.93836677692018,0
True,0.774093735235597,0
True,1.42759547314329,0
True,2.55396507449903,0
True,1.41619351088844,0
True,1.67821626990685,0
True,1.03699992758556,0
True,1.6606042874076,0
True,1.84398405845812,0
True,1.29357303191723,0
True,2.22878515803539,0
True,1.99453121023321,0
True,2.69044993417407,0
True,1.58670096987658,0
True,1.66275221236869,0
True,1.28123066241651,0
True,2.62854919146262,0
True,1.02631278967528,0
True,2.98771109075695,0
True,1.03770404017666,0
True,2.10791968434139,0
True,1.78216360606402,0
True,2.33272805488719,0
True,3.14858428732605,0
True,2.05102020774851,0
True,0.685936620448941,0
True,0.945499404785254,0
True,2.05337814481304,0
True,2.44008622366716,0
True,2.67111129925454,0
True,2.05308410078143,0
True,1.19502517612576,0
True,2.96162105517048,0
True,3.37869379784832,0
True,1.61511682187601,0
True,0.988770734237821,0
True,0.614047926018639,0
True,2.25720484812684,0
True,2.35759129067432,0
True,2.28913806799927,0
True,1.74892131650815,0
True,1.08552669822678,0
True,1.73138522148745,0
True,1.7972322682024,0
True,1.71529753710112,0
True,1.11980832696291,0
True,1.05429281394542,0
True,1.66028344469409,0
True,1.8811673211689,0
True,2.38756203095455,0
True,3.60426240347352,0
True,2.64465160449724,0
True,1.76934409121946,0
True,1.79767959068608,0
True,1.22702818852286,0
True,2.11628526172254,0
True,2.79672432904196,0
True,1.29213793913873,0
True,2.60302121836828,0
True,1.4958664460837,0
True,1.53068820808886,0
True,1.28259624605902,0
True,1.66913967743729,0
True,1.79524319575923,0
True,1.28598443539955,0
True,0.855941383187146,0
True,1.70784683615761,0
True,1.05197527351753,0
True,1.78035043272263,0
True,3.03125431131336,0
True,1.33676091105628,0
True,1.44431018545418,0
True,0.801384469949959,0
True,1.49017308625861,0
True,2.37288730668017,0
True,4.40327651505194,0
True,0.83548206118668,0
True,2.81323318960361,0
True,2.8206433711594,0
True,2.01128385438565,0
True,3.13892281821531,0
True,2.88309162560533,0
True,1.52524476309084,0
True,2.54102291506008,0
True,0.881282361335579,0
True,3.90956770769296,0
True,2.59376753707072,0
True,0.741803695535549,0
True,1.0207177392839,0
True,1.64643807045745,0
True,2.81791236839322,0
True,2.32091249296929,0
True,2.85244763064029,0
True,3.06335143963719,0
True,3.52741449121175,0
True,1.49488184028289,0
True,1.02727793997415,0
True,1.6866596127481,0
True,0.873856744543439,0
True,1.58050356970673,0
True,0.955385505211917,0
True,1.35598980607107,0
True,1.00420980656342,0
True,1.0028938720482,0
True,2.73439732047263,0
True,3.90485975102739,0
True,2.12867920142507,0
True,2.01254637768215,0
True,2.72018175819638,0
True,1.1969443683449,0
True,0.826079343024091,0
True,3.76747340109362,0
True,0.844072300756767,0
True,2.05658826353377,0
True,1.59613800718119,0
True,3.8242260210881,0
True,2.0526800075035,0
True,1.47914341273761,0
True,2.09187634550565,0
True,2.88196867513365,0
True,2.64328427080012,0
True,1.50059678431406,0
True,2.14750282395696,0
True,1.42742697227037,0
True,3.65186697590362,0
True,3.11797320155659,0
True,1.39204704314879,0
True,1.63319724947284,0
True,1.01541063197762,0
True,1.93606791717144,0
True,2.88805030013489,0
True,3.0656315387994,0
True,2.66321178985079,0
True,0.952189217856943,0
True,1.58864330492359,0
True,2.7296873676487,0
True,1.98742106406981,0
True,1.36524581463753,0
True,1.66503291344513,0
True,1.86375191506157,0
True,1.9973472236195,0
True,1.4703329881641,0
True,1.79829917537689,0
True,2.05582936825632,0
True,1.09560080826596,0
True,3.15369781143941,0
True,1.59945253949721,0
True,0.616162525007987,0
True,3.38214482860589,0
True,3.70883510248644,0
True,1.08195345352464,0
True,2.41229454499362,0
True,1.840409371457,0
True,1.47242500870399,0
True,2.15967833766756,0
True,2.97943253939826,0
True,1.79092991066909,0
True,2.10189641296973,0
True,2.21491614349591,0
True,2.3278349238413,0
True,1.88391048731768,0
True,2.51257110372144,0
True,1.12009867200355,0
True,2.15338800311892,0
True,2.32864042265542,0
True,1.01823893488836,0
True,1.14822341895023,0
True,2.06674313462255,0
True,1.6794464402536,0
True,1.44463074364883,0
True,1.0238297945083,0
True,1.62024202701684,0
True,2.29395283285679,0
True,2.43148472836889,0
True,1.18308088419028,0
True,3.28740767636146,0
True,3.63551318640092,0
True,3.48579091301248,0
True,2.14976469222213,0
True,1.24796431109945,0
True,2.98247707090177,0
True,1.49445418336828,0
True,1.39608793790406,0
True,1.6897772034117,0
True,3.73650235287417,0
True,3.8104276592196,0
True,2.984299906104,0
True,1.55836715397662,0
True,2.45848981895203,0
True,3.6258928831077,0
True,1.24846759138183,0
True,4.06894048949802,0
True,1.21106503981655,0
True,3.24562039956623,0
True,1.19015576731456,0
True,2.10773195888441,0
True,1.52855052957074,0
True,1.20639916016741,0
True,1.78041567124124,0
True,1.36579824763798,0
True,2.21088449787068,0
True,1.73035564171075,0
True,1.58025212990695,0
True,1.23085799468538,0
True,1.07718083012256,0
True,1.74233752074912,0
True,3.10045473888363,0
True,2.11973073730838,0
True,1.47556037583734,0
True,2.88686840579441,0
True,4.11382382902791,0
True,2.45654112363547,0
True,1.3829902067146,0
True,1.21437034723616,0
True,2.7834238852178,0
True,1.29406887616735,0
True,1.48601594036927,0
True,2.22575260430356,0
True,2.06718366420672,0
True,3.91130686642222,0
True,1.8757805795537,0
True,2.80698298462016,0
True,2.04936460120201,0
True,1.38828153232637,0
True,1.65590034589752,0
True,3.20890612783477,0
True,1.302269641107,0
True,1.56422118160388,0
True,1.15936644580216,0
True,0.906307265918496,0
True,1.95772625347047,0
True,1.61314152609633,0
True,2.37819945246041,0
True,1.19482596253599,0
True,1.58116221620534,0
True,3.35544905707595,0
True,2.07291305432755,0
True,3.15758790134019,0
True,3.47739250681837,0
True,0.889612644905204,0
True,1.29193663748981,0
True,1.35452418421892,0
True,0.826624988347896,0
True,1.13331942664849,0
True,2.17619612956235,0
True,1.3890994835236,0
True,1.01376328926525,0
True,1.67104303439369,0
True,1.10829254436978,0
True,2.31519067204878,0
True,2.62063097924017,0
True,1.59679605942905,0
True,1.77685006222249,0
True,1.4813077031296,0
True,3.6619905358659,0
True,0.636141704485736,0
True,1.17501396263231,0
True,2.12105401089861,0
True,2.92634059001667,0
True,1.99012596373285,0
True,1.16953344522161,0
True,0.823442287034473,0
True,1.10641850620102,0
True,2.78959529046556,0
True,2.34758611227347,0
True,1.48046856847948,0
True,0.621024931071103,0
True,1.82732715703941,0
True,1.71705599517206,0
True,1.60584843034276,0
True,2.49776632580005,0
True,3.07131321975435,0
True,1.22701009498488,0
True,2.4920033854203,0
True,1.29815061677405,0
True,1.38153180624629,0
True,1.77529021569682,0
True,1.52478507872877,0
True,3.83035151906562,0
True,1.01940920182153,0
True,0.994718824056498,0
True,1.92030989630106,0
True,0.902749597125971,0
True,2.21316934867651,0
True,1.27276788973928,0
True,3.74314017746075,0
True,2.18962626068435,0
True,2.09111992747961,0
True,2.00470703403081,0
True,2.06105053507142,0
True,2.46129817409707,0
True,2.11340945661691,0
True,2.38376670362924,0
True,3.39496754840916,0
True,1.56391175338546,0
True,1.47741423295897,0
True,1.06853096231671,0
True,0.974510486575054,0
True,1.7189453759398,0
True,1.97125820588147,0
True,3.03245236355666,0
True,2.53897043919635,0
True,2.91284877921016,0
True,2.04220808935119,0
True,1.14294273453164,0
True,1.23552192829309,0
True,0.363482181262536,0
True,1.21080288887743,0
True,1.23951121801324,0
True,2.13867165275716,0
True,1.2734530305009,0
True,1.03743015613511,0
True,3.1574983477144,0
True,2.27890048205388,0
True,0.768902332770186,0
True,2.53715345648087,0
True,2.13313879343469,0
True,1.97157029998608,0
True,3.54122321322608,0
True,1.71952506297894,0
True,3.30073529802836,0
True,3.1817581484188,0
True,2.06423708616529,0
True,3.7577076639475,0
True,1.55301750634247,0
True,2.10025247852549,0
True,1.36517115143892,0
True,1.1689628810972,0
True,1.39879058573572,0
True,1.78727824164395,0
True,2.72170003493496,0
True,2.94437798680998,0
True,1.85338342678873,0
True,2.54150288175993,0
True,3.47599023274322,0
True,1.18171569484002,0
True,1.48519248272004,0
True,1.25768588796927,0
True,0.895183674696274,0
True,0.637278795078572,0
True,1.03261343707938,0
True,4.40661008085248,0
True,2.0633790270916,0
True,2.17561769364567,0
True,2.27926293470715,0
True,1.52521548089619,0
True,0.631478890620821,0
True,2.06834424619394,0
True,2.99139918698907,0
True,3.16081762695268,0
True,1.75211168316608,0
True,3.01402046685793,0
True,3.91202285085918,0
True,1.31607430043446,0
True,1.1821757974808,0
True,3.13106881439065,0
True,1.55986410633834,0
True,2.04781047451518,0
True,2.03870823608104,0
True,1.20574283149851,0
True,1.938923264095,0
True,1.74180012256233,0
True,1.09956686680622,0
True,1.60754714764033,0
True,0.949647197869818,0
True,2.49671688150999,0
True,2.22099760015778,0
True,1.36109774210605,0
True,1.43229738059801,0
True,1.44209082697562,0
True,1.12106455363376,0
True,3.95204563933221,0
True,0.766367617630625,0
True,1.79147345909109,0
True,1.81229587962491,0
True,1.04808054447,0
True,3.57471656706735,0
True,2.51915824761399,0
True,3.53980836864193,0
True,2.46861769424653,0
True,1.14992178308018,0
True,1.71711952691893,0
False,0,8.14529259908866E-05
True,2.21195710895658,0
True,3.39943327883297,0
True,2.88329075916668,0
True,1.67685762583572,0
True,1.29809987920793,0
True,3.67456774406124,0
True,2.61165573672534,0
True,1.37926687634075,0
True,3.40737393469707,0
True,1.65112949099161,0
True,2.30977574092437,0
True,3.27647217297482,0
True,1.33617438753692,0
True,4.57597454033406,0
True,2.27125464899069,0
True,2.99891923569516,0
True,2.24586430924252,0
True,1.58037481423561,0
True,1.58826280024131,0
True,2.04885171271781,0
True,1.67612554575617,0
True,1.07812171852699,0
True,3.26028742872869,0
True,0.987369934187446,0
True,0.812881225971583,0
True,3.85560864503983,0
True,1.77888193613197,0
True,2.56317502356681,0
True,1.29652884484329,0
True,1.39703994069896,0
True,3.03812847820048,0
True,1.81561207791277,0
True,2.36819330983482,0
True,1.87441833488554,0
True,1.37057900397105,0
True,2.2851380445543,0
True,3.52486696004283,0
True,1.71257990272517,0
True,2.07457188883136,0
True,2.79600514014153,0
True,1.68143215293944,0
True,1.31610059214699,0
True,3.44160012862408,0
True,2.38300504949437,0
True,1.6663846811559,0
True,2.66725193424503,0
True,1.34781877933893,0
True,3.09701805544338,0
True,1.73507235834146,0
True,1.92166726349209,0
True,2.79433704311853,0
True,3.06330687023126,0
True,2.08839624958476,0
True,2.7211814161598,0
True,2.07779214639568,0
True,1.40722359252752,0
True,3.08338166629006,0
True,4.37578403920434,0
True,3.71841752086087,0
True,1.78994702972867,0
True,2.42795165230553,0
True,2.77436268653227,0
True,2.58920489507922,0
True,1.78688408364001,0
True,1.69388487158303,0
True,1.95695927635701,0
True,1.5029746556665,0
True,1.48699136263384,0
True,4.34860484705321,0
True,3.24331547259653,0
True,1.73798055566332,0
True,1.53520011876515,0
True,1.4302246774684,0
True,1.55781665558844,0
True,3.71202703715981,0
True,2.53757250246083,0
True,1.45335634505484,0
True,1.46651980291621,0
True,1.87935160865177,0
True,3.55604146935672,0
True,1.12383152558118,0
True,1.66425097563224,0
True,1.96773119827388,0
True,0.917932572992461,0
True,0.86614694828688,0
True,2.91915519800675,0
True,1.63096346308853,0
True,2.80656857619761,0
True,1.29481876925195,0
True,1.38557534097334,0
True,1.35190433170464,0
True,1.5955669424761,0
True,1.10635969764944,0
True,2.12764110313922,0
True,1.35911654329271,0
True,1.90930535759129,0
True,2.03321489161766,0
True,0.930530749211545,0
True,1.08231057279517,0
True,1.65989115032918,0
True,3.62339153661875,0
True,2.94892121543997,0
True,1.4054931650694,0
True,3.25534435702963,0
True,1.5071315216786,0
True,0.956116727932855,0
True,3.58125757843779,0
True,2.10061890875032,0
True,2.15084587077055,0
True,1.90458335138758,0
True,1.45321633552357,0
True,0.828500105731507,0
True,1.37045091857595,0
True,1.04438162398886,0
True,0.867108822066154,0
True,2.26703858324658,0
True,3.73642075709118,0
True,4.35143556761529,0
True,2.06699108680033,0
True,2.72586072435654,0
True,3.3270792878202,0
True,1.65061410617441,0
True,0.900569723746013,0
True,1.07021682816613,0
True,1.32953912280505,0
True,1.3169149061748,0
True,1.28852634857472,0
True,2.37126633906126,0
True,2.69249884658518,0
True,1.39946050755284,0
True,2.02032495358045,0
True,1.01666626272387,0
True,1.95185838438499,0
True,1.11437792078826,0
True,2.22192272651074,0
True,1.46218394341134,0
True,2.75105591424144,0
True,1.14306570526651,0
True,1.60189932717921,0
True,0.822700899199445,0
True,2.36476398045467,0
True,2.40526518049747,0
True,1.41143676487204,0
True,1.77576946057159,0
True,1.80549919370245,0
True,1.30052805473183,0
True,1.78823791094554,0
True,2.42203859554098,0
True,1.9838997974651,0
True,2.73530437913542,0
True,1.63688590854382,0
True,1.8191451486061,0
True,3.72380053215902,0
True,3.39071009802269,0
True,1.09334012296024,0
True,3.87567253418241,0
True,2.76750943509572,0
True,3.89162320360526,0
True,3.7207104690209,0
True,1.56740313475384,0
True,1.12476994336528,0
True,0.97973114884471,0
True,1.95488871379261,0
True,2.2041981189263,0
True,2.27201669650979,0
True,1.47416258390974,0
True,3.57303543676134,0
True,1.36868844136388,0
True,3.1706362745122,0
True,2.74200569870975,0
True,1.90619783717206,0
True,3.79567189518231,0
True,1.92037054338182,0
True,2.05581111796521,0
True,0.928087693996672,0
True,2.27576851415778,0
True,2.12179015605665,0
True,1.71183059472438,0
True,1.17309720330601,0
True,1.79508517490377,0
True,1.3996554012369,0
True,2.95540988243087,0
True,1.3585527016229,0
True,0.845191713508353,0
True,2.42362911240733,0
True,2.11017425500176,0
True,1.04844520956365,0
True,1.44769734058409,0
True,3.50074193827723,0
True,3.33980834737445,0
True,1.90576201790648,0
True,2.38253991750045,0
True,2.21628537547921,0
True,1.92929043043419,0
True,1.81381491067015,0
True,1.44946259730957,0
True,3.75588648727055,0
True,2.77366866024653,0
True,1.16113621644795,0
True,2.94984778241562,0
True,3.02642270490087,0
True,1.38240204263589,0
True,1.6919277485543,0
True,1.73210976389827,0
True,3.74711987470304,0
True,2.67203560886371,0
True,2.81233950815533,0
True,2.16672173263702,0
True,2.57730384546053,0
True,1.97159152842995,0
True,2.52891777968176,0
True,1.63195833551722,0
True,2.75197412062563,0
True,3.76859453529869,0
True,1.72676357992999,0
True,3.08878796361646,0
True,2.87838556711459,0
True,1.45006148620684,0
True,1.88743982938405,0
True,3.69095031209525,0
True,1.98895349502967,0
True,2.59185022192118,0
True,2.36323525161675,0
True,2.43166674662781,0
True,1.61557985732728,0
True,1.64878102149984,0
True,1.88162566080504,0
True,2.69836272836635,0
True,1.24009759799586,0
True,1.94671925029437,0
True,2.09761904357535,0
True,0.802798349616756,0
True,1.31532231826478,0
True,1.47351355231361,0
True,4.38728237235061,0
True,3.50729984503344,0
True,1.25678844744094,0
True,4.34963299148835,0
True,1.26117523007575,0
True,2.61196886236505,0
True,1.20704829122431,0
True,1.47449064265058,0
True,1.45658374948826,0
True,1.94094720919865,0
True,0.743896469694229,0
True,3.50723089614652,0
True,3.43643770997708,0
True,1.17821853529478,0
True,1.56481441531778,0
True,1.42270797498962,0
True,2.1010001102037,0
True,3.86318439144943,0
True,1.48859716100652,0
True,1.40420541745018,0
True,0.904503348308349,0
True,1.99720992594734,0
True,1.21724965021274,0
True,2.22585389130813,0
True,2.8164302518513,0
True,2.16449121437613,0
True,2.88246807025245,0
True,1.53511612775265,0
True,1.35844394025154,0
True,2.07876766287705,0
True,3.81005114691577,0
True,0.974323938081569,0
True,1.00137611119943,0
True,1.76479804394748,0
True,3.07626191799588,0
True,1.32288108364503,0
True,1.31830236537013,0
True,2.886895908058,0
True,2.34600005550314,0
True,2.57684630604491,0
True,2.71778468280728,0
True,1.79535291647979,0
True,1.86368575887919,0
True,2.34352595391918,0
True,4.18177564216015,0
True,3.69133797812489,0
True,1.92302091222598,0
True,2.48832781722016,0
True,1.66643700101323,0
True,1.29591309929551,0
True,1.41306214632113,0
True,2.66109299185285,0
True,3.00486117302931,0
True,3.35441450850971,0
True,1.67842172120507,0
True,2.59218651898116,0
True,2.49576136043973,0
True,3.77387911740538,0
True,1.19958583187714,0
True,3.69596842140773,0
True,3.76017337352108,0
True,2.72760299528693,0
True,1.80679227972419,0
True,1.45198253280249,0
True,4.51388003093306,0
True,0.623427123958838,0
True,2.36603729069114,0
True,1.33098381014012,0
True,1.28060878510442,0
True,1.79894642083078,0
True,1.78078351305864,0
True,3.07428064929298,0
True,1.25278597868182,0
True,4.182445877825,0
True,2.63651902184198,0
True,1.82735507657927,0
True,1.50230905754435,0
True,1.81060613638978,0
True,2.9582672810103,0
True,0.988693245935277,0
True,1.76248669723293,0
True,1.75287313400641,0
True,1.38101321548539,0
True,3.63168401060966,0
True,1.59161788371202,0
True,2.97837224542074,0
True,1.4779549885176,0
True,3.44994164263136,0
True,1.44661335975145,0
True,1.91545773387644,0
True,1.27989423954407,0
True,3.40188212513188,0
True,1.10071896727506,0
True,2.33291311594956,0
True,1.34669585441694,0
True,1.73445038668091,0
True,2.34560925028566,0
True,2.24539598491246,0
True,1.24485998507009,0
True,1.20664374474256,0
True,0.631891812175471,0
True,2.05061986768767,0
True,2.3678736563291,0
True,1.05494801475777,0
True,0.969594559024069,0
True,1.39978679845353,0
True,1.68874482826145,0
True,1.09960161230344,0
True,0.969121166854923,0
True,2.11090425907466,0
True,2.20280466960519,0
True,1.94442040098009,0
True,2.36266479001114,0
True,2.23027222999014,0
True,3.14075881289118,0
True,2.22014925131035,0
True,1.46215430299474,0
True,2.39265636675933,0
True,2.80674685989731,0
True,1.20891207040462,0
True,1.12797864317025,0
True,2.13426045776092,0
True,2.04428895978586,0
True,2.18041256351691,0
True,3.51428259273885,0
True,1.43595825150256,0
True,1.41125941511778,0
True,0.822655508352688,0
True,1.40800733997186,0
True,2.67129527806545,0
True,1.83034885932197,0
True,2.50836619876713,0
True,1.26180183004238,0
True,2.53267025596836,0
True,1.57054175125705,0
True,3.00740971552483,0
True,2.41473444495567,0
True,1.38834621386041,0
True,1.02183483111478,0
True,2.80111539481267,0
True,0.755057545045535,0
True,2.34379079697833,0
True,2.27068403665411,0
True,2.18094215196781,0
True,2.35798222388366,0
True,1.10875787726033,0
True,2.87727488202156,0
True,3.33952404689366,0
True,1.40162193522777,0
True,1.54657138445211,0
True,1.68971506420107,0
True,1.66789845023512,0
True,1.47709460186284,0
True,1.12606884221309,0
True,2.42670152750226,0
True,1.07340605810179,0
True,1.16294395609382,0
True,2.1254425974366,0
True,2.04321042237615,0
True,2.03389492385535,0
True,2.47294596159504,0
True,3.49268242365186,0
True,2.98376834495353,0
True,2.11118483361067,0
True,2.04445141954159,0
True,2.41860502157298,0
True,1.72773125782494,0
True,1.70292833190198,0
True,2.19990975307809,0
True,0.934721876226183,0
True,1.87021465785447,0
True,0.948689128774793,0
True,1.05144459690523,0
True,2.62237225929253,0
True,1.33273769805422,0
True,1.44234077492116,0
True,0.876271622659234,0
True,1.36082686438566,0
True,2.77475785507054,0
True,2.85934024094346,0
True,2.27724654481507,0
True,2.14003481384699,0
True,3.08308554934564,0
True,1.70263241230511,0
True,1.33980279166253,0
True,2.07626189450543,0
True,1.60391745952173,0
True,1.0735955556242,0
True,1.07078130608618,0
True,2.76935092010731,0
True,1.37432462633732,0
True,1.46955656539576,0
True,1.30925337550107,0
True,1.48576649846078,0
True,0.695701247546843,0
True,2.61246046932661,0
True,2.11750658505216,0
True,1.92560131682522,0
True,2.28310468786583,0
True,3.54758749078185,0
True,2.76210728221464,0
True,1.39486913321516,0
True,0.989129667198327,0
True,0.768443607512058,0
True,2.01641398335681,0
True,1.03642394004061,0
True,3.11306232753307,0
True,0.688120265460604,0
True,3.09447587491653,0
True,1.69512586845531,0
True,1.51929556085104,0
True,3.22346513877442,0
True,1.22852221055356,0
True,3.2920703311277,0
True,1.20703823076549,0
True,0.776548769892711,0
True,1.20591769751861,0
True,2.92511810547617,0
True,2.00106006500926,0
True,1.24189093676945,0
True,1.42780806094542,0
True,1.87063786997304,0
True,1.87102966959627,0
True,0.952700170615306,0
True,1.06209904744205,0
True,2.73277073953121,0
True,1.28973366614758,0
True,1.4770848624563,0
False,0,7.68674564322992E-05
True,1.47801992651618,0
True,1.02809602413248,0
True,1.11373569058431,0
True,3.76328985884165,0
True,2.07221787109368,0
True,0.840855185813543,0
True,0.798720223882322,0
True,2.35703184907806,0
True,2.69738464313513,0
True,2.22677081797473,0
True,4.00193778155916,0
True,1.92798443475929,0
True,1.42912285016133,0
True,2.95749361336255,0
True,2.64918425238013,0
True,1.27111860146484,0
True,0.877324570520615,0
True,1.02250402057512,0
True,2.14829851644926,0
True,1.4294448918014,0
True,2.38630494916281,0
True,2.07464489618791,0
True,1.86822962172809,0
True,1.67957163746774,0
True,2.20800731479403,0
True,1.57943867393527,0
True,3.4527030198863,0
True,2.22138112281251,0
True,0.898552364513059,0
True,3.7330506539472,0
True,2.11768893211739,0
True,1.61681474524943,0
True,1.77632038973825,0
True,1.23024607606645,0
True,1.32269953642446,0
True,0.988932553142872,0
True,1.7177220548001,0
True,1.32080622131789,0
True,1.07714444585863,0
True,1.70357391739677,0
True,1.87785648394863,0
True,1.95225597237571,0
True,2.21693378789516,0
True,2.77170337804072,0
True,1.50333531672818,0
True,1.60856393739716,0
True,3.75235536493024,0
True,0.902172025215772,0
True,2.6619518843019,0
True,2.33566848273165,0
True,1.72651133031059,0
True,1.57060505490812,0
True,2.13501474217999,0
True,3.49855306509543,0
True,3.7085741525267,0
True,1.67760135094796,0
True,2.58045435464984,0
True,2.16370592852605,0
True,1.04308863926757,0
True,1.98549332727726,0
True,2.84178887093228,0
True,1.71988099704055,0
True,1.80813485480095,0
True,1.28321550156809,0
True,1.62951089881273,0
True,1.50604314723428,0
True,2.01409066138984,0
True,0.92063877259056,0
True,1.75695017589216,0
True,0.654196067414053,0
True,2.03698125911021,0
True,1.83791274087492,0
True,4.43741877763013,0
True,3.63167723778234,0
True,1.2217404046856,0
True,2.48355693038671,0
True,0.669576780583887,0
True,4.34334999538347,0
True,1.2107603253351,0
True,1.3037747517203,0
True,1.73898515047053,0
True,2.73289104139299,0
True,1.9598596965023,0
True,0.8805815576192,0
True,1.18577043411192,0
True,2.32080089034087,0
True,2.14797728783321,0
True,1.58044640945297,0
True,1.65578783361689,0
True,1.66588420237199,0
True,2.51681556606881,0
True,3.30978423280691,0
True,2.69082355803675,0
True,2.88465540301348,0
True,1.58453941189644,0
True,3.42063220605848,0
True,2.01713194520748,0
True,1.46302655117067,0
True,2.21317370192792,0
True,2.22745257457844,0
True,2.14814783528231,0
True,2.82701572981636,0
True,2.17120144560455,0
True,0.763196124093737,0
True,1.98217239870771,0
True,1.23361972652988,0
True,2.18448497300091,0
True,0.845122794322964,0
True,3.4151249528369,0
True,2.06350364874124,0
True,1.80755319564978,0
True,1.81163255028715,0
True,1.24794505520854,0
True,1.37359535022439,0
True,4.20587615943376,0
True,3.11356891760996,0
True,1.87091543275004,0
True,1.36943363083245,0
True,2.86178902800192,0
True,3.81553803334595,0
True,3.22053147631506,0
True,1.09514179044513,0
True,1.3514097177894,0
True,2.49983782575077,0
True,0.80988199660488,0
True,0.818350871040153,0
True,0.718808507740743,0
True,1.52297639854423,0
True,2.05896675045537,0
True,1.25152012639464,0
True,0.566903960865047,0
True,2.11047038333007,0
True,1.48136288304667,0
True,3.02701902703411,0
True,2.80103684968577,0
True,1.13149941009162,0
True,0.964276744386996,0
True,1.650791539775,0
True,2.61040195518302,0
True,2.44533640486091,0
True,1.64388145188415,0
True,2.29114456793411,0
True,1.51198700451553,0
True,3.24079099114598,0
True,1.63342493430844,0
True,1.73553830700644,0
True,2.04577222777747,0
True,1.36120703575059,0
True,0.957310037583311,0
True,1.48927701562693,0
True,1.59072867378395,0
True,1.39370158941457,0
True,3.41474037449943,0
True,1.1961989192814,0
True,1.64855927515655,0
True,3.06858787567182,0
True,1.97011118771136,0
True,2.72025935978914,0
True,1.301582870395,0
True,1.80095705712205,0
True,2.13817567075438,0
True,2.39224462204042,0
True,3.24522659785545,0
True,1.68527603042069,0
True,1.92583107591477,0
True,1.7687262126654,0
True,0.849923080393144,0
True,1.77475960101766,0
True,2.08223960996088,0
True,2.81705486870694,0
True,2.44949006081936,0
True,3.56410451139483,0
True,1.04502113368543,0
True,1.27964198383143,0
True,1.88637250099417,0
True,1.37107251271374,0
True,3.75916867153483,0
True,1.19744424186812,0
True,3.03100299096199,0
True,1.82246974629765,0
True,0.894851502571671,0
True,3.03149813423586,0
True,1.61173946192331,0
True,2.09081925195862,0
True,1.88528087559196,0
True,1.17548563108008,0
True,1.36549176095963,0
True,0.718759573792006,0
True,3.89469898226478,0
True,3.8789131885676,0
True,1.83128571276391,0
True,1.23443046692015,0
True,1.65687613017714,0
True,1.25509730568759,0
True,0.851610615605755,0
True,2.40151655875048,0
True,2.56177885760153,0
True,2.34387640861638,0
True,2.56778591532217,0
True,1.85655057227823,0
True,1.80274818213605,0
True,1.27219548965064,0
True,2.37297561435979,0
True,1.100523416792,0
True,1.92851077878203,0
True,2.84306099392411,0
True,1.72422791641701,0
True,2.35050676983864,0
True,0.943898710524582,0
True,1.247278412505,0
True,2.95405674712475,0
True,3.36145207675224,0
True,1.55670691100566,0
True,1.20150015330915,0
True,1.94159708762559,0
True,1.67006656859033,0
True,1.40727405404408,0
True,2.27307169749758,0
True,1.04755831059505,0
True,0.765342319907377,0
True,1.80071965145645,0
True,1.32396249485188,0
True,0.626028418039908,0
True,1.76764505837404,0
True,2.96892622218642,0
True,2.32804473636492,0
True,1.55955240294995,0
True,1.26173758640586,0
True,3.82370219455694,0
True,1.9194672453508,0
True,3.46085198290616,0
True,1.9250802865795,0
True,1.45161456135589,0
True,3.06478357913385,0
True,3.27417319382652,0
True,3.20915208996475,0
True,2.07251082399047,0
True,1.42281417454818,0
True,1.91887061217086,0
True,1.48523640454585,0
True,1.6942737144002,0
True,1.51694463105633,0
True,2.49868178857344,0
True,1.77081137654701,0
True,3.02840707762212,0
True,2.26321279076812,0
True,1.61804819245018,0
True,2.50216999178859,0
True,1.06740899882177,0
True,2.25896349404848,0
True,2.53043000302576,0
True,2.68277026421429,0
True,1.42856952710807,0
True,2.12160905471805,0
True,3.78801681624936,0
True,1.85491044626101,0
True,1.28785257901392,0
True,1.90845494779304,0
True,1.54103932083337,0
True,1.88918609075042,0
True,3.51685655038315,0
True,2.27215924349725,0
True,1.01278409517249,0
True,0.791760850041845,0
True,1.07424729650812,0
True,0.907119631778264,0
True,1.6209110444919,0
True,1.9114182695772,0
True,2.94608681644678,0
True,1.28926761541969,0
True,2.79037617654385,0
True,1.44936438107546,0
True,2.69730414221724,0
True,1.727548109798,0
True,0.935852489827501,0
True,1.97654139072871,0
True,2.08804006335708,0
True,2.14640311691702,0
True,1.18913562238535,0
True,2.94702267349102,0
True,1.21983426631041,0
True,1.18077543749596,0
True,2.82287778266706,0
True,3.07468222372251,0
True,1.98716755124853,0
True,1.29150917829062,0
True,0.372794209840789,0
True,1.90670574793897,0
True,1.40459797637722,0
True,2.0567758273765,0
True,0.761950612639961,0
True,1.11361799807683,0
True,1.73425999562269,0
True,0.836104602926195,0
True,1.58556064426422,0
True,1.24298921195126,0
True,1.05813772724237,0
True,2.84646314893556,0
True,1.63372464254615,0
True,0.857570383720844,0
True,3.41859994761299,0
True,2.19931209905584,0
True,1.38921917631723,0
True,1.41518634561237,0
True,1.01849515681419,0
True,1.76577757478511,0
True,1.12854738657686,0
True,0.71349455130665,0
True,1.26475054460778,0
True,2.60296504118465,0
True,1.44839993292708,0
True,1.59447785703664,0
True,1.69195720569875,0
True,0.95911728242163,0
True,2.86988470000906,0
True,3.09460131367154,0
True,2.31972087404223,0
True,2.60886665959614,0
True,1.39718901953726,0
True,1.27733341108526,0
True,1.3475554935014,0
True,1.50358332190182,0
True,1.95557190098197,0
True,1.49365937175736,0
True,1.70472426209897,0
True,2.4873256680694,0
True,2.20878054294689,0
True,2.5880747649801,0
True,3.4649646139385,0
True,2.27481566492044,0
True,2.37746540059037,0
True,2.57311783400168,0
True,1.63742436017194,0
True,3.68180316875256,0
True,1.93408053485491,0
True,1.81515978825242,0
True,1.32738960811424,0
True,1.26012930375079,0
True,0.965986291375828,0
True,2.04248194956179,0
True,2.46603322544735,0
True,1.87079873739132,0
True,1.02335687842238,0
True,2.87326098504052,0
True,2.16523154439133,0
True,1.09237810711815,0
True,1.03668420723755,0
True,1.26017823191903,0
True,1.63569533837531,0
True,2.84060312870491,0
True,2.21088177799051,0
True,1.78121493820835,0
True,1.81906260419947,0
True,0.904357739230285,0
True,1.32721663988988,0
True,0.849264144620485,0
True,1.40843433167922,0
True,1.825588754691,0
True,0.693777781573936,0
True,2.29202770868655,0
True,1.22345723332708,0
True,1.46188557510075,0
True,1.76484598206391,0
True,1.93482490623953,0
True,3.71589733569788,0
True,3.08666915985507,0
True,1.36375832494436,0
True,4.11051677876624,0
True,1.2928552962547,0
True,1.5271014502673,0
True,1.74217701894366,0
True,1.52272093068076,0
True,1.51044707704918,0
True,1.70960607333283,0
True,1.23794334248201,0
True,0.877280461952596,0
True,1.07287291148257,0
True,1.70009392879061,0
True,1.78565458977171,0
True,1.61228965837976,0
True,1.67223779871719,0
True,3.53055623484749,0
True,1.70900568327861,0
True,1.17206423850838,0
True,1.37609355171618,0
True,1.93442533954047,0
True,1.59725320107121,0
True,2.4208677698709,0
True,1.29715143939261,0
True,1.86174256652296,0
True,1.85484612801932,0
True,1.06192224379462,0
True,2.26098395948071,0
True,0.845392112124316,0
True,1.76953738715201,0
True,1.62505464715267,0
True,2.10030826425281,0
True,2.61668851678132,0
True,1.81791867621879,0
True,3.07807463704909,0
True,3.36522249203017,0
True,2.77571502159098,0
True,1.59231899740102,0
True,1.76462129159181,0
True,1.51746338796627,0
True,1.85248177954846,0
True,1.22383240483131,0
True,1.50642436991086,0
True,1.33424429744436,0
True,3.34070352356017,0
True,2.03724928650088,0
True,0.781318972870252,0
True,2.84815850487862,0
True,1.54624622335449,0
True,1.35656772074495,0
True,1.37488365875463,0
True,1.29697830495575,0
True,0.856783644503585,0
True,1.19575603170751,0
True,1.34494727332573,0
True,3.18289479289938,0
True,4.2069404768284,0
True,2.6484773657131,0
True,2.56006514531873,0
True,1.67051445646998,0
True,0.835348264207275,0
True,1.0860257098519,0
True,1.20641824492482,0
True,3.68115891721761,0
True,1.37725303726382,0
True,1.88169340314683,0
True,2.47895908258772,0
True,1.72878009877924,0
True,1.53408092652379,0
True,2.92320851992435,0
True,1.15513314172106,0
True,1.78477227628681,0
True,1.05936754016123,0
True,1.02342716503024,0
True,1.37643463307279,0
True,1.13804733478427,0
True,0.769684443989887,0
True,1.57657657007463,0
True,2.11690181747999,0
True,1.11180909467016,0
True,1.74548657866483,0
True,3.57582505841473,0
True,2.64555659050579,0
True,2.55713927311151,0
True,1.69518458293754,0
True,1.36256355247145,0
True,0.974615446365888,0
True,2.24534941104331,0
True,2.65482834260482,0
True,1.08006731678167,0
True,1.33506679670971,0
True,2.22146488485559,0
True,2.26079488121674,0
True,0.500682496064767,0
True,2.13585477086519,0
True,1.59365226736498,0
True,2.55691532579343,0
True,3.9695065469837,0
True,1.30432406139275,0
True,2.87622988338968,0
True,1.64331128911109,0
True,1.86122484388557,0
True,2.45164298782797,0
True,1.6434067167766,0
True,1.25454323860624,0
True,2.30806452904215,0
True,1.73204222766964,0
True,1.35166752815344,0
True,0.993133265955569,0
True,0.719722431494862,0
True,2.83984279797991,0
True,0.772900475566535,0
True,1.1305296010634,0
True,0.598618187636319,0
True,1.69221564248831,0
True,1.38285931428724,0
True,2.88379174310211,0
True,1.80796531456595,0
True,1.14980628725704,0
True,2.10642500318059,0
True,3.34623363616152,0
True,2.34858843008122,0
True,2.40931781242565,0
True,3.2034727824218,0
True,2.46261584820284,0
True,1.32130148145446,0
True,0.965297603967441,0
True,0.939218252797553,0
True,2.31937091336146,0
True,1.35912385990066,0
True,1.89308279010428,0
True,1.21525641784811,0
True,1.65256788558605,0
True,2.19178760925598,0
True,1.93650175286828,0
True,1.6725491889792,0
True,1.80215071485086,0
True,2.19770265861223,0
True,2.65847759358242,0
True,2.90097543073424,0
True,2.64740929817988,0
True,1.47729441918191,0
True,1.24760806522265,0
True,1.88388212111466,0
True,2.02510768365265,0
True,1.44220213991608,0
True,3.01728877245969,0
True,1.29680450058235,0
True,2.06313664437737,0
True,1.3501134639632,0
True,0.859413661680464,0
True,2.70354417515042,0
True,1.96615263371403,0
True,1.98911864678394,0
True,2.829938581843,0
True,2.12119565806475,0
True,1.34525496082284,0
True,0.945407663466397,0
True,2.85485645200442,0
True,2.09757691393857,0
True,2.51906045917958,0
True,1.98761427070325,0
True,2.74081581834057,0
True,2.48830900034168,0
True,2.45957051885664,0
True,2.22977086767872,0
True,2.64825075186821,0
True,1.33402745840032,0
True,1.75909857651688,0
True,2.29879569580301,0
True,2.75473238916096,0
True,2.36097739553591,0
True,3.06257597086483,0
True,2.47991604369342,0
True,2.18446825726345,0
True,1.55323627367252,0
True,0.970076112774112,0
True,1.97306834304722,0
True,2.34600620736245,0
True,0.781853783103213,0
True,1.21843098928167,0
True,3.96276713584095,0
True,1.13213431393208,0
True,1.35877667753953,0
True,3.24569866847579,0
True,1.12666900006814,0
True,3.47885949604482,0
True,1.45391046156733,0
True,1.13635497105201,0
True,1.50658975685419,0
True,2.09011183025787,0
True,1.68014091982635,0
True,2.99117242355402,0
True,3.06591938637277,0
True,2.71639234629483,0
True,1.4657942973119,0
True,1.06737000688525,0
True,0.784995733582431,0
True,0.972962575483949,0
True,1.87300947483883,0
True,0.956212524719999,0
True,1.39908595349286,0
True,1.00826840124508,0
True,1.58758418740683,0
True,2.17113778086774,0
True,3.87780331963371,0
True,1.22471351288655,0
True,2.57774287173712,0
True,2.37581585339231,0
True,2.67349578202697,0
True,2.33317363534311,0
True,1.61947958330551,0
True,1.98541064112371,0
True,1.22486459905666,0
True,2.05586389912896,0
True,2.1736154847124,0
True,2.02052242259579,0
True,1.33867916948174,0
True,3.08144010395452,0
True,1.1215899614254,0
True,1.7181267701098,0
True,2.10735502062037,0
True,1.25893506627636,0
True,1.02381557172219,0
True,1.07220067038115,0
True,2.70760139022944,0
True,2.61757650638875,0
True,1.64449735013646,0
True,1.7036117954167,0
True,2.5016116534996,0
True,1.14395684026166,0
True,2.21182344712005,0
True,2.13541056788977,0
True,2.90825635463171,0
True,1.38540644222159,0
True,0.821676760032361,0
True,1.42853966847557,0
True,1.44779945880979,0
True,0.826115401488393,0
True,1.16371011677689,0
True,2.43253995372361,0
True,1.99472232700056,0
True,0.995262771867259,0
True,1.02327319788362,0
True,1.11183256838978,0
True,2.13119100992196,0
True,1.76996934002882,0
True,1.50824069673873,0
True,3.14165576322239,0
True,3.75540311522111,0
True,1.25732606460866,0
True,2.11543514247629,0
True,1.36174691246491,0
True,1.80398095940254,0
True,0.991873079619878,0
True,1.70513405083882,0
True,0.70997275152357,0
True,4.16858518663094,0
True,1.7026012412366,0
True,1.04082608896769,0
True,2.79296921619573,0
True,0.990366852370658,0
True,1.40251750064325,0
True,1.21727514060817,0
True,1.51358638133313,0
True,0.954629598865135,0
True,0.834274871434764,0
True,3.66781514358878,0
True,1.61761964284401,0
True,1.71093338829512,0
True,2.08190371103104,0
True,2.6138497157192,0
True,2.16996763580679,0
True,2.50909063291024,0
True,0.978126464814013,0
True,1.13203550771676,0
True,2.37922779383243,0
True,1.14911366673283,0
True,2.2657522912056,0
True,2.14131207407593,0
True,1.24379654593232,0
True,2.76050344483626,0
True,2.27204447543153,0
True,1.48233979240288,0
True,1.01562209088902,0
True,3.0640331409096,0
True,2.25158826548471,0
True,1.77592741338696,0
True,1.64941771951955,0
True,1.7747496571157,0
True,0.95257165114019,0
True,2.00084156518344,0
True,3.89620860437912,0
True,2.54662103100959,0
True,1.10448846412112,0
True,2.02248563063822,0
True,2.78019389491232,0
True,2.9790871630403,0
True,3.10014028444149,0
True,1.86833949699857,0
True,1.66553659984773,0
True,1.63543406215404,0
True,0.968938604102086,0
True,1.32917773823106,0
True,2.13251557588189,0
True,1.4772471171822,0
True,2.72614057576012,0
True,3.68219301324572,0
True,2.03754339335376,0
True,0.720511661328413,0
True,1.51960600660214,0
True,2.912086627235,0
True,2.14804539277492,0
True,1.66022372303251,0
True,1.41540656789293,0
True,1.3027399998008,0
True,1.80315854197567,0
True,1.22323829645209,0
True,2.66497374582891,0
True,1.78453600162389,0
True,2.67124189956802,0
True,1.70580086879659,0
True,1.85946681110214,0
True,2.41616982418364,0
True,1.36246524094365,0
True,2.19649194635637,0
True,1.63901706460932,0
True,2.47680028217661,0
True,2.24878645681789,0
True,1.86124867218623,0
True,1.10237731576825,0
True,1.04589762783022,0
True,1.70422783296659,0
True,1.05236832743177,0
True,2.87549567780059,0
True,1.33311507529506,0
True,1.88494752660347,0
True,1.63667745565216,0
True,2.35365967463716,0
True,3.21499874174512,0
True,2.99698619306852,0
True,2.67777582735801,0
True,2.06791161426713,0
True,0.617139816864208,0
True,1.20902008505518,0
True,0.635143388581532,0
True,3.49078034976002,0
True,2.64503438041556,0
True,1.38088621037732,0
True,1.17641876201967,0
True,0.971319538647652,0
True,1.60353304887396,0
True,1.45366164097131,0
True,1.63841495748149,0
True,1.18348740843624,0
True,0.694513660270994,0
True,2.02384844583721,0
True,1.97809242411102,0
True,2.60305157738679,0
True,2.74562340994478,0
True,1.88164757948381,0
True,1.58745560034994,0
True,1.53907448115184,0
True,2.7325087908795,0
True,1.69238983781978,0
True,2.23045246683393,0
True,2.65564397711945,0
True,0.953605074975168,0
True,1.55479082701298,0
True,1.95002078925244,0
True,1.56350057393053,0
True,1.87565881067042,0
True,2.41060073145763,0
True,4.25024724923669,0
True,1.3096102122568,0
True,3.13227900942284,0
True,2.66210245032454,0
True,1.15760030477338,0
True,2.39371332085493,0
True,1.259549321824,0
True,1.48206421961066,0
True,2.617054155807,0
True,1.51984742018491,0
True,1.98945462947498,0
True,2.05110363448845,0
True,1.62369014562309,0
True,2.58650439786543,0
True,0.844413489576534,0
True,3.42976840314022,0
True,2.50161560257952,0
True,0.674842699933258,0
True,1.58745993683575,0
True,1.73646034214349,0
True,2.82423110114298,0
True,1.03997939871629,0
True,2.21080885126699,0
True,1.24924918021341,0
True,2.14406543020139,0
True,0.760146080398589,0
True,1.96427060700248,0
True,1.7242181979154,0
True,2.15390331167935,0
True,1.50347912671959,0
True,2.52943421852392,0
True,1.58600370881117,0
True,1.69768484505436,0
True,1.93469979177413,0
True,0.686621985945364,0
True,2.39163259719201,0
True,1.74722707894284,0
True,2.09273406294639,0
True,2.50917948166335,0
True,1.81133412824075,0
True,1.23182617684595,0
True,2.35448256556111,0
True,2.94583528314171,0
True,2.95358733563395,0
True,1.44728872889404,0
True,3.69079809200563,0
True,2.29710586028041,0
True,0.837794297944672,0
True,1.01476617198363,0
True,0.969079769470689,0
True,1.01048556942144,0
True,0.931157758230382,0
True,1.8082406059523,0
True,1.62473571205493,0
True,1.26870159676011,0
True,1.85965315549147,0
True,1.47504368152658,0
True,1.54619791609009,0
True,1.61976259334805,0
True,1.36716852643734,0
True,2.89940545074121,0
True,1.15311648402803,0
True,1.45801676980577,0
True,1.24768305931183,0
True,1.69023161506758,0
True,3.63887533983415,0
True,2.31009730318748,0
True,0.891585320259232,0
True,1.33950541139047,0
True,2.65693584079762,0
True,1.5294822609227,0
True,0.869901624676776,0
True,1.8166704201065,0
True,1.54035323350039,0
True,1.3527946498164,0
True,2.84324543771327,0
True,1.51927305963793,0
True,1.80561609012797,0
True,2.035922469888,0
True,3.04398313114454,0
True,1.05928200280093,0
True,0.87293940608216,0
True,2.98532593572413,0
True,3.48651121417445,0
True,2.2838099615944,0
True,1.83541322074538,0
True,1.78237721884142,0
True,0.771557337352306,0
True,1.96849906723126,0
True,1.93399355451555,0
True,1.81566402260212,0
True,3.96025592753002,0
True,1.61762378426265,0
True,1.33801188666387,0
True,2.30011241734915,0
True,1.21362264681299,0
True,1.00871264966368,0
True,3.0182668548759,0
True,3.10229756921678,0
True,2.97013512821397,0
True,1.0624541469958,0
True,2.79957686347334,0
True,2.14604316978456,0
True,1.24149120263123,0
True,1.28788479183771,0
True,1.21712726095078,0
True,1.36110860883501,0
True,1.78176978919909,0
True,2.05573636818989,0
True,2.26503914809572,0
True,2.08950218830786,0
True,1.0688364311993,0
True,0.847691869578655,0
True,2.3316806359909,0
True,1.24956530436703,0
True,1.87438872292364,0
True,1.34792293949499,0
True,2.96634592232053,0
True,2.13152600303932,0
True,3.29481064925565,0
True,2.61883139462056,0
True,1.7057625828386,0
True,3.35917490284645,0
True,1.84866550703622,0
True,0.701585404004305,0
True,1.73068639341191,0
True,2.5813684034996,0
True,2.15248003057986,0
True,2.71729383846589,0
True,1.65962533032511,0
True,3.11547676607944,0
True,2.10720889996857,0
True,1.53257778993391,0
True,0.995708010943105,0
True,0.951999671762691,0
True,2.00984818409763,0
True,1.87230498395572,0
True,2.1905336471667,0
True,1.4090768880382,0
True,1.93002044081684,0
True,3.7663216616524,0
True,0.626629650551893,0
True,1.51657933360996,0
True,1.39602132744622,0
True,0.728302630896838,0
True,0.8272651685812,0
True,0.733464595477699,0
True,1.63107626907923,0
True,1.13452484059974,0
True,2.31794970896625,0
True,1.975328272217,0
True,1.84549756693296,0
True,2.73484017896715,0
True,1.71265632443727,0
True,2.27640412697861,0
True,1.03983697773227,0
True,1.95083410050052,0
True,2.24312797747053,0
True,1.57177097302327,0
True,4.15670078272775,0
True,2.33023303080826,0
True,1.08862826226949,0
True,1.18787758044414,0
True,0.831263864232878,0
True,1.8960158182423,0
True,2.46322587724995,0
True,1.097338047746,0
True,3.13605521125501,0
True,1.00700526167477,0
True,3.02521309900545,0
True,3.81745527215713,0
True,2.16110200569898,0
True,1.784600989087,0
True,3.73201075731144,0
True,2.1221802237049,0
True,1.09923534932914,0
True,1.39813838225082,0
True,0.994233799673039,0
True,2.89555959568171,0
True,1.72044649864235,0
True,2.13455319052814,0
True,1.84829811709318,0
True,3.47921040053168,0
True,1.96914159889765,0
True,1.44271150537237,0
True,1.58362203386381,0
True,1.42265168516624,0
True,1.65569852245285,0
True,1.41195987838484,0
True,1.14032688604776,0
True,2.32098068094104,0
True,1.78819524962855,0
True,1.6400987724324,0
True,1.3731194690687,0
True,1.71309754736993,0
True,1.3936370187296,0
True,1.30733755433467,0
True,0.892349201234124,0
True,1.65006746520334,0
True,0.90777513526725,0
True,2.75668236965891,0
True,2.59645522147518,0
True,0.770997634889726,0
True,1.96270741176672,0
True,1.26466955534339,0
True,1.19310810851105,0
True,1.78859975883391,0
True,2.6703928509532,0
True,1.91336606474838,0
True,0.825127337735116,0
True,2.49028468785932,0
True,1.55509380654328,0
True,1.41650897738823,0
True,0.763150926637674,0
True,2.26570183521388,0
True,0.879750514198312,0
True,0.808003077736043,0
True,0.923941015172993,0
True,1.74091898439983,0
True,1.95849039318537,0
True,1.51011522306254,0
True,3.64241712594086,0
True,1.94352188183754,0
True,2.01412419088351,0
True,1.11990005951074,0
True,2.16847929829238,0
True,4.3308176885626,0
True,1.82036279442962,0
True,1.71157436287818,0
True,2.04293933866425,0
True,2.15561413211418,0
True,4.14038664248646,0
True,1.9766079298831,0
True,2.22751426923802,0
True,2.05394876533722,0
True,2.39652020796481,0
True,3.10869254543226,0
True,2.52384202588802,0
True,3.39448076216876,0
True,1.81447621481168,0
True,1.25755340397833,0
True,1.11577543666625,0
True,1.54996113530923,0
True,1.75511463603944,0
True,1.46284383102738,0
True,3.3650038368837,0
True,2.26185720767077,0
True,0.841538188025496,0
True,1.23894361839308,0
True,1.86519491992792,0
True,3.48503630810172,0
True,1.71279538484133,0
True,1.53844983481513,0
True,1.44585678439268,0
True,1.77684937522347,0
True,1.34364253033363,0
True,2.60629234055534,0
True,0.871846365806628,0
True,1.60922033757574,0
True,1.41679974763966,0
True,1.0455698047933,0
True,1.59190327354926,0
True,1.54403662370158,0
True,1.39627929797347,0
True,2.75991398381211,0
True,2.69724949183942,0
True,1.06175529928706,0
True,4.13309479370218,0
True,4.45686520502457,0
True,1.67546898604836,0
True,1.16241876548024,0
True,2.7169037884974,0
True,1.99033320181581,0
True,2.30028197032898,0
True,0.948113943362802,0
True,3.05313061708979,0
True,1.35204577390745,0
True,2.54477686615786,0
True,1.94401766131341,0
True,1.5204046793357,0
True,1.7759272371637,0
True,3.89557019168961,0
True,1.99942047834749,0
True,1.28015602735467,0
True,2.35920028398934,0
True,1.82495525193011,0
True,1.69513102674402,0
True,1.68826909663473,0
True,2.11467820243957,0
True,1.33230709254171,0
True,1.10682560959126,0
True,1.59214034381092,0
True,2.45116849326841,0
True,1.0236189610916,0
True,1.00975626166394,0
True,1.70560876838491,0
True,1.4160743856114,0
True,2.9343916076985,0
True,0.93937562438775,0
True,0.884408370983403,0
True,1.63568265614617,0
True,1.53419839035069,0
True,4.45052804895509,0
True,2.18720650102113,0
True,1.05452444536975,0
True,1.64834173398706,0
True,1.70903030821586,0
True,2.2412526830624,0
True,1.25934409441055,0
True,0.590554665374845,0
True,1.81420435450601,0
True,2.9219758674984,0
True,1.7120221861381,0
True,1.75236916365002,0
True,1.49238895022493,0
True,0.931916533441161,0
True,1.38060218522436,0
True,1.86062818443394,0
True,2.20169990934038,0
True,0.923192239079937,0
True,1.14319002749351,0
True,4.34927563817088,0
True,1.02067387464689,0
True,0.922402118889026,0
True,0.703934920622241,0
True,1.19579071156774,0
True,1.63142426607753,0
True,1.95842167690033,0
True,1.04238886215327,0
True,3.49973940385007,0
True,0.688903390000146,0
True,0.943610320031066,0
True,0.930029682270821,0
True,1.85028077699043,0
True,1.19452038928974,0
True,1.82762319778289,0
True,1.04318146236312,0
True,1.3479943316952,0
True,2.54985484219046,0
True,1.25813251248775,0
True,3.9921482060965,0
True,0.993600884459768,0
True,2.35595946461984,0
True,1.39747138293273,0
True,4.24477674751457,0
True,2.32994213315816,0
True,1.34046682264359,0
True,1.96897414298269,0
True,1.99559465292595,0
True,1.26867920693636,0
True,0.812980502380822,0
True,1.15455139524723,0
True,2.17980608725255,0
True,4.02024363224472,0
True,4.15456766124312,0
True,1.74849744502392,0
True,0.861257626053732,0
True,0.802352816988585,0
True,2.42030190023057,0
True,3.15620606614273,0
True,2.35325479691374,0
True,1.15314085461136,0
True,2.32115407353721,0
True,2.71247006742282,0
True,2.70720498591138,0
True,2.04990173207869,0
True,1.38900732753461,0
True,1.35102699743395,0
True,1.50759631682223,0
True,1.39629406131678,0
True,0.973740984937749,0
True,1.86209001509885,0
True,0.881241042565807,0
True,1.02426863191717,0
True,1.83742675032684,0
True,2.96116713415301,0
True,2.39065491488639,0
True,1.64637886373852,0
True,2.0266362702346,0
True,1.75167280543097,0
True,2.0263792782489,0
True,1.32955415740956,0
True,1.70244576237758,0
True,1.70562472793841,0
True,0.98710177456953,0
True,2.2821019327436,0
True,1.42402598447156,0
True,0.694403865568605,0
True,1.5058835120767,0
True,1.71293125619605,0
True,1.6511537615304,0
True,1.55186840868053,0
True,2.20767962125997,0
True,2.08462425143317,0
True,1.13887556614902,0
True,1.46492203568472,0
True,1.99908751101211,0
True,3.51815823278269,0
True,1.59386747881034,0
True,1.60199416825399,0
True,1.1269282285802,0
True,3.74128728583987,0
True,2.42564675807347,0
True,0.805869003225282,0
True,2.59769435875954,0
True,1.38261082889141,0
True,3.06201570564677,0
True,2.2858009168026,0
True,4.01011421983473,0
True,1.61079450917516,0
True,2.77662619134992,0
True,1.66911870376659,0
True,2.35822302537382,0
True,1.68649185439325,0
True,2.06281597821389,0
True,1.8132873956461,0
True,1.67169576064628,0
True,1.14162089996969,0
True,1.79955987874427,0
True,2.86837121188194,0
True,1.63144652770017,0
True,1.48501477100464,0
True,2.44899001947912,0
True,1.73580406927086,0
True,1.82578703395074,0
True,2.49118725101791,0
True,1.43536191935045,0
True,3.0280975316335,0
True,0.534359928941233,0
True,1.22364915735925,0
True,1.61600294996594,0
True,2.84452343635035,0
True,1.34501949499649,0
True,0.72218280787848,0
True,2.03792512657364,0
True,1.38454943698158,0
True,3.2739221269847,0
True,1.60184897785724,0
True,2.09229355282092,0
True,1.54307023418103,0
True,1.49348029151909,0
True,2.09212199892476,0
True,2.22295163348017,0
True,2.4610316641902,0
True,1.17590089543428,0
True,1.41569779253288,0
True,3.24140940761416,0
True,1.74017286601227,0
True,1.56013748720496,0
True,0.910796899093843,0
True,1.65395634723101,0
True,1.55316260187,0
True,0.871460008817788,0
True,2.37465707969793,0
True,1.34269859892856,0
True,2.44258346618293,0
True,1.60029150082188,0
True,3.36261318738656,0
True,1.22966481263904,0
True,1.69528896098697,0
True,1.17451949698453,0
True,2.25793155693937,0
True,1.15099153488946,0
True,1.22703425379455,0
True,1.3219389903066,0
True,2.6711942482017,0
True,1.4191273356228,0
True,1.79287740660137,0
True,4.23795007475811,0
True,1.53911048081749,0
True,0.987688495252506,0
True,2.3488331992807,0
True,1.95547324505096,0
True,1.53678960668437,0
True,0.921555479138524,0
True,1.98985922306793,0
True,1.96240232296941,0
True,1.80992393837548,0
True,1.22713524001464,0
True,1.76654148402631,0
True,1.73601181132756,0
True,2.03654261581584,0
False,0,0.000112980240393442
True,1.3985819441844,0
True,2.68597229923244,0
True,2.92784419851082,0
True,1.13678506046391,0
True,3.01936602202949,0
True,2.45540624457454,0
True,1.42374707502973,0
True,0.872189968695132,0
True,4.4816259242971,0
True,2.44120894604937,0
True,1.05964980030577,0
True,1.62645094081986,0
True,1.87878208988551,0
True,1.38971679314395,0
True,0.748794758452451,0
True,1.48136308045514,0
True,1.05951955807102,0
True,4.0314997939952,0
True,1.5318218281055,0
True,1.26527665280077,0
True,3.69907052591704,0
True,1.03856887936859,0
True,2.60905086375136,0
True,0.479000238023451,0
True,3.23493581280106,0
True,3.55586059191212,0
True,0.79987208342654,0
True,1.14720386749361,0
True,1.54536743958617,0
True,2.17440647096717,0
True,1.42114955728608,0
True,2.55438314586893,0
True,2.02365055850474,0
True,1.82611726170776,0
True,1.3637596518433,0
True,0.869599353178894,0
True,1.81235692512328,0
True,1.86277005946943,0
True,2.34957511618262,0
True,1.053099942641,0
True,2.31614523180158,0
True,2.10480109475823,0
True,1.06037955856688,0
True,0.934934103316852,0
True,1.49539555489661,0
True,1.93267598596043,0
True,1.5694531637931,0
True,1.47634301471831,0
True,1.60378896800623,0
True,1.28566978002835,0
True,1.18917272241222,0
True,2.92231648453067,0
True,2.42369092484555,0
True,3.37613860466961,0
True,2.40969194454931,0
True,1.77287763482902,0
True,0.684918705313619,0
True,1.04301872918012,0
True,1.47078346957158,0
True,1.17300402678475,0
True,1.78951466594111,0
True,1.90665903484628,0
True,2.45341695384516,0
True,1.52504571882509,0
True,1.1764671020054,0
True,3.28818789057794,0
True,3.99425673605009,0
True,2.8822840576123,0
True,2.16575768499262,0
True,2.21197690465077,0
True,1.70755979277621,0
True,1.68288290712493,0
True,1.84711381681671,0
True,1.60126616793479,0
True,0.61163395086597,0
True,1.66552648836694,0
True,2.58024827966678,0
True,1.99941387816073,0
True,1.44574441728312,0
True,2.06872860300491,0
True,1.72284185366881,0
True,2.34433006012193,0
True,2.22903535510562,0
True,1.31039021079595,0
True,2.03979856334777,0
True,1.73329604776302,0
True,1.00721224101221,0
True,0.749258396783659,0
True,2.1137253894372,0
True,1.3076899804222,0
True,3.52490799231484,0
True,1.2981796892407,0
True,2.02942883709088,0
True,1.67886435040702,0
True,2.23760435175319,0
True,1.39948049265854,0
True,1.78992728072394,0
True,1.26939924877217,0
True,0.991198661897051,0
True,1.98588534740126,0
True,0.910731807941955,0
True,2.17118797164874,0
True,3.78855376986818,0
True,0.917299312302993,0
True,1.62878385520115,0
True,0.913731602941654,0
True,1.76014833806814,0
True,2.83026975604781,0
True,2.95048726754279,0
True,3.22406573760109,0
True,1.80201880921518,0
True,1.05349165755833,0
True,1.52062018690794,0
True,1.6336260536744,0
True,0.9780111123052,0
True,1.50670334008094,0
True,2.23377171781398,0
True,2.34444702246973,0
True,4.05593996857963,0
True,1.20468727846779,0
True,2.87531916679872,0
True,2.92515377783854,0
True,2.06406917054701,0
True,1.93146374594894,0
True,2.0022995314552,0
True,1.24699751846122,0
True,3.49913664036297,0
True,4.00353948026903,0
True,0.869977011456045,0
True,3.71152881015363,0
True,2.02874415868644,0
True,2.12029692802881,0
True,2.34410013509524,0
True,1.42636513166863,0
True,2.23924320730922,0
True,2.08617077416909,0
True,4.13803427660528,0
True,2.12299103300607,0
True,1.1791984410906,0
True,0.688425475914284,0
True,1.10348267675251,0
True,1.05975081359136,0
True,1.25323815470156,0
True,2.48548557033959,0
True,3.61240059736116,0
True,2.29701336252543,0
True,2.54575933823948,0
True,1.4365632921135,0
True,3.20014473899805,0
True,1.95345593216571,0
True,1.35603179805765,0
True,1.49315419045856,0
True,1.97747708423944,0
True,2.29578542353415,0
True,2.39603931355829,0
True,1.91480287212012,0
True,1.73250493947754,0
True,1.83660936220579,0
True,2.58045898316857,0
True,2.22792814521031,0
True,0.900114427662857,0
True,1.17245321922399,0
True,2.16994141936604,0
True,2.08589060105762,0
True,2.28576001566435,0
True,1.09772175632206,0
True,1.53583678877316,0
True,0.810305224207778,0
True,2.5406957069776,0
True,0.955024959794891,0
True,1.67712863282795,0
True,0.873131733568391,0
True,2.08362895856303,0
True,3.70903117771999,0
True,2.16674720735005,0
True,2.61714501570286,0
True,0.565842370874634,0
True,1.52183872099364,0
True,2.08768784508595,0
True,1.29480629144449,0
True,2.5468457680971,0
True,1.14135142425545,0
True,1.51575639857922,0
True,1.25133808112581,0
True,2.4147408995335,0
True,2.51839888844067,0
True,2.04590643155248,0
True,2.24350909301856,0
True,2.25416346717745,0
True,1.55198449934941,0
True,1.82063176716222,0
True,3.79182534325431,0
True,3.09804681198067,0
True,1.41862184606622,0
True,1.3327763443794,0
True,2.81917383618526,0
True,1.14811633553415,0
True,2.41918837793172,0
True,2.14532797231963,0
True,0.797130947045496,0
True,1.32787247513117,0
True,1.18670336037647,0
True,0.939338901753589,0
True,1.27631239325645,0
True,2.29145928914055,0
True,1.05787966428535,0
True,1.4525632423726,0
True,0.992839343395975,0
True,1.47835503250033,0
True,2.6849653366365,0
True,1.89660382628164,0
True,2.78748909377961,0
True,1.85850663649936,0
True,2.1977830282978,0
True,1.31052649562319,0
True,1.60400318321875,0
True,2.14726215481513,0
True,2.83146708065788,0
True,1.70654815660078,0
True,1.49576602268391,0
True,1.14033844296895,0
True,1.43029983584961,0
True,0.718342601686083,0
True,2.01872525390087,0
True,2.1134160103977,0
True,2.58819158568203,0
True,3.8257762430493,0
True,1.55039183678713,0
True,2.5866337007144,0
True,2.08119918285592,0
True,1.79214346611113,0
True,1.52022687450074,0
True,1.36295553832707,0
True,1.4140335045109,0
True,1.91891922882767,0
True,2.68706535602003,0
True,2.97567974897034,0
True,0.880191828858181,0
True,1.00289145997236,0
True,2.57557226391204,0
True,2.24869296717835,0
True,1.55727653897418,0
True,2.46416718626034,0
True,1.63189829175895,0
True,1.0152175450188,0
True,0.833279095996098,0
True,1.39931340925736,0
True,2.16595637381406,0
True,4.10401666111971,0
True,3.01007902649887,0
True,2.10692762718608,0
True,1.94968181893395,0
True,0.970868634070753,0
True,2.01095977990653,0
True,2.55218788648045,0
True,2.72235046715212,0
True,2.50773535788477,0
True,2.58716057028028,0
True,1.78719551652551,0
True,0.95144168857678,0
True,1.42098516661214,0
True,1.0335242523512,0
True,1.64355991271026,0
True,1.22413710150906,0
True,0.772285112318702,0
True,3.64745545405652,0
True,1.92795522068247,0
True,3.40956370473695,0
True,1.37706292787111,0
True,2.05889515729409,0
True,1.47280466081901,0
True,1.69265919275971,0
True,1.20675526814834,0
True,1.13620175818656,0
True,3.07206213923289,0
True,1.02738575424943,0
True,2.08688286572684,0
True,1.49989754785909,0
True,1.86547004146394,0
True,2.02275729264372,0
True,2.35635205766272,0
True,1.84031599612535,0
True,1.92366726557259,0
True,2.19509390567763,0
True,0.757967006908211,0
True,0.883096746588707,0
True,0.968163469847592,0
True,1.88794048785355,0
True,2.79259427615047,0
True,1.7094976681727,0
True,2.06910503759585,0
True,2.47663094962069,0
True,3.44237601444535,0
True,3.71852570982896,0
True,3.16176041149485,0
True,2.1511324777599,0
True,1.08891111576521,0
True,1.00699612404873,0
True,1.65334664556185,0
True,2.65649287594799,0
True,1.6869103637013,0
True,0.972934087251671,0
True,1.6329276250177,0
True,2.16898346559976,0
True,1.71553019839111,0
True,1.4072744774965,0
True,1.44129742700206,0
True,2.42056419647189,0
True,1.96452473589618,0
True,0.726736895802029,0
True,1.95673632289042,0
True,2.19729735795299,0
True,1.45013275377848,0
True,1.32916174494123,0
True,1.07644322353355,0
True,1.46385248058816,0
True,2.76168716717561,0
True,1.71174053642619,0
True,2.03489656709006,0
True,2.62781528315756,0
True,1.31170496538755,0
True,1.7000002534428,0
True,3.20270081103674,0
True,1.578495605781,0
True,1.55821114611105,0
True,2.83113056902746,0
True,1.34845424917605,0
True,1.94840353951117,0
True,4.12877124074774,0
True,3.20577252634917,0
True,1.15387193744493,0
True,3.22832153735971,0
True,2.27490901898374,0
True,3.54187453717584,0
True,2.40961036245357,0
True,1.47018438671746,0
True,2.78345178697647,0
True,1.15240975121538,0
True,3.96305042883491,0
True,3.4399519127614,0
True,1.19872669507421,0
True,2.49307087232311,0
True,2.07017140569035,0
True,1.16524251088328,0
True,1.15343868135159,0
True,2.37244762785693,0
True,2.22491859072801,0
True,0.60641019686635,0
True,1.54843514721652,0
True,2.43814703057758,0
True,2.51365718174637,0
True,1.99449908349761,0
True,1.06769755220746,0
True,2.50935381370096,0
True,3.86521703648192,0
True,1.49021514463105,0
True,1.99941824917851,0
True,1.92614601681622,0
True,3.24408533249529,0
True,2.49450928017925,0
True,1.67094463235116,0
True,1.32091030526887,0
True,1.87580058923009,0
True,1.80584124271934,0
True,1.16515578934068,0
True,2.6750256987846,0
True,1.71351168887728,0
True,1.89322702522587,0
True,3.36203917681907,0
True,1.91508798074499,0
True,4.02209851290604,0
True,1.08824878614214,0
True,3.53421842799847,0
True,3.98330313136182,0
True,3.63192397086663,0
True,0.987725586604772,0
True,2.08504955170477,0
True,2.45676676391221,0
True,0.972102215826856,0
True,1.98993782761831,0
True,3.91924440976433,0
True,1.22218544692104,0
True,1.88340286256047,0
True,1.67232357606911,0
True,2.16954843342577,0
True,1.25859461776001,0
True,1.43476972448467,0
True,1.62215934749562,0
True,2.17485649439307,0
True,2.13196065325731,0
True,1.33855510884078,0
True,0.875329936237286,0
True,3.91382567782438,0
True,2.66091794899254,0
True,1.52266824910149,0
True,1.59276832701411,0
True,2.13984731022437,0
True,2.27879472888598,0
True,2.02734221447265,0
True,1.70004564200413,0
True,1.46821852983712,0
True,0.796508980416244,0
True,1.57955109366183,0
True,1.30740623956846,0
True,2.91988260835413,0
True,2.33933055058165,0
True,0.861978169848137,0
True,2.64173949549935,0
True,2.89707681524073,0
True,2.27456403824816,0
True,0.424700623934783,0
True,1.64633860547405,0
True,0.665568929830809,0
True,1.19957283617084,0
True,1.732910478448,0
True,2.11897191604069,0
True,2.75157788241258,0
True,3.10840903903254,0
True,1.46633315472331,0
True,1.63024979300166,0
True,1.02427446966754,0
True,1.99721184242731,0
True,2.09160339274542,0
True,2.50062605654485,0
True,2.65605162191019,0
True,1.67876818965606,0
True,1.71113613987821,0
True,2.54421589729849,0
True,2.54160714005818,0
True,1.63092719261146,0
True,3.03738500325829,0
True,1.24338246092859,0
True,1.29348977708406,0
True,1.62159042163075,0
True,1.61123194703375,0
True,2.44071541118316,0
True,1.67634819465731,0
True,1.23829266709274,0
True,1.15264176126478,0
True,1.53075852078699,0
True,0.742314039132069,0
True,1.34277330746931,0
True,1.87914012072451,0
True,2.12495006897387,0
True,1.84376920611728,0
True,1.73121177616889,0
True,1.93377306973333,0
True,0.954021401257845,0
True,2.58862785935126,0
True,1.59304656602664,0
True,1.76287496314915,0
True,1.42199946075993,0
True,1.8351680348398,0
True,1.23204925915019,0
True,2.91090114063734,0
True,2.89028150077564,0
True,1.11849909530674,0
True,0.906325926383203,0
True,3.85931932885361,0
True,1.63981909479934,0
True,1.69847022734726,0
True,1.77923739068681,0
True,1.39890953700692,0
True,1.37351178715017,0
True,1.0509664010708,0
True,0.962316820323613,0
True,0.966141481187735,0
True,2.11154620074077,0
True,3.36212088410047,0
True,1.08520576640716,0
True,1.16117807459965,0
True,3.27322360575075,0
True,2.22354716508692,0
True,1.70658916442742,0
True,1.2593497662804,0
True,2.85463855722154,0
True,1.67882190108873,0
True,3.64516737860776,0
True,0.924086110152874,0
True,4.2169651430949,0
True,1.25960785117524,0
True,3.96208672841786,0
True,1.43485399952085,0
True,0.609382830242121,0
True,1.91359959251411,0
True,2.8977028111165,0
True,2.272543562794,0
True,1.24493858814512,0
True,3.58264520972432,0
True,2.33307348136914,0
True,1.7848263216478,0
True,2.03448122400131,0
True,0.999286345526151,0
True,1.04092510389874,0
True,1.1633501189415,0
True,1.78971586209641,0
True,1.54308977708887,0
True,2.47167502937665,0
True,1.591530951816,0
True,3.77868456550898,0
True,2.79481532373501,0
True,0.875715893282257,0
True,2.58060829204815,0
True,4.70109548879607,0
True,1.79248540836255,0
True,1.00720467189702,0
True,2.11057067121212,0
True,1.7174744439892,0
True,1.77212970675401,0
True,2.23575395904724,0
True,0.828317092801686,0
True,1.19136642857959,0
True,2.05819513783495,0
True,1.67072097923676,0
True,0.759868756866686,0
True,3.50791018691844,0
True,1.51519576312471,0
True,1.77320738456704,0
True,1.7286643705131,0
True,2.29816925444864,0
True,1.58173394323671,0
True,1.93075693136045,0
True,1.42050276129099,0
True,1.94833099343017,0
True,1.16135098829561,0
True,1.64791422349694,0
True,2.14363699113227,0
True,1.97034929297874,0
True,1.89616841904679,0
True,2.5525520494857,0
True,1.55462092258322,0
True,1.70143416297265,0
True,2.43672589065125,0
True,1.77923993060866,0
True,1.23133335412244,0
True,1.86494981728674,0
True,1.82322991040787,0
True,1.24846703641609,0
True,1.54453742429316,0
True,1.45387805638302,0
True,1.21878926849169,0
True,3.39146558410579,0
True,3.88265863278138,0
True,3.49734094386206,0
True,1.50987149317846,0
True,2.06377879956503,0
True,2.77942284803978,0
True,0.735047087079625,0
True,1.65012410681543,0
True,2.59759563678563,0
True,0.844292273103695,0
True,1.74372786922907,0
True,1.34032644351279,0
True,2.07627038370845,0
True,2.76130197725226,0
True,2.24924800111741,0
True,3.94141045606689,0
True,2.98503721154903,0
True,2.80676268094074,0
True,1.63028298647375,0
True,2.90685579570681,0
True,2.06976187041884,0
True,2.04924751089509,0
True,2.49049108174115,0
True,1.80702122152705,0
True,1.77904123107506,0
True,1.97250782430922,0
True,1.53621825405954,0
True,1.07639253144706,0
True,2.92895429230258,0
True,4.13869250186965,0
True,2.75046032119706,0
True,1.84144104084674,0
True,1.82531559093924,0
True,1.66868670735891,0