Success,Time,Fitness
True,1.80753306232007,0
True,3.77362742849612,0
True,3.3407811710142,0
True,1.63184822048905,0
True,1.42128506071531,0
True,1.3359538265433,0
True,1.38022005640278,0
True,1.04819561004103,0
True,1.48418707394223,0
True,1.25118729773543,0
True,2.31450063646894,0
True,3.91239393357922,0
True,2.77679552216269,0
True,1.61355060068199,0
True,1.6482938303111,0
True,1.41261016039086,0
True,2.39847340234387,0
True,3.29644793652651,0
True,2.67742019876547,0
True,1.30933145526819,0
True,1.48131431971995,0
True,1.55192145625608,0
True,2.75201437489843,0
True,1.70138795991682,0
True,2.89727255093436,0
False,1.23775469636707,0.000111666589956989
True,1.50752254746285,0
False,1.59854788293614,9.07215465945369E-05
True,2.06961754540384,0
True,2.92235972317876,0
True,1.24242122579036,0
True,1.4709219876192,0
True,3.82206386440832,0
True,2.08998771978876,0
True,1.8616862176109,0
True,3.14791922603857,0
True,1.77428128546303,0
True,1.0820704567106,0
True,4.19461341860348,0
True,1.8584550943195,0
True,3.465440077582,0
True,1.30439342506102,0
True,1.10362234764353,0
True,2.13490857025694,0
True,2.757295395789,0
True,1.04975898739562,0
True,1.50222573869522,0
True,2.3557626624097,0
True,1.27198577887928,0
True,3.93891738669295,0
True,2.42406891826644,0
True,1.06766913581929,0
True,1.84844570784921,0
True,0.842031686494105,0
True,2.96358585057344,0
True,4.10640803985172,0
True,1.88609402592978,0
True,1.74263854502124,0
True,1.20306284618618,0
True,2.10498888721844,0
True,0.384952305974888,0
True,3.10026013823845,0
True,1.61698530543175,0
True,1.03077653749508,0
True,2.24971944593013,0
True,1.7780032861074,0
True,2.98648038754282,0
True,1.71877738374733,0
True,1.49954196568627,0
True,3.61523657111131,0
True,3.1320075275439,0
True,1.58829612156889,0
True,1.05403044095839,0
True,1.86251651021526,0
True,3.39739755680481,0
True,2.48689273390715,0
True,0.828779467964065,0
True,1.12264121770067,0
True,3.19687130295561,0
True,2.73563885728298,0
True,2.36494945758975,0
True,1.63323611168662,0
True,0.589642608182268,0
True,0.731781206422953,0
True,1.22726368418373,0
True,1.34974027969303,0
True,3.9114416409152,0
True,1.32223173406533,0
True,1.53351268725989,0
True,1.93450004998365,0
True,1.22873998387811,0
True,1.4764854494915,0
True,1.51708364940934,0
True,1.05120517192524,0
True,2.69715650559947,0
True,2.92220326863847,0
True,1.35495660676907,0
True,1.81766028977517,0
True,2.23791389737385,0
True,2.60984426376861,0
True,2.39877682005395,0
True,1.39554747875555,0
True,1.8878708621678,0
True,2.58048543846996,0
True,1.28169917194422,0
True,1.30633731696681,0
True,1.13400832939535,0
True,3.10576263064133,0
True,2.95560809473525,0
True,1.61504744730968,0
True,2.4409840836763,0
True,3.50872767224211,0
True,2.54791625032437,0
True,2.55913051599711,0
True,1.39575686394128,0
True,1.71396514799499,0
True,3.12767700855727,0
True,2.49485322796674,0
True,2.39622297168128,0
True,2.32925732799097,0
True,1.95420383872113,0
True,1.03747647970997,0
True,0.927019094685935,0
True,1.68801261870659,0
True,1.09539490578069,0
True,1.30890623275863,0
True,1.74219487122008,0
True,1.19484790183017,0
True,2.01176216227063,0
True,3.44207129193104,0
True,4.46369429111132,0
True,2.95980158842998,0
True,1.58615516376167,0
True,3.55733485345101,0
True,1.52610462476631,0
True,2.92291844426739,0
True,2.95223899177939,0
True,1.39588361974428,0
True,1.0389267111249,0
True,0.947461140796005,0
True,1.7389011433766,0
True,1.31555237147213,0
True,1.87767517635866,0
True,1.85521656052219,0
True,1.3969076685047,0
True,1.71682942550096,0
True,1.93322096240927,0
True,0.892109270558059,0
True,1.97634879413312,0
True,2.29784002658668,0
True,1.40550533002074,0
True,2.10022930275005,0
True,2.51562021364263,0
True,1.95258868614992,0
True,3.69232445778128,0
True,3.89221741557334,0
True,1.9794221602121,0
True,1.42595128238853,0
True,1.66626459953021,0
True,2.41580682178793,0
True,2.2014714243757,0
True,1.77986452707396,0
True,2.16617238613816,0
True,3.18297272215571,0
True,1.56556973256687,0
True,1.26282802845433,0
True,1.32646719629556,0
True,1.0129101069374,0
True,2.23472394477359,0
True,1.74919197055312,0
True,2.23484704005899,0
True,2.57119423366891,0
True,1.43568817983146,0
True,1.47681294425726,0
True,1.07163888783658,0
True,1.00283221402171,0
True,2.91905714497103,0
True,3.08499996979916,0
True,1.5127133235639,0
True,1.67877369529644,0
True,1.55290075187452,0
True,1.45853526928186,0
True,2.22921873200613,0
True,0.806118891083995,0
True,0.751092943627788,0
True,3.04840128003157,0
True,1.16259576906646,0
True,2.35415548505669,0
True,1.78699820397589,0
True,1.61066080415246,0
True,1.56442956360803,0
True,2.19799505274365,0
True,4.20840784098669,0
True,3.26578998082151,0
True,1.81513623435243,0
True,0.939244590049781,0
True,0.475790862583552,0
True,1.00395693760597,0
True,2.78578702308435,0
True,1.71161345695098,0
True,1.58131542016059,0
True,1.97562589952856,0
True,1.50590176744152,0
True,2.2712591948342,0
True,1.82186795679283,0
True,3.05133729577489,0
True,3.55647552646108,0
True,1.46064562327619,0
True,2.16222813956239,0
True,1.73666239592691,0
True,1.39756056848262,0
True,1.08473526361014,0
True,1.13493187457123,0
True,1.47721383005947,0
True,1.15086701237793,0
True,0.978245636006743,0
True,1.18906189438135,0
True,1.51538735952824,0
True,2.37644543291088,0
True,1.35039883710817,0
True,2.03674297314829,0
True,1.60182182210186,0
True,1.68791280183981,0
True,2.75786048663286,0
True,1.43318564573737,0
True,3.08366760187715,0
True,1.54825180576473,0
True,1.02037250035179,0
True,1.20233641374379,0
True,3.20770904961106,0
True,2.03968935770207,0
True,1.83182718163308,0
True,2.37594342704501,0
True,1.17372103846415,0
True,0.595087254473509,0
True,1.37247371250377,0
True,1.12172041910134,0
True,2.74633898367522,0
True,1.27890350173394,0
True,2.48371369357472,0
True,1.24309605280805,0
True,2.20710621665426,0
True,1.89644516389185,0
True,1.95242550074517,0
True,1.02530024141908,0
True,1.23484620327074,0
True,2.1093713199894,0
True,1.68261690748452,0
True,0.917730939919799,0
True,1.30153085798783,0
True,1.280458014475,0
True,2.86600144146503,0
True,2.76469141535282,0
True,1.89435196932337,0
True,2.08655849513152,0
True,1.10910174581653,0
True,1.38629252734595,0
True,2.01529556322914,0
True,1.30176357962476,0
True,1.10256051194722,0
True,1.0873184201895,0
True,1.57461683865777,0
True,2.56491509152913,0
True,2.12949646850787,0
True,2.30556106060444,0
True,2.12047727966503,0
True,3.17304235326909,0
True,2.00138829105858,0
True,3.14082609065452,0
True,3.42202170375763,0
True,0.979416900810111,0
False,2.46461068384318,8.05069112919116E-05
True,1.83271585213963,0
True,2.74195443058864,0
True,3.43570235637628,0
True,0.900753027351514,0
True,1.55010779777549,0
True,2.17316684850738,0
True,2.24235195524718,0
True,2.66930027467871,0
True,1.1913235394738,0
True,2.40041014230516,0
True,2.1023934390793,0
True,2.66869152194026,0
True,3.3926407534892,0
True,1.8624023627992,0
True,1.8077438080985,0
True,1.13223108699358,0
True,1.33908699121685,0
True,1.93506016920329,0
True,2.15599171298977,0
True,1.76404691175632,0
True,2.24213807923906,0
True,1.50058782243781,0
True,2.02405287508194,0
True,1.29937075724818,0
True,0.731419736313464,0
True,3.56057196136968,0
True,2.17614396581893,0
True,0.600703924789731,0
True,3.35520765374844,0
True,2.56143312933948,0
True,3.70891133835198,0
True,3.75377233980244,0
True,1.64601021714861,0
True,1.88360813508133,0
True,1.04910084298694,0
True,3.5271001477472,0
True,1.87895190877083,0
True,1.25380990105678,0
True,2.50265022884572,0
True,1.42430416775429,0
True,1.63631340873511,0
True,1.92891502377066,0
True,3.01035021858333,0
True,3.04604906588358,0
True,2.57816415561395,0
True,2.49821151719806,0
True,1.26096959864324,0
True,1.59358366015971,0
True,3.93587130587527,0
True,2.54854324217698,0
True,1.73807667124199,0
True,2.14953288240422,0
True,2.06283273320246,0
True,2.06251014457492,0
True,1.25860771056623,0
True,1.87862573625241,0
True,2.12532573885641,0
True,2.22466548255387,0
True,1.17914073393276,0
True,1.68986296384646,0
True,1.44515935670549,0
True,2.60423785930111,0
True,1.20395495301842,0
True,3.32190796188497,0
True,3.6386459093502,0
True,3.73235437799526,0
True,3.3579658097053,0
True,3.45729128136201,0
True,3.43815662169854,0
True,2.25582031620362,0
True,2.35420358523578,0
True,3.41240353002536,0
True,2.18816099596152,0
True,1.88206320526283,0
True,1.13602326576838,0
True,0.941572736516779,0
True,1.25974403844311,0
True,1.63048247127634,0
True,1.02005919320729,0
True,2.84539385226724,0
True,0.94106172557961,0
True,1.58832721160502,0
True,1.24483757269322,0
True,1.07176742528699,0
True,2.66899172882721,0
True,1.16232866655982,0
True,1.50339365549941,0
True,1.21077888705386,0
True,0.801871416660044,0
True,1.8463390665167,0
True,0.720809137887206,0
True,1.05273977036723,0
True,1.71063024162254,0
True,2.62050423519272,0
True,0.996517838192636,0
True,3.7645420929616,0
True,4.38278929963353,0
True,2.75258480288261,0
True,2.14850530076489,0
True,1.04085224239535,0
True,2.01767279546878,0
True,1.75233367408557,0
True,1.10461312631846,0
True,1.60824873184311,0
True,1.54005030294724,0
True,2.35319688428488,0
True,2.01667634795563,0
True,2.45968537364458,0
True,1.68093823057145,0
True,3.66956863266874,0
True,2.99547147355752,0
True,2.47144260006268,0
True,2.91764574097205,0
True,1.97128538016928,0
True,1.98103268654857,0
True,1.23631868549202,0
True,1.64565095772397,0
True,2.07627952890242,0
True,2.06243281135592,0
True,2.34029351385328,0
True,1.8229475653326,0
True,2.21457362511872,0
True,2.40464979027555,0
True,1.7600394722009,0
True,2.35126324473504,0
True,1.6168632873971,0
True,1.34087668053652,0
True,1.86219264305263,0
True,2.08821840017489,0
True,1.5144010546554,0
True,2.7608675393004,0
True,0.977688540631731,0
True,1.08409235489638,0
True,1.99901158456933,0
True,2.499842659734,0
True,1.62716577935776,0
True,1.25861124914579,0
True,0.729549778904512,0
True,2.36580513135592,0
True,1.32647734107946,0
True,2.05317508850524,0
True,1.26163402289551,0
True,2.37754113425702,0
True,2.5546959353833,0
True,0.730236238120198,0
True,1.80042077488798,0
True,1.63011868821954,0
True,1.55186836647365,0
True,0.98745986634072,0
True,1.25380850000511,0
True,2.27843295435173,0
True,0.970682763141812,0
True,1.77629345989256,0
True,1.83966862261345,0
True,2.09174249198069,0
True,3.95768046628578,0
True,0.694042559457788,0
True,0.809681588268721,0
True,1.58677615399405,0
True,1.78893949947855,0
True,2.15647329119234,0
True,3.16009317291824,0
True,1.50997094555672,0
True,0.817384150410376,0
True,1.96742123944993,0
True,0.874288924402709,0
True,0.91023407266648,0
True,2.25321912074108,0
True,2.94673845596646,0
True,1.08212780705836,0
True,1.04307846076927,0
True,1.35390287245306,0
True,1.31601815072411,0
True,1.69047354088872,0
True,1.829907966031,0
True,1.7973887624549,0
True,1.90340958015715,0
True,1.66559105906405,0
True,1.38162276633501,0
True,2.58519323766838,0
True,1.06906118202402,0
True,2.47795653335533,0
True,1.26031026164116,0
True,3.18185231997871,0
True,2.67051072082356,0
True,1.53985780274168,0
True,0.732960700926319,0
True,2.12470031253933,0
True,2.26591388758549,0
True,1.26412920974042,0
True,2.09950066451313,0
True,2.08827594832616,0
True,2.72598992325792,0
True,3.75553387835637,0
True,1.9034784447743,0
True,1.50856739325253,0
True,1.28613674494868,0
True,1.1346449800797,0
True,1.9851797283601,0
True,2.77335251536528,0
True,4.0059610640612,0
True,0.958708711890439,0
True,1.11663883581549,0
True,1.05125656463015,0
True,4.07457301817955,0
True,2.00794299980103,0
True,1.05585525263268,0
True,0.609212563703239,0
True,2.99888353654372,0
True,1.05547285424825,0
True,2.62024103076881,0
True,1.44488766877808,0
True,1.87300800594741,0
True,2.18289239922797,0
True,2.21264175880015,0
True,1.68889567097598,0
True,0.938368291617543,0
True,1.72765275699884,0
True,2.30533947750086,0
True,4.52502921234292,0
True,1.43026481786331,0
True,2.68786260676868,0
True,1.9263889421469,0
True,2.92901265371806,0
True,3.23102406365868,0
True,3.73688419338941,0
True,1.2998534749094,0
True,2.41981770118518,0
True,0.800030578031923,0
True,1.88305974815916,0
True,2.41344919340913,0
True,2.11611861904602,0
True,2.97662992352735,0
True,3.04570384851993,0
True,2.7543854648954,0
True,2.23372580982828,0
True,2.95458836119208,0
True,3.51611772557129,0
True,1.4414972618468,0
True,0.927543870059781,0
True,0.720256612584108,0
True,1.85517481264437,0
True,2.9407333648375,0
True,1.77662264959532,0
True,1.02064313674487,0
True,0.815513663603061,0
True,1.56931716855588,0
True,1.10036071370551,0
True,0.806076462339906,0
True,1.22626739009133,0
True,2.52499036493158,0
True,2.07116740386435,0
False,3.03824260454927,0.000131764730841162
True,1.99854751060855,0
True,2.59459917345536,0
True,3.01767006117369,0
True,1.93034797816213,0
True,1.33937306013909,0
True,1.96029697345682,0
True,1.43012136166879,0
True,0.836386477346854,0
True,4.32326713379882,0
True,2.19509907550771,0
True,1.98203969473852,0
True,1.53034212456517,0
True,1.6478588238388,0
True,2.740443730769,0
True,1.89096864804599,0
True,2.20322010125715,0
True,1.3914567587804,0
True,3.24517795286295,0
True,0.979661843970943,0
True,0.850417579592173,0
True,1.83208819506627,0
True,1.75289045741337,0
True,2.46116075933277,0
True,1.09899374058415,0
True,2.11908399624401,0
True,1.83219706056873,0
True,1.97676612113563,0
True,0.755518719348748,0
True,2.45446715091639,0
True,2.60962082411286,0
True,0.747695748970991,0
True,0.846728000605196,0
True,1.42686763840189,0
True,0.903395888007469,0
True,0.969278757473972,0
True,2.15531266448735,0
True,1.12857252470793,0
True,1.3979511256063,0
True,3.94793989929358,0
True,2.48076708806099,0
True,1.52434319819356,0
True,1.66113580697335,0
True,2.16927591324072,0
True,1.87208758764017,0
True,1.78673652556614,0
True,0.801097685265795,0
True,0.984842423480441,0
True,2.17105934977953,0
True,1.76779835182454,0
True,0.714546112870581,0
True,1.81102436309561,0
True,2.55393896010869,0
True,2.36232133426254,0
True,1.2789957752102,0
True,1.45175178021984,0
True,1.15357019540087,0
True,1.73137604791848,0
True,0.934422044837926,0
True,2.57100510369695,0
True,2.49394833630226,0
True,1.25832493226358,0
True,1.50901908517519,0
True,1.52023928358153,0
True,1.55056237911349,0
True,1.79150844091364,0
True,1.8910085981281,0
True,1.89397752809586,0
True,2.45880991490191,0
True,1.19951003972619,0
True,1.56117232476302,0
True,1.28394766291221,0
True,1.17421252713795,0
True,1.14819732703887,0
True,0.630311278903567,0
True,1.7541684001562,0
True,2.25395909811293,0
True,1.79233867644403,0
True,1.90626257240217,0
True,2.26209107957469,0
True,2.8331620253736,0
True,1.27117766358458,0
True,1.35970044147689,0
True,2.28180734863409,0
True,1.52794486220893,0
True,2.1496972942981,0
True,1.91302999400218,0
True,1.61001017614677,0
True,1.84728705198126,0
True,2.2327634691082,0
True,2.09936879099175,0
True,1.50269985471223,0
True,1.7367411045198,0
True,2.80300347910823,0
True,4.16994471286428,0
True,1.45638399103646,0
True,2.69270556992752,0
True,3.17686830107158,0
True,1.89382090731807,0
True,0.967776654648226,0
True,2.31463935101499,0
True,2.99735388354407,0
True,2.59321192195655,0
True,1.64201269124297,0
True,1.51717413054772,0
True,1.33219598478338,0
True,1.18223315211694,0
True,4.49163260594811,0
True,0.93975429651765,0
True,1.02861220192266,0
True,1.68898154570609,0
True,1.65921329044897,0
True,2.17681822733152,0
True,1.85579612281379,0
True,1.59224134828767,0
True,2.0795172579977,0
True,2.36339516586961,0
True,2.04694475521223,0
True,3.22342193290134,0
True,1.59712583476379,0
True,1.41126612132082,0
True,1.7926405390172,0
True,1.17255469194999,0
True,1.82206188992511,0
True,0.83575704725728,0
True,2.89278193903916,0
True,1.11573621323921,0
True,1.61833886790936,0
True,2.13373297576483,0
True,1.25799717585549,0
True,1.89487771415384,0
True,1.25119841621528,0
True,0.213776816680671,0
True,4.06642581278448,0
True,2.19839408738423,0
True,1.37164093214607,0
True,1.47122075760617,0
True,0.997015830350555,0
True,1.21137804495939,0
True,1.58167734081101,0
True,1.05758225695952,0
True,3.93714929174293,0
True,2.24722300947729,0
True,3.55533511349361,0
True,1.33906432142752,0
True,1.82369471057784,0
True,2.47583142504323,0
True,2.53066742089188,0
True,1.37037332226287,0
True,2.87450115435875,0
True,0.738287532095499,0
False,3.12693568156452,0.000260763457705125
True,3.31775059628954,0
True,3.20524449703713,0
True,2.13521058836733,0
True,2.46066467965691,0
True,3.75883575066391,0
True,1.97108468515261,0
True,2.10868504850921,0
True,1.44098662076585,0
True,1.5955095820436,0
True,1.51276606675144,0
True,2.08897270462615,0
True,1.75861641762643,0
True,1.35076899459702,0
True,2.03439719038023,0
True,1.8299585668585,0
True,0.800314236042797,0
True,2.20604074126035,0
True,1.49322656805621,0
True,2.86029453147958,0
True,2.23130738115556,0
True,3.85344458720153,0
True,1.8153095083268,0
True,2.3516181514678,0
True,1.86512558660797,0
True,2.26639851897436,0
True,0.680397942673398,0
True,2.92403066956941,0
True,2.67810050983741,0
True,1.7151412053636,0
True,2.71860032180038,0
True,0.666589411804486,0
True,2.54604430196048,0
True,1.02340483986412,0
True,2.94070604805911,0
True,2.94868484960549,0
True,3.98515551833323,0
True,2.24632916875156,0
True,1.43958166868767,0
True,1.48887798809356,0
True,4.00191884015944,0
False,1.14829637318852,0.000156061736720697
True,2.79060079265735,0
True,2.08925021399238,0
True,3.56800430373576,0
True,1.05656643725491,0
True,1.85312727665547,0
True,2.31473586924329,0
False,1.63961403281935,0.000131397617830592
True,2.6228708434586,0
True,1.85603183277407,0
True,2.12295414405402,0
True,1.06744944979136,0
True,3.27821317903821,0
True,1.71305667583505,0
True,3.44630729591339,0
True,2.97341346762172,0
True,2.51762739485737,0
True,0.861627167267062,0
True,1.39221170962012,0
True,2.2832421257407,0
True,1.78667496692947,0
True,1.64061574834425,0
True,1.90958015689996,0
True,3.91291858831793,0
True,3.11169207830996,0
True,1.2251358938245,0
True,1.0783943039334,0
True,1.09240943244884,0
True,3.50774574547238,0
True,2.02049543199488,0
True,1.86613735221707,0
True,1.23450828806225,0
True,1.72352283874293,0
True,1.33081075219903,0
True,1.70778720454759,0
True,2.93793921387982,0
True,3.39996588769221,0
True,1.04928853778597,0
True,2.43505515225421,0
True,1.53035808194683,0
True,0.93082490024371,0
True,1.02934893856052,0
True,1.71619608759216,0
True,2.58241993356749,0
True,1.32905419593705,0
True,2.19031252186659,0
True,1.07507507002541,0
True,0.759128792995993,0
True,2.1261187661975,0
True,2.14635133971934,0
True,1.17454024830634,0
True,2.13392067268737,0
True,1.56443584934973,0
True,1.46890456893937,0
True,2.76214310005607,0
True,1.15109190652158,0
True,1.10581258816658,0
True,1.75920377959051,0
True,0.920778395967988,0
True,1.59298650816114,0
True,3.43058194606444,0
True,2.00949282815561,0
True,1.3168387296267,0
True,1.86719181012232,0
True,1.5364826360187,0
True,1.14215174256384,0
True,1.57748484878833,0
True,1.27947439965638,0
True,1.54805984790111,0
True,1.58802671573587,0
True,2.94485821992878,0
True,1.83752876257055,0
True,1.88149255496556,0
True,1.28032007776531,0
True,1.90927682530704,0
True,2.28112165017927,0
True,3.50082680154876,0
True,3.31173254159252,0
True,1.80785861187305,0
True,1.51571502581681,0
True,1.52504113667986,0
True,2.79605243048815,0
True,3.01185431018132,0
True,1.10596771755123,0
True,1.60088881688761,0
True,0.953017420824146,0
True,2.55781864576601,0
True,2.77559315248334,0
True,0.887685103480146,0
True,2.66025247864361,0
True,3.7001639565458,0
True,1.54694278063236,0
True,1.5964490609182,0
True,1.79656092817221,0
True,2.25556376196233,0
True,4.18634441033492,0
True,1.92806637172074,0
True,2.64161275305305,0
True,1.9939065054777,0
True,1.78928945429571,0
True,1.40550691233546,0
True,1.69112038554484,0
True,1.57284834887961,0
True,3.28625649889372,0
True,2.40687205491945,0
True,2.42012720600983,0
True,3.30722465383622,0
True,2.38920406874504,0
True,1.04709113386056,0
True,2.87454342576201,0
True,1.54670660108812,0
True,1.31040478195077,0
True,1.19122924671599,0
True,2.79910564716142,0
True,1.14883080709582,0
True,3.14726895211153,0
True,3.63673732268691,0
True,1.95486628683256,0
True,2.50903955685844,0
True,2.37518751840676,0
True,2.45485649715611,0
True,0.750050341832382,0
True,2.5642239045135,0
True,0.955006538221924,0
True,1.89875584458431,0
True,2.2443745856451,0
True,3.58669386420898,0
True,1.13091331449807,0
True,1.91602245103011,0
True,1.81950584422943,0
True,3.96677616120505,0
True,2.12901967924205,0
True,0.874856169864623,0
True,1.80729857469375,0
True,1.26474068930769,0
True,1.82115235092881,0
True,1.27036423140332,0
True,2.89023771834882,0
True,3.10426720784802,0
True,2.34180088092315,0
True,1.20933657883984,0
True,3.98545834142434,0
True,2.19830005742509,0
True,1.13386975155938,0
True,1.54655383412132,0
True,1.21704418936095,0
True,2.7938898364255,0
True,0.68019512895829,0
True,2.95549252108075,0
True,1.86582500845477,0
True,2.61542685819519,0
True,3.27558235764243,0
True,1.05532486604105,0
True,1.8114236595881,0
True,1.76053087486731,0
True,1.56758698608483,0
True,1.76366299902243,0
True,2.42437831953665,0
True,3.02552197302743,0
True,0.771817825165553,0
True,1.86724204498488,0
True,2.38966639030615,0
True,2.44739865518907,0
True,2.30448101922835,0
True,2.58290632956472,0
True,1.68377184747269,0
True,2.05847548823839,0
True,1.63996432766768,0
True,3.28349448651083,0
True,2.93797618416803,0
True,1.78400598910639,0
True,0.838456593872037,0
True,0.685573625611077,0
True,3.0650592943811,0
True,2.22127089052191,0
True,1.76054253652765,0
True,2.41802929652921,0
True,1.4643495625057,0
True,2.21405251735607,0
True,1.19586454224731,0
True,3.36131849656013,0
True,1.36754386634152,0
True,0.968993430863222,0
True,2.33855602935383,0
True,1.84974340345345,0
True,0.726712172186292,0
True,2.50459979337877,0
True,2.06844961805313,0
True,0.865985702874026,0
True,0.972023316330079,0
True,1.25354617833508,0
True,2.83286004894704,0
True,2.63908159755403,0
True,2.85389179468921,0
True,1.6775415555624,0
True,1.9604405579224,0
True,0.657844386558109,0
True,2.46798083036303,0
True,3.96701971110471,0
True,0.90552654067609,0
True,2.27776396245376,0
True,2.18756286837099,0
True,0.994794238174442,0
True,3.02194295557961,0
True,0.936345092409658,0
True,1.65216241576677,0
True,1.79217622808884,0
True,1.37676379229976,0
True,1.5144670357682,0
True,2.00722889978745,0
True,2.31283409961467,0
True,1.89462676513166,0
True,1.66134444207332,0
True,3.34481270326108,0
True,2.24290401484045,0
True,3.18381621395081,0
True,1.84772162561351,0
True,1.69336544676196,0
True,1.96194435317184,0
True,0.844299210955098,0
True,1.29421894244273,0
True,2.91190116844484,0
True,2.21360663623336,0
True,0.883384358821862,0
True,2.35189696544826,0
True,3.14900478220956,0
True,1.87976760622268,0
True,1.0200283436776,0
True,1.868905658766,0
True,2.52672879458324,0
True,2.73075788695825,0
True,2.36086378937706,0
True,2.70498372352917,0
True,2.22114773849529,0
True,3.52769635340941,0
True,4.3919160070214,0
True,2.33105959994809,0
True,1.86657652659712,0
True,1.26188670542153,0
True,1.65985362870539,0
True,1.79551069936931,0
True,0.961954912047429,0
True,1.9915845738762,0
True,1.1356161151806,0
True,1.46604940541574,0
True,2.2833565549263,0
True,1.65521941304458,0
True,3.22772895393094,0
True,2.95782701379281,0
True,1.98938180547069,0
True,2.15139041628633,0
True,1.38613801967326,0
True,2.30494007631794,0
False,1.86245978484575,0.000602735193657683
True,1.04620449986512,0
True,3.14213176543067,0
True,0.799860083850024,0
True,1.61060003099365,0
True,1.34663272035646,0
True,0.972827950242066,0
True,3.07171820069374,0
True,1.35987058052861,0
True,1.4101636892533,0
True,1.56925975075945,0
True,1.72508899469541,0
True,2.31100090070216,0
True,1.38558033334012,0
True,2.82229779115615,0
True,4.13047484461804,0
True,2.12496653529928,0
True,3.3981895106617,0
True,2.19344390216529,0
True,2.19302533703486,0
True,2.8929265625345,0
True,1.76912344965998,0
True,1.27376758139882,0
True,1.75280459453583,0
True,2.05325022789386,0
True,2.6381296868687,0
True,1.36828775950311,0
True,1.55357865987572,0
True,2.05715020677853,0
True,3.9171790940954,0
True,2.04393017314781,0
True,2.05507409693816,0
True,2.30549452678664,0
True,2.56530711504654,0
True,1.10826611415518,0
True,1.61476352794379,0
True,2.78061001723761,0
True,1.01775401159738,0
True,2.93062281707393,0
True,2.09032636895277,0
True,2.0634913659099,0
True,1.44691578419753,0
True,1.42773413265506,0
True,1.17579443647267,0
True,0.907742779984581,0
True,1.75349994761414,0
True,2.60082440015637,0
True,1.63354558981955,0
True,1.86669966942087,0
True,2.43334532539151,0
True,2.06456713098665,0
True,2.5052181125974,0
True,2.79658790084062,0
True,2.60005674865655,0
True,1.61957451900068,0
True,3.25408410410661,0
True,1.99183759150138,0
True,0.9896259825882,0
True,0.860787941687418,0
True,1.95841360537074,0
True,2.88828668034466,0
True,2.05841085369718,0
True,1.76926936162203,0
True,2.03575451773223,0
True,0.906110440793613,0
True,0.808012465894369,0
True,1.16867012517083,0
True,2.23546847078942,0
True,1.10881244771129,0
True,1.30373017649295,0
False,2.45657142140141,0.000483756051223346
True,3.12841802885683,0
True,1.0962930694899,0
True,1.41240533929174,0
True,1.12886088802865,0
True,1.00485689738225,0
True,1.70940066944781,0
True,0.575368217882352,0
True,2.27755126877017,0
True,1.40940288558137,0
True,2.22906597946097,0
True,2.57237234657291,0
True,3.714217942145,0
True,3.19502233603838,0
True,1.44932127855778,0
True,1.44778253349587,0
True,1.85660917213024,0
True,3.6081144254462,0
True,3.61117201832432,0
True,1.50501852686125,0
True,1.50964042637126,0
True,2.34566782474924,0
True,3.29537725230657,0
True,1.71132815061832,0
True,2.8530820256596,0
True,3.40319654564644,0
True,1.9990188036883,0
True,1.69261225844283,0
True,0.919958650387974,0
True,0.832275895024792,0
True,1.22244916135004,0
True,3.97786970942688,0
True,4.07074068232502,0
True,1.28936186265462,0
True,2.28404866629273,0
True,1.14300775713011,0
True,1.83056962400547,0
True,2.20005720355281,0
True,2.58235506429062,0
True,1.9815890209351,0
True,1.09283489063007,0
True,3.65270707428436,0
True,0.969804625748587,0
True,1.90741409647086,0
True,2.78861795725388,0
True,1.99762615564587,0
True,1.38630124310671,0
True,1.51709887434071,0
True,1.77248808402496,0
True,1.72889603659707,0
True,2.0444898847667,0
True,1.48923693838803,0
True,1.15380665875034,0
True,1.53765083871606,0
True,1.37683522758902,0
True,1.31154431093713,0
True,2.41389207390519,0
True,1.33982609607165,0
True,1.41942761938869,0
True,1.11388204410682,0
True,1.44234031270705,0
True,2.02662714379922,0
True,1.28606523974765,0
True,1.76539140912806,0
True,2.28989372273345,0
True,1.51848959406426,0
True,2.67371305142014,0
True,2.40661887961943,0
True,2.24141873419342,0
True,1.89629673489838,0
True,2.37716954694456,0
True,1.84474819212427,0
True,2.37134671438323,0
True,2.31509542046068,0
True,1.67496290036696,0
True,1.69249730580251,0
True,2.23283313042839,0
True,3.5324820794515,0
True,1.65895949295193,0
True,1.5342434871883,0
True,1.6315518465731,0
True,1.21218286605158,0
True,2.71131887021762,0
True,2.48513180337769,0
True,0.859256682173247,0
True,1.15367900855321,0
True,3.65914546660068,0
True,2.05951083341562,0
True,2.20563440906113,0
True,1.1115788196716,0
True,1.22093753951821,0
True,1.30794312605423,0
True,2.82466445951656,0
True,2.40313652795573,0
True,3.47297131959936,0
True,2.2502049271066,0
True,2.7794595764296,0
True,1.94350139566197,0
True,1.6906999139154,0
True,1.2424396787772,0
True,1.84938816555459,0
True,2.08080339658979,0
True,2.72801565809666,0
True,1.22007603868699,0
True,2.17670777350283,0
True,4.06685085780594,0
True,1.67704269350385,0
True,1.24322605974385,0
True,3.05188046244327,0
True,1.22122284862829,0
True,0.88329077065846,0
True,1.48888042591361,0
True,1.6535596636759,0
True,1.66712488520305,0
True,2.03650473058504,0
True,2.07702145769823,0
True,2.21596206408048,0
True,1.11130247141376,0
True,2.63581434444497,0
True,1.78054986412294,0
True,2.57017794510787,0
True,1.96380198107491,0
True,1.31257273849721,0
True,1.84368836241246,0
True,2.37405692962803,0
True,3.98661051445382,0
True,0.937640479046237,0
True,1.0505660222509,0
True,2.62975723230839,0
True,1.84604902622938,0
True,2.90412942968784,0
True,2.56924595496662,0
True,2.54016838718969,0
True,2.14414000881428,0
False,4.30737846907369,0.000132530289888911
True,1.38118313570909,0
True,1.03340340971185,0
True,2.02761380913156,0
True,1.63142074320063,0
True,3.44777512450753,0
True,2.2178497860969,0
True,0.807002902121033,0
True,2.15287539699293,0
True,1.80256594850085,0
True,2.56988133104706,0
True,2.22575055409662,0
True,1.82661576447512,0
True,2.58529208979474,0
True,1.27429117876882,0
True,2.91914058898484,0
False,2.16673581066968,0.00017781392577784
True,1.79814305996398,0
True,1.49866810823515,0
True,1.60340238233455,0
True,4.00668977605077,0
True,1.89006389746609,0
True,3.47867197724083,0
True,1.8842213978958,0
True,0.978546450328628,0
True,0.939677541655839,0
True,1.15158823947969,0
True,3.22992873386798,0
True,1.98636948842991,0
True,2.05005480348868,0
True,2.51811765634197,0
True,1.93185632391006,0
True,0.874742806021408,0
True,0.95943905913121,0
False,2.583635436551,9.97959108647888E-05
True,1.51094045662275,0
True,3.72330826679454,0
True,2.04542800084161,0
True,2.84833769595229,0
True,1.05071307899439,0
True,3.15734749666141,0
True,4.00026168000795,0
True,3.84344668535377,0
True,1.13063550230396,0
True,1.73313418540097,0
True,1.53352303963347,0
True,1.17662329815765,0
True,1.60433263895018,0
True,2.3138925941519,0
True,2.72421922146244,0
True,2.11168325691007,0
True,2.9237627908557,0
True,1.18219751940214,0
True,3.27691441806476,0
True,2.066420903486,0
True,1.50835664868876,0
True,0.761091104305692,0
True,1.02293586645276,0
True,2.04280575782013,0
True,2.4491136790021,0
True,2.185319809974,0
True,2.01112678738822,0
True,1.4043420536524,0
True,3.53653449159415,0
True,4.01785014114794,0
True,0.985372739958922,0
True,1.15516085553467,0
True,1.7814419620562,0
True,0.952749104912983,0
True,1.12477292495651,0
True,2.65768267102118,0
True,1.02900615095375,0
True,1.07019381357935,0
True,2.17985828564453,0
True,2.35631502129546,0
True,1.33097264385609,0
True,2.07623704876699,0
True,1.03670174522786,0
True,1.3344429783907,0
True,3.37772151930048,0
True,2.08605407492461,0
True,1.83123772187508,0
True,1.69704235624203,0
True,1.8487559295494,0
True,1.85261327028051,0
True,0.912675418271646,0
True,1.96066153263916,0
True,3.84573845493365,0
True,1.53527090271444,0
True,1.05240227063606,0
True,2.12740380815547,0
True,1.69072203893473,0
True,1.80025223562807,0
True,4.28510860518611,0
True,2.60286239462187,0
True,2.91357192415382,0
True,1.03653221555408,0
True,1.56408956419555,0
True,3.44241779032389,0
True,1.47976840151279,0
True,0.878773201481197,0
True,1.20862042581107,0
True,1.74597493857904,0
True,1.22475396083497,0
True,1.15044961524876,0
True,1.32920713198469,0
True,3.18065556120596,0
True,1.221971530896,0
True,1.62767459054482,0
True,1.49323339802345,0
True,2.04188689854427,0
True,3.50639196414552,0
True,1.23163372556472,0
True,1.10368602713819,0
True,2.30831078262342,0
True,1.49806464300352,0
True,1.37237036415449,0
True,1.60234490079944,0
True,2.19463835897012,0
True,1.45373295221309,0
True,1.91937105943901,0
True,1.36602470358004,0
True,0.796267553987496,0
True,0.920541881534272,0
True,1.17701767277488,0
True,1.67433185625095,0
True,4.18602852489483,0
True,2.88174866321023,0
False,2.14694036898084,9.7707303237216E-05
True,1.70317907780621,0
True,2.07534612266534,0
True,2.60916081964937,0
True,2.82383549725263,0
True,1.63087547408417,0
True,3.34867263269885,0
True,1.47084325328135,0
False,1.36955677150599,0.000119172618193551
True,2.22522934665607,0
True,0.892333016475266,0
True,1.55666095781037,0
True,1.7289738383815,0
True,4.37118464953649,0
True,2.11451246110455,0
True,2.0813379817535,0
True,2.08622825738459,0
True,1.78613709695699,0
True,1.73861216809788,0
True,1.26221356278018,0
True,2.01925601713672,0
True,1.57510840386388,0
True,1.48312351088668,0
True,2.91670364337174,0
True,2.69749165661385,0
True,2.57360076776489,0
False,2.06914774478279,0.000220205869580596
False,2.61257710349938,9.19065687144281E-05
True,1.68979444180168,0
True,0.693010943807944,0
True,2.48161162359345,0
True,3.44289661082039,0
True,3.98682970046704,0
True,2.65311360100284,0
True,2.458765088224,0
True,1.31595772837248,0
True,1.61316497888233,0
True,1.6014796544483,0
True,1.59477588626996,0
True,1.71582375673722,0
True,1.89100082019535,0
True,1.27190092018945,0
True,1.97419469815494,0
True,1.30201672118624,0
True,2.93282908506638,0
True,3.15634156911858,0
True,0.960203288743637,0
True,3.41962637344393,0
True,3.29085410539356,0
True,1.10007976816418,0
True,1.42995633901403,0
True,1.39177385724438,0
True,1.43778772895979,0
True,2.8784979986599,0
True,2.14576270849668,0
True,3.09068794779108,0
True,2.08580158908986,0
True,2.61193418922381,0
True,2.44245488128534,0
True,3.06876148202419,0
True,1.63140895869153,0
True,2.38872887567085,0
True,1.81216987573737,0
True,0.965687536104145,0
True,1.62699890450792,0
True,0.776092490600689,0
True,1.37117231955592,0
True,0.484084904512251,0
True,2.8485871092016,0
True,2.77634830607874,0
True,2.66573531461536,0
True,1.49836254898079,0
True,1.42211914642079,0
True,1.38478073926898,0
True,2.22577306184115,0
True,1.95765485796715,0
True,2.68549073774212,0
True,1.37965890372702,0
True,1.42118830416064,0
True,2.16410505244107,0
True,2.54771216656878,0
True,1.41816806201574,0
True,1.40738128503341,0
True,2.37397192252478,0
True,1.69017359982594,0
True,0.84354035300821,0
True,0.847230072733982,0
True,1.1304542786706,0
True,1.55061387326329,0
True,2.070843314453,0
True,1.93706348553562,0
True,2.73363333338233,0
True,2.98631023355413,0
True,0.639972376739357,0
True,3.13130013386384,0
True,1.08697518606823,0
True,2.58013420901279,0
True,1.99637836768005,0
True,1.71468384100277,0
True,2.05906476849452,0
True,2.8116101117383,0
True,1.13143687827479,0
True,2.77150773754429,0
True,1.63809742760877,0
True,1.45087610939974,0
True,2.91170414217713,0
True,1.63085641405624,0
True,2.08126887286446,0
True,1.71316090780028,0
True,1.17390892447998,0
True,2.04617763279535,0
True,0.988121097784198,0
True,0.678596734262709,0
True,1.73816502992988,0
True,0.722708984308077,0
True,1.52213241312641,0
True,1.58375598181662,0
True,1.27184413779675,0
True,1.07384262540906,0
True,1.30288679149613,0
True,1.96366790862073,0
True,1.98084397102796,0
True,1.24753381811621,0
True,1.3138674450077,0
True,0.73123976781723,0
True,2.26067846549389,0
True,1.42656376468665,0
True,3.32712279389275,0
True,1.39805853264641,0
True,1.84265505393882,0
True,1.04975120391093,0
True,1.06209514914624,0
True,2.73144513380501,0
True,3.06722773487411,0
True,1.98022286044649,0
True,2.57200566646928,0
True,1.56226504611082,0
True,1.43835174583499,0
True,3.34304297966505,0
True,3.27977767438181,0
True,2.65832532001485,0
True,1.32273637884809,0
True,3.05412532852661,0
True,3.05971381575587,0
True,2.61168735655237,0
True,1.72989115349798,0
True,1.82618213070931,0
True,2.46210560221671,0
True,1.11993864968775,0
True,1.99974404832122,0
True,2.51423124405154,0
True,1.52051996686247,0
True,1.09200216014559,0
True,2.12169612343302,0
True,2.30120653025106,0
True,2.37590468494499,0
True,3.26541903587543,0
True,2.54265043919948,0
True,2.15021676386005,0
True,0.876155648179927,0
True,1.49437829906167,0
True,1.08902765898564,0
True,0.826276478970977,0
True,1.58055144367127,0
True,2.47061366405177,0
True,1.66609206830724,0
True,2.6383258815778,0
True,2.36766459143257,0
True,4.2993947396482,0
True,1.52780146898523,0
True,1.16377013810031,0
True,2.07960364459445,0
True,2.99835307843188,0
True,3.36874032965064,0
True,1.91756016067428,0
True,1.77628437173104,0
True,1.30006953184837,0
True,1.38155041669696,0
True,1.79148270686837,0
True,1.70761132962192,0
True,1.36672678057147,0
True,1.27775415726878,0
True,1.47441193719327,0
True,2.22512312396903,0
True,2.15149786170078,0
True,0.896812740290305,0
True,1.65617640182619,0
True,1.85520123711801,0
True,3.89454009407874,0
True,2.23573668792444,0
True,1.83759038428273,0
True,0.972866077518754,0
True,1.79796518178553,0
True,2.03583282019764,0
True,1.47196409964904,0
True,1.11245960784052,0
True,3.27396195063067,0
True,1.38319819802507,0
True,1.61860612860107,0
True,1.52816968446259,0
True,2.08480639424839,0
True,0.97210530175032,0
True,1.71121432264949,0
True,1.96268788464898,0
True,0.507529902834239,0
True,2.04377494680792,0
True,1.46046671106432,0
True,3.17196603980036,0
True,1.60320499199162,0
True,0.744291847193746,0
True,0.724052400565897,0
True,2.06293359492247,0
True,1.99794583044267,0
True,1.01064149483818,0
True,1.47385534866817,0
True,1.34162421033246,0
True,0.586016023952839,0
True,2.00088068038568,0
True,2.08953776594253,0
True,1.95951819562058,0
True,2.57970054831508,0
True,2.22017769445528,0
True,1.73842733560885,0
True,2.10632266217199,0
True,3.19274141397191,0
True,1.26366468836022,0
True,1.33846061089932,0
True,0.748115157117438,0
True,1.5819957066557,0
True,2.36265388735205,0
True,3.37047920713889,0
True,1.8549555806324,0
True,1.33556740087074,0
True,1.58537491902238,0
True,1.84157794238532,0
True,1.75865704080749,0
True,2.11131265856838,0
True,2.70507512320837,0
False,3.6288733821194,0.000347770436889437
True,1.20298657363684,0
True,0.990780996163107,0
True,1.64343930662027,0
True,0.789680829564845,0
True,2.48732933294896,0
True,1.26205999928537,0
True,1.18505649698862,0
True,1.72755858272618,0
True,2.37514240682731,0
True,1.55896559025882,0
True,1.60477844773078,0
True,1.31521330982879,0
True,2.51213817223776,0
True,1.28536011289347,0
True,3.4089536579849,0
True,1.63760912403867,0
True,3.20791124601718,0
True,2.42879452906278,0
True,0.638916386030764,0
True,1.08402339530016,0
True,1.08110088691292,0
True,1.13416829583074,0
True,1.18423047364939,0
True,1.2182756276089,0
True,1.4551641592042,0
True,1.19836207943115,0
True,1.5773390206468,0
True,0.924916339536842,0
True,3.93114748522557,0
True,1.2310382603214,0
True,0.860914732389637,0
True,0.919140839653443,0
True,2.00303966801888,0
True,0.778224321274386,0
True,1.39671419634241,0
True,0.979983270102672,0
True,2.5879300883131,0
True,2.91476709914286,0
True,3.80248748583135,0
True,2.40129422116085,0
True,2.40414684455674,0
True,2.88074289915471,0
True,3.53586632429838,0
True,1.352023889332,0
True,1.07164872958028,0
True,2.51533222527799,0
True,1.63269863911267,0
True,2.23962916644713,0
True,2.63136355397322,0
True,2.48440685431207,0
True,0.980170992338119,0
True,2.86641074141089,0
True,3.53174645381943,0
True,2.91502484214834,0
True,1.71790740163366,0
True,0.647878041973267,0
True,3.88189570246847,0
True,2.46658708414347,0
True,1.31451738226581,0
True,3.43840822241106,0
True,2.00114998070077,0
True,2.15142427669433,0
True,1.686702128505,0
True,1.59090453793098,0
True,1.59111881819739,0
True,0.960330871535729,0
True,1.36703185248125,0
True,1.20355240505298,0
True,2.79151506830909,0
True,4.25618362050308,0
True,1.5311354135166,0
True,1.59499095372364,0
True,4.0753691959996,0
True,2.55756191027894,0
True,1.53304998695846,0
True,1.83896366479229,0
True,1.29928853870116,0
True,1.22723128789202,0
True,1.11538412245089,0
True,1.98324021221439,0
True,1.64321764935805,0
True,1.09320730754523,0
True,1.20815002019026,0
True,2.5723915722266,0
True,3.36010503923317,0
True,2.20878790563817,0
True,2.45821475199963,0
True,1.26407008656582,0
True,1.39583941206466,0
True,2.90207890367452,0
True,1.98232375216446,0
True,1.76021753583385,0
True,2.93739841571284,0
True,3.70483540268775,0
True,2.32866271402791,0
True,1.62671132543091,0
True,2.05428257095049,0
True,2.42891891274653,0
True,2.01838492689421,0
True,2.51359076457413,0
True,2.38244768642297,0
True,0.717609422523702,0
True,0.5847207148393,0
True,1.02369797809764,0
True,0.856865898055296,0
True,1.38497528992708,0
True,1.11078274447435,0
True,1.60265864137453,0
True,3.00454688503663,0
True,1.95392154835313,0
True,1.2452198968019,0
True,1.41598964988652,0
True,1.10897877354088,0
True,3.62241729380717,0
True,2.19986323903483,0
True,1.12263653710738,0
True,3.88915367103673,0
True,2.10195112387197,0
True,1.30101577847928,0
True,1.68198510778055,0
True,1.1347174194686,0
True,2.67585357731218,0
True,4.0057456226589,0
True,1.12723466054609,0
False,1.41083375431247,0.000125671703679599
True,3.44598203208675,0
True,2.36325244862684,0
True,2.23186634492834,0
True,1.40835381980631,0
True,2.53036112926867,0
True,1.2921326927041,0
True,1.12311180173556,0
True,1.64058894002348,0
True,3.56204631398446,0
True,2.80315061120243,0
True,1.65881654659903,0
True,2.89333355230835,0
True,3.12390920599989,0
True,4.08200411251332,0
True,2.36064539831822,0
True,3.333481074724,0
True,2.03527139116505,0
True,1.19419650480656,0
True,1.24497674147884,0
True,2.32970941616796,0
True,1.52915854191901,0
True,1.81784797562207,0
True,0.961218747294442,0
True,2.07289692120594,0
True,3.11269240727251,0
True,2.60330093310531,0
True,1.33604467021371,0
True,1.96963420430323,0
True,1.64132593771386,0
True,1.50365752435917,0
True,1.9401765837806,0
True,1.59204940497385,0
True,2.73087963297687,0
True,2.49773228025365,0
True,1.02041044246134,0
True,1.47824969331715,0
True,1.31198803471585,0
True,1.64352920929698,0
True,1.16531041604388,0
True,3.03428240264541,0
True,1.9470920679934,0
True,2.16020285952105,0
True,1.39625446855391,0
True,1.77121768729044,0
True,0.903424981018542,0
True,1.23535546839062,0
True,1.56296249420083,0
True,1.60388459185331,0
True,2.47802971907276,0
True,2.60109621988946,0
True,3.53745045819653,0
True,3.67385740745311,0
True,0.845924145819017,0
True,1.32891553672427,0
True,1.06548800521684,0
True,3.0146949665666,0
True,1.30925748677665,0
True,2.21104109430371,0
True,2.98597705559625,0
True,1.78514245455192,0
True,1.65383597490034,0
True,1.44142162723701,0
True,1.10669533001392,0
True,2.01867438153417,0
True,1.10305194665255,0
True,3.28930803513394,0
True,1.97930501237095,0
True,1.28975630238918,0
True,2.45082152007432,0
True,0.920758257873997,0
True,0.877648966576552,0
True,1.68811326197739,0
True,1.57846768964455,0
True,1.82761600864054,0
True,3.75916018842696,0
True,2.51929993413784,0
True,2.30335217248053,0
True,1.87898912434293,0
True,1.93775264661726,0
True,0.862709919323411,0
True,1.32212636752457,0
True,1.81079700895311,0
True,2.08952807419167,0
True,2.07407256126751,0
True,1.99272225318834,0
True,1.51609303919929,0
True,0.665271358779732,0
True,1.58091071663349,0
True,2.61397535915563,0
True,2.04643514307993,0
True,1.78761947998046,0
True,1.91536094995376,0
True,4.26185777227546,0
True,2.73002181045281,0
True,1.71028593629894,0
True,1.38205912540587,0
True,2.46314979365798,0
True,1.77793446354661,0
True,2.24575311893718,0
True,2.51807294437396,0
True,1.10926472433264,0
True,1.47198783992925,0
True,1.89049064155511,0
True,1.85676027948999,0
True,2.67446014769959,0
True,3.13015861805602,0
True,2.35784568782335,0
True,1.63651602787582,0
True,2.57535693736543,0
True,2.59273635847507,0
True,2.48648513219957,0
True,1.13190111546652,0
True,2.8066038167204,0
True,3.67105082190007,0
True,2.39727179852939,0
True,2.1790266970186,0
True,2.21774366951853,0
True,1.05875305160785,0
True,1.53782246261206,0
True,3.36199798255506,0
True,4.34059457743103,0
True,1.9877837260582,0
True,1.89447181390048,0
True,2.03367868740044,0
True,1.98301346010085,0
True,2.30475742589686,0
True,3.45651898222374,0
True,2.05986744758026,0
True,1.0315595184187,0
True,1.40958503348247,0
True,2.82836485958219,0
True,2.67233227284301,0
True,2.15164582511483,0
True,1.77942693984636,0
True,2.60211764998281,0
True,2.5138216034502,0
True,2.35711164099392,0
True,2.20600270232989,0
True,2.58857974357902,0
True,3.20922514545609,0
True,1.47219205957309,0
True,1.68638727125706,0
True,1.7162648799858,0
True,1.3080012830067,0
True,2.88151606619241,0
True,0.387461635859678,0
True,1.54681635942972,0
True,2.36508278011559,0
True,2.09016069773169,0
True,3.11121262835706,0
True,1.36987639651161,0
True,1.03241807534917,0
True,2.12643133034545,0
True,1.10213235248445,0
True,1.6754048414641,0
True,1.32880328491565,0
True,2.02191051450751,0
True,2.00542368255323,0
True,1.93144367551416,0
True,2.13935960195903,0
True,1.95356151082738,0
True,2.69304206498094,0
True,1.33703702169571,0
True,1.51907971976108,0
True,2.60865337763717,0
True,2.10594739822138,0
True,0.664894902003575,0
True,3.10927325025875,0
True,1.62823367066163,0
True,2.22441329997352,0
True,1.57092323113863,0
True,2.37696112909348,0
True,2.46484039811214,0
True,2.0128332297046,0
True,1.0973790320228,0
True,2.10609384211273,0
True,1.2618820226894,0
True,1.59556213755791,0
True,2.63926409336857,0
True,1.64816312775249,0
True,2.21114530590523,0
True,2.44354526245987,0
True,3.10140384535701,0
True,1.73588828034699,0
True,0.573284086967269,0
True,0.649598755834777,0
True,1.50946158985569,0
True,1.26611469534146,0
True,2.36183801718856,0
True,1.89761220311645,0
True,2.55795180635939,0
True,2.52075727634931,0
True,1.90324686022704,0
True,3.9025083543598,0
True,1.32273649900967,0
True,0.882885040663166,0
True,4.03321734854337,0
True,1.65963770274023,0
True,2.40395170589757,0
True,1.18253645100037,0
True,1.60988734052399,0
True,3.69658403642872,0
True,3.2344926446838,0
True,2.35435724719408,0
True,2.16545150389283,0
True,1.5725312136623,0
True,1.89236779192992,0
True,1.4995016607139,0
True,0.546615526440393,0
True,1.28830740105978,0
True,0.862434898567352,0
True,3.58953623952916,0
True,3.17559670892978,0
True,1.76285875940562,0
True,1.59006663151566,0
True,1.24045922550464,0
True,3.11876777793867,0
True,3.11886292664761,0
True,2.18314447111547,0
True,1.2205050994336,0
True,1.66054353832226,0
True,1.56311587918302,0
True,1.31718168282021,0
True,1.35955757627154,0
True,0.802803190797165,0
True,1.21265003842035,0
True,2.49835733719475,0
True,1.38480107579752,0
True,1.40557867933699,0
True,2.01221408439353,0
True,2.15023390292121,0
True,1.53972030079549,0
True,0.592888006702606,0
True,3.62346383605694,0
True,1.8823326344426,0
True,1.64653356540772,0
True,1.44615601803947,0
True,2.42234196719553,0
True,0.970244855647986,0
True,0.883877977638083,0
True,1.4021912519765,0
True,2.56463412539305,0
True,1.66782220233022,0
True,3.04450184362287,0
True,0.81846322907341,0
True,2.77737666968426,0
True,2.13110491881133,0
True,0.860434316898927,0
True,3.16438774164984,0
True,3.80299766949663,0
True,1.14859321101668,0
True,3.53745426833641,0
True,0.972379671540301,0
True,1.13886084361626,0
True,1.19290499031068,0
True,1.12517960617279,0
True,1.28399339805002,0
True,1.07629419125123,0
True,2.82828136352163,0
True,1.15784444622094,0
True,1.24921411842211,0
True,2.54706822565209,0
True,2.03336004508781,0
True,1.42845665146795,0
True,2.49231431766656,0
True,1.08282895857083,0
False,1.98044129698566,0.000463504975381704
True,2.56219181931133,0
True,1.74677652227784,0
True,1.84463068938774,0
True,2.26609347284048,0
True,1.19120697621223,0
True,2.00816323807809,0
True,1.07754497896576,0
True,0.992681331921018,0
True,3.08413430605928,0
True,1.86387719715466,0
True,2.78441872458349,0
True,2.63547738604017,0
True,2.34008992994551,0
True,1.82003854662624,0
True,2.91775482236494,0
True,1.08542161963418,0
True,2.91432654671515,0
True,1.14170261594836,0
True,1.56517838837641,0
True,1.48817427785395,0
True,2.53165060384416,0
True,2.09829726094253,0
True,2.03238836830035,0
True,1.25775448888235,0
True,2.20038601624594,0
True,1.79590223921879,0
True,2.46443761154987,0
True,1.67402997732159,0
True,3.03122136262846,0
True,1.86888519792647,0
True,0.867323368628039,0
True,3.12172009540913,0
True,0.746259877095357,0
True,1.24144356251855,0
True,2.27199617072232,0
True,1.38454780167994,0
True,1.4519213582522,0
True,1.35554056661172,0
True,1.33584119943798,0
True,3.00217422883123,0
True,2.93252600266945,0
True,2.52222129485235,0
False,2.12293187811256,0.000115590636919877
True,2.57698031589315,0
True,2.5000801804342,0
True,1.9630191634234,0
True,2.71578932942426,0
True,3.86177301796968,0
True,1.01670325509592,0
True,1.59056834953503,0
True,1.20506738496705,0
False,1.83902002188932,8.83299728415727E-05
True,1.85408733916658,0
True,1.313507735352,0
True,1.35516929178287,0
True,1.06535314613705,0
True,2.56442005598274,0
True,2.92953835997095,0
True,2.91353468345547,0
True,3.00639377098337,0
True,1.63789537858508,0
True,1.63230702752178,0
True,1.84579410035912,0
True,2.59708021691665,0
True,2.58865318410759,0
True,1.31236068165892,0
True,1.89712584359167,0
True,2.4823826276014,0
True,3.53845325015243,0
True,2.79258448792656,0
True,2.06315577686545,0
True,1.6637191128757,0
True,1.04143751092698,0
True,0.728308310937073,0
True,1.59644660653627,0
True,1.39481477601263,0
True,3.41391032392833,0
True,3.33708089379509,0
True,0.998213897775917,0
True,1.80940739162827,0
True,2.06820906790374,0
True,1.62052207370496,0
True,1.67311588236916,0
True,1.02229309062602,0
True,1.44975673327039,0
True,0.829201745684892,0
True,1.93347492455776,0
True,2.53313709060908,0
True,1.61522569555576,0
True,0.931278910301695,0
True,2.8435983695831,0
True,1.79370533008856,0
True,2.42736336467019,0
True,2.06954864700101,0
True,2.07324291990344,0
True,1.81493450070732,0
True,3.18080384522915,0
True,2.36487123256515,0
True,1.41092868880777,0
True,0.618092792912726,0
True,2.28819499055942,0
True,1.39175058076812,0
True,1.10097133639452,0
True,1.52685379099029,0
True,1.51238547950523,0
True,0.980830929685283,0
True,1.95520089360355,0
True,1.97113583247862,0
True,2.00576844008545,0
True,0.860758299330664,0
True,1.89365487414147,0
True,1.66890786125826,0
True,1.84015886872581,0
True,2.78309124387025,0
True,3.18926799690622,0
True,2.30814017871569,0
True,3.0398891006234,0
True,1.00319698652874,0
True,3.39075535292719,0
True,1.48759758803967,0
True,0.941985212789999,0
True,1.63718275162196,0
True,1.92115477879787,0
True,0.994830802708971,0
True,2.6865757832472,0
True,1.26984151950237,0
True,1.5420615830645,0
True,1.74085835849093,0
True,1.25108765317558,0
True,1.60388368616988,0
True,1.92941191176173,0
True,2.67230853128655,0
True,1.28332287398436,0
True,1.5343030903297,0
True,2.20425634630669,0
True,2.67416090201693,0
True,2.1160864898573,0
True,2.48253177602151,0
True,0.859877387001257,0
True,2.28235252774278,0
True,2.32414307695983,0
True,2.35288843067597,0
True,2.12650176324851,0
True,1.82512964508723,0
True,1.45745869201546,0
True,1.19114849445039,0
True,2.27904550420959,0
True,1.0036341946604,0
True,1.16890901654436,0
True,2.62751386219823,0
True,0.900698967744286,0
True,0.980662074121275,0
True,3.27743884698006,0
True,2.90551660048003,0
True,1.40918478340633,0
True,2.44365685839818,0
True,2.80165299878465,0
True,3.57249247843991,0
True,2.90552265473536,0
True,2.19004411147106,0
True,2.03150917761553,0
True,1.59330881130194,0
True,1.71689539070081,0
True,1.38914891624457,0
True,2.66606175578824,0
True,3.22070229974355,0
True,1.28296906122552,0
True,1.12214459564212,0
True,3.65721832485013,0
True,1.80824180632765,0
True,1.85097331527115,0
True,2.03104261150669,0
True,2.92393424660204,0
True,1.43996171481608,0
True,2.39120228618808,0
True,2.63871875906281,0
True,3.58302753761989,0
True,1.03789838647203,0
True,3.33261787121193,0
True,1.7853803309323,0
True,1.66614936888191,0
True,3.28228544197996,0
True,3.48029159881553,0
True,1.26642718273454,0
True,1.42904510245115,0
True,1.23854836494162,0
True,2.52398165500126,0
True,1.25806748901786,0
True,0.827986205191021,0
True,1.41212527322287,0
True,2.87321931578636,0
True,2.07377972887695,0
True,2.67442457659674,0
True,3.69953378681766,0
True,2.32763733865914,0
True,1.1601100519096,0
True,1.33766808575339,0
True,2.53866744520134,0
True,4.57254373717324,0
True,2.34559975557806,0
True,1.9115848944741,0
True,1.54107851322143,0
True,1.14959826092778,0
True,1.41700811170441,0
True,1.20595416602497,0
True,1.52005104712807,0
True,1.82750040975681,0
True,2.12780087356455,0
True,3.71180452198047,0
True,1.22990591114391,0
True,2.51231814407034,0
True,1.04751222295549,0
True,1.556738901029,0
True,1.729838590539,0
True,1.81474252610279,0
True,1.46436318296159,0
True,1.68709967197489,0
True,1.64613490526533,0
True,2.32789202891573,0
True,1.81132174080583,0
True,1.55769292955072,0
True,0.940164258032737,0
True,0.839578028848488,0
True,0.716674022705521,0
True,1.91442875043393,0
True,1.35921544886127,0
True,3.6530453394199,0
True,1.12419157039618,0
True,2.41586669462432,0
True,1.22407870340148,0
True,2.65047633457082,0
True,2.88996297012729,0
True,1.10868167100006,0
True,2.61000422306754,0
True,3.28685064116605,0
True,2.40465204496292,0
True,1.89268304240794,0
True,1.80458490992548,0
True,4.19270786075898,0
True,0.849539420838493,0
False,2.47966867140891,0.000109325928613769
True,1.23535593434321,0
True,0.775438271607521,0
True,1.26762189741141,0
True,2.5742236234263,0
True,2.16593485119473,0
True,0.998566435155222,0
True,3.02229014035161,0
True,4.09560305313587,0
True,1.19166355088733,0
True,0.996393895881553,0
True,2.24731072751537,0
True,2.86143950821027,0
True,1.6009233595411,0
True,1.05484994369427,0
True,1.79319387972746,0
True,2.67879957664051,0
True,2.66790485893751,0
True,1.15104517817676,0
True,1.93028911214279,0
True,2.27926378456841,0
True,0.50916849678993,0
True,1.85560981087019,0
True,1.19172041555344,0
True,1.77145676115044,0
True,1.4187859375942,0
True,2.10489213800735,0
True,1.46141159943057,0
True,2.0361421076795,0
True,1.48937032357055,0
True,2.41661058905626,0
True,1.92836095966138,0
True,0.928740064606779,0
True,1.83468792301814,0
True,0.893612074138833,0
True,2.48737959952303,0
True,1.0530460442003,0
True,2.18951388006217,0
True,1.66731081938221,0
True,3.89293546178534,0
True,1.89632927236914,0
True,2.7159201331018,0
True,1.70122814889149,0
True,1.85509985790312,0
True,1.48301617150614,0
True,3.90996311622115,0
True,2.19262877149244,0
True,1.49846788777267,0
True,2.25688772475943,0
True,1.20728878722316,0
True,1.52624140488945,0
True,1.01623533801192,0
True,2.00618056528577,0
True,0.908150218724968,0
True,1.52008968112925,0
True,2.22899496406705,0
True,1.26058673704263,0
True,1.99239478956457,0
True,1.91089911454421,0
True,1.87213530043563,0
True,2.39197174772894,0
True,1.22431785306165,0
True,2.74501123048528,0
True,1.86357296084498,0
True,0.874881939921216,0
True,3.3724028544986,0
True,2.05489370999366,0
True,1.37622336376729,0
True,2.66337973641265,0
False,1.97315288900946,0.000142758928085704
True,3.66448301398517,0
True,1.85728851699137,0
True,1.68400801563163,0
True,3.57724926717437,0
True,2.1956085241915,0
True,1.53301638093679,0
True,1.81230490684739,0
True,2.15355434355109,0
True,1.15272998388264,0
True,2.22007195735538,0
True,1.04513931906991,0
True,1.30306740063792,0
True,1.62968553874753,0
True,1.61486907733491,0
True,1.14151898352062,0
True,1.23283660073961,0
True,0.7546123142032,0
True,0.539160552191499,0
True,1.76910427990904,0
True,3.13870079767362,0
True,1.9720779272428,0
True,2.51589033773584,0
True,2.59999730434019,0
True,4.12035863115679,0
True,1.93804524777298,0
True,1.34339828286516,0
True,2.34177614836164,0
True,1.9641830337324,0
True,1.2980435872923,0
True,2.14239483418452,0
True,1.85659609267451,0
True,1.0984078984944,0
True,4.06321452749867,0
True,2.62296015611255,0
True,2.6601941846007,0
True,1.45268183259396,0
True,3.39790380509686,0
True,2.67551732640244,0
True,1.67718847650896,0
True,1.32366316919984,0
True,1.17148911677656,0
True,1.78244665091021,0
True,1.05064119788788,0
True,3.67200464544852,0
True,0.757120304686699,0
True,1.30437722199057,0
True,1.55252924959644,0
True,2.39985058353301,0
True,1.74334214817486,0
True,1.16969980318157,0
True,1.27081555300315,0
True,2.74926837779687,0
True,1.65409520024072,0
True,2.46394774074427,0
True,2.1993401661527,0
True,1.99821787181001,0
True,2.43113584595249,0
True,2.03541257840326,0
True,1.90822012554157,0
True,1.44496687940081,0
True,1.36342757604451,0
True,2.5030841389454,0
True,1.98413652875049,0
True,1.73037733210291,0
True,1.8117176024789,0
True,1.72589335305267,0
True,1.40768230195809,0
True,2.48106281081564,0
True,1.49767796222947,0
True,2.77130780798559,0
True,2.53477218166979,0
True,1.27617846281363,0
True,1.8508441149593,0
True,1.7163961627209,0
True,1.79990762996826,0
True,1.39427712973716,0
True,1.43562952882682,0
True,1.77031157819934,0
True,2.34465242036401,0
True,2.26798698707349,0
True,1.74633030385359,0
True,2.04790439930002,0
True,1.46813019985395,0
True,1.60156866599458,0
True,2.16700238424568,0
True,0.943363434108891,0
True,1.19457462790308,0
True,2.04676644568457,0
True,2.44805390688991,0
True,3.86206356887511,0
True,3.38883105432672,0
True,3.65252395344507,0
True,0.97094091469056,0
True,1.83339708870903,0
True,1.47257169587098,0
True,1.19400907147862,0
True,2.36099833553188,0
True,1.4120050870957,0
True,2.01459655882051,0
True,1.17829862049748,0
True,1.66694221789311,0
True,0.951562109809711,0
True,3.0664185311355,0
True,1.49053573280182,0
True,1.92093230743734,0
False,3.9244587698018,7.83650942821694E-05
True,4.09448087607946,0
True,0.999786945022517,0
True,3.39111691552786,0
True,2.18124536184364,0
True,2.35807402159256,0
True,1.61936351615288,0
True,0.998666124825894,0
True,2.72622439528789,0
True,3.28172883027602,0
True,2.29325756890009,0
True,3.39889193231232,0
True,1.50591674502627,0
True,1.31817592624264,0
True,1.2215270396639,0
True,1.03402622698238,0
True,1.98272125636033,0
True,1.06222108678679,0
True,0.950621461011317,0
True,1.38606866440157,0
True,1.00130860784073,0
True,1.64248341177988,0
True,2.39527535346064,0
True,2.45489525969931,0
True,1.78066677414769,0
True,2.04905892174999,0
True,4.34879551269738,0
True,2.75156037219891,0
True,2.28629095342766,0
True,0.862634054926598,0
True,1.90692141889069,0
True,3.19912298448162,0
True,1.33406204304864,0
True,1.53656705826745,0
True,1.45897890345147,0
True,2.69699309660324,0
True,1.03214709457484,0
True,1.12180341969106,0
True,1.29782591574792,0
True,0.980079333463058,0
True,1.89707686152389,0
True,1.21160746094712,0
True,2.03297929836562,0
True,0.890515279043318,0
True,4.11193540274061,0
True,2.46641331878779,0
True,1.03441169196353,0
True,2.86952085687359,0
True,1.73412642186805,0
True,3.71295230797907,0
True,3.23098827126745,0
True,3.94645709822747,0
True,4.23109441010197,0
True,1.12255603902523,0
True,0.722068419372158,0
True,1.57423254016727,0
True,2.2732829120031,0
True,2.4925832299183,0
True,2.62280899314365,0
True,1.7263158842346,0
True,2.03279840614613,0
True,2.3421784496335,0
True,2.75720746266441,0
True,1.32887314547492,0
True,1.67005869917624,0
True,1.75115073819157,0
True,1.10645304396015,0
True,1.30381735857303,0
True,3.81509503814241,0
True,1.84243887810935,0
True,1.4294593157141,0
True,0.9273185471484,0
True,1.94464997633654,0
True,0.93019405203022,0
True,1.69096690080716,0
True,3.56465377465087,0
True,2.7094302760958,0
True,1.10046630067108,0
True,0.893958350020516,0
True,1.61588916044134,0
True,2.88770823639613,0
True,1.48831948841082,0
True,1.84417660447231,0
True,2.43848553860809,0
True,2.10045040050373,0
True,2.70686677263987,0
True,1.61331357107488,0
True,2.24481542842807,0
True,2.5090478735304,0
True,2.23872984626639,0
True,3.1474559648601,0
True,1.67528290237345,0
True,1.20920000209888,0
True,1.9784256374603,0
True,1.03734145534868,0
True,2.8447564199233,0
True,3.37603828546778,0
True,1.7480140583099,0
True,1.46625452743901,0
True,2.19752330580051,0
True,1.1339901436573,0
True,1.58827341698386,0
True,1.44428116139026,0
True,2.8037849382217,0
True,2.01917682467483,0
True,2.43258399326303,0
True,2.250636986837,0
True,2.30084991250455,0
True,2.51748988009985,0
True,3.17141859045688,0
True,1.94158361006456,0
True,1.59551445526983,0
True,3.53250880854768,0
True,1.50306155690004,0
True,1.00855810399924,0
True,1.3067455669596,0
True,4.29984355869306,0
True,1.92849146278792,0
True,1.51220346535141,0
True,2.45598450823498,0
True,1.75292547058629,0
True,2.18062952495829,0
True,1.09698848453432,0
True,1.31392474083125,0
True,0.670462281067449,0
True,2.00507575366345,0
True,1.5173719310418,0
True,1.95917356387838,0
True,0.84034265347766,0
True,2.59984951575209,0
True,3.55377505755546,0
True,1.41898591165923,0
True,2.42145049415948,0
True,2.76395796067758,0
True,3.85094747711215,0
True,2.43322210416287,0
True,1.03877982794064,0
True,1.18452731003171,0
True,1.42585455572892,0
True,2.63477810637099,0
True,2.51675407002378,0
True,0.976584607408636,0
True,1.67047367911593,0
True,2.25379875215725,0
True,1.37331857464748,0
True,2.27431947664312,0
True,1.52995046595468,0
True,1.75008130814463,0
True,3.89218645119301,0
True,3.44750729001297,0
True,3.23465372532637,0
True,1.01381743008061,0
False,1.64314635249508,0.000161724351913994
True,2.83999145112132,0
True,2.90052008622411,0
True,2.64733868244253,0
True,3.25280762849467,0
True,1.36293358047114,0
True,0.501996911281453,0
True,2.10512061243222,0
True,1.98040560929033,0
True,2.52810453522082,0
True,1.58227875253538,0
True,1.5911593602387,0
True,1.316755642157,0
True,3.25914866954791,0
True,3.5335596917168,0
True,1.05545569741527,0
True,1.13930048047118,0
True,2.07400125697942,0
True,1.31253578129812,0
True,0.758135780597887,0
True,1.38828462694691,0
True,1.1376319597605,0
True,0.660074468977061,0
True,1.06979663789639,0
True,1.93950653193601,0
True,1.70202208463164,0
True,2.49836400461568,0
True,1.19827443444427,0
True,0.705485203993538,0
True,1.01624923255332,0
True,1.30969296756631,0
True,1.70675388690019,0
True,3.40826393750135,0
True,2.49617166304196,0
True,2.44805106794517,0
True,2.21347262775573,0
True,3.56439889920891,0
True,0.764920223155091,0
True,3.7012055161531,0
True,0.9519631107926,0
True,1.30141307882832,0
True,1.1097057971218,0
True,1.39102256917201,0
True,3.07800756197949,0
True,1.96509426364375,0
True,1.92301376621112,0
True,2.5936401329959,0
True,1.69078195503737,0
False,1.91968820747758,0.000114208914542462
True,1.42137854041038,0
True,1.53656900178017,0
True,1.6978095708873,0
True,2.71788343539088,0
True,2.12835930956699,0
True,1.70052068924793,0
True,1.04164536922462,0
True,1.64987562044841,0
True,1.33356872211676,0
True,1.10486777427125,0
True,1.77738977937394,0
True,1.94955099914851,0
True,0.797194724826599,0
True,2.80103780618621,0
True,2.70613169610035,0
True,2.82706066218147,0
True,2.41432639826265,0
True,1.42543881847669,0
True,1.90536610836425,0
True,0.975645208287629,0
True,2.04150760246435,0
True,1.62764013543555,0
True,3.50163093886702,0
True,1.61301788774828,0
True,2.18653603940303,0
True,1.19910749638323,0
True,1.54328821108133,0
True,2.66022997761071,0
True,1.80658622974784,0
True,2.36352581023147,0
True,1.19741800388571,0
True,3.38634057118551,0
True,1.24070390740064,0
True,2.50236038075971,0
True,1.51216962333192,0
True,1.77628677916193,0
True,1.30571682566253,0
True,2.53207088172561,0
True,2.17487049676856,0
True,1.89270401933774,0
True,0.783278164145826,0
True,2.31960499574993,0
True,1.61575085041101,0
True,0.8049686117331,0
True,0.957635278948461,0
True,1.6970780578694,0
True,1.6138371107019,0
True,1.53281871284228,0
True,2.21086227464981,0
True,1.98475607414182,0
True,1.3385801641397,0
True,2.16080680870354,0
True,2.25219282171683,0
True,0.926170137941857,0
True,1.23112238811621,0
True,1.11772944362667,0
True,1.27910542620071,0
True,2.12474967114254,0
True,1.93113155823817,0
True,1.43807297264295,0
True,1.59510108818996,0
True,1.30064003645653,0
True,0.787876368245635,0
True,2.52834671376035,0
True,2.43865859660763,0
True,2.55377754928836,0
True,1.92017826425693,0
True,1.00037898916448,0
True,1.58550035170974,0
True,3.07787636329724,0
True,1.58296885200818,0
True,1.71579993478219,0
True,1.80748437499989,0
True,0.967171123416694,0
True,2.24061338662115,0
True,1.16829044156144,0
True,0.874594823961232,0
True,1.01228136104162,0
True,1.95778620651252,0
True,1.68049710773279,0
True,1.24932917270836,0
True,2.01216279361242,0
True,3.80973778422087,0
True,1.23285266849641,0
True,1.36457739920496,0
True,1.8000746693751,0
True,1.20460552460902,0
True,2.39639161703108,0
True,1.16265942143305,0
True,3.14174718558631,0
True,3.17460326749058,0
True,2.7141961030341,0
True,1.6764354887445,0
True,0.981344060499162,0
True,1.4865514564025,0
True,1.60447728839593,0
True,2.1736713675943,0
True,2.4607086729224,0
True,1.70930222754525,0
True,2.25852737606011,0
True,2.05237338306272,0
True,1.61730395751545,0
True,1.06371709821355,0
True,1.88734941205317,0
True,2.42956911123529,0
True,1.87701296118068,0
True,3.06268789036436,0
True,1.88660624790301,0
True,1.50458796098336,0
True,1.23458682836147,0
True,1.61273751381018,0
True,1.67489646690363,0
True,1.55744169969401,0
True,3.39566937431614,0
True,1.78151443098846,0
True,2.5920348100788,0
True,2.9687872293623,0
True,1.62796531175022,0
True,2.00891762423663,0
True,2.77688905248364,0
True,2.5047383149056,0
True,1.22276299244324,0
True,3.83249641727756,0
True,1.82296816158405,0
True,3.01052260882327,0
True,1.19430288813152,0
True,1.34554472443441,0
True,2.23351590292358,0
True,2.45731018355347,0
True,2.19371455326718,0
True,1.5848677922238,0
True,1.01652823740568,0
True,2.15387883697457,0
True,1.13510096048576,0
True,1.28581987415273,0
True,3.99107299340205,0
True,1.98016327956145,0
True,3.28790674214363,0
True,3.62369357312393,0
True,4.14899543116223,0
True,1.93517407271077,0
True,4.30164068912855,0
True,3.87468043355173,0
True,4.15637264588054,0
True,2.81423018840409,0
True,1.30060808735176,0
True,2.86810243554726,0
True,1.68297106484773,0
True,2.07059252592186,0
True,1.03352839109426,0
True,2.27034199702735,0
True,1.83552365587825,0
True,2.32804018493356,0
True,3.38432425782719,0
True,2.06898386428251,0
True,2.56005905338483,0
True,1.7579794951852,0
True,1.23867016713158,0
True,1.77828426817542,0
True,1.391384614728,0
True,1.2171406578026,0
True,2.64145352313211,0
True,1.87588672668863,0
True,1.28606993315291,0
True,1.79630473375729,0
True,2.77054381415734,0
True,1.23168715177071,0
True,1.87694324800189,0
True,2.35894588401077,0
True,1.07716722542767,0
True,2.42300206757268,0
True,3.67915636702561,0
True,1.30074405333584,0
True,2.13177419186403,0
True,1.26094053047558,0
False,1.64189414530226,0.000603125066397097
True,1.41020869390185,0
True,1.13047810962758,0
True,1.70190881981811,0
True,1.07990165873074,0
True,2.01612056569485,0
True,2.52381705652427,0
True,2.78047393523955,0
True,1.1605195908365,0
True,2.57683916988192,0
True,2.58401773744604,0
True,2.2799854334106,0
True,1.24975787157398,0
True,1.1615262301868,0
True,1.74873867767697,0
True,1.07064543211432,0
True,2.10644876119582,0
True,1.97606566843616,0
True,1.92980690377216,0
True,2.61415299110078,0
True,1.91802321800981,0
True,2.76052757657051,0
True,2.84024177709272,0
True,2.28831153442229,0
True,2.2874377939547,0
True,0.997341275918475,0
True,1.66004092282,0
True,1.67098463239363,0
True,1.64195770686979,0
True,1.97251104134442,0
True,2.57490962691389,0
False,2.21967424372798,0.000252069022566719
True,2.50196639159947,0
True,2.4029715780989,0
True,1.65778251832415,0
True,1.02665842655098,0
True,1.72343724549247,0
True,0.901961556112524,0
True,3.56907002194101,0
True,1.51862129024032,0
True,3.79721149335666,0
True,2.67802713046256,0
True,1.35441627136443,0
True,1.59263142512408,0
True,1.70110681905455,0
True,1.25812557296957,0
True,2.08766986280943,0
True,2.60087062576956,0
True,2.14073088257947,0
True,3.16130659137455,0
True,2.99813815741294,0
True,1.78705451542686,0
True,3.30849279572454,0
True,1.33960349989043,0
True,1.47668890687531,0
True,1.00635039246229,0
True,1.73637698839681,0
True,2.46308045856442,0
True,1.46604758548606,0
True,2.26327795878851,0
True,1.10023521412462,0
True,2.18160475837499,0
True,2.78445441005663,0
True,2.82915217271228,0
True,2.13514093548595,0
True,0.958507383166607,0
True,1.29556202056596,0
True,1.25879084436091,0
True,1.80075226665261,0
True,1.55573738817992,0
True,2.26152942078761,0
True,3.01481846080752,0
True,0.628279977890816,0
True,0.781638787644366,0
True,0.81364216661451,0
True,1.01595598857986,0
True,1.40486931952276,0
True,1.67439200712499,0
True,2.33671436301025,0
True,1.83329779336543,0
True,1.2156658960084,0
True,1.25741779654487,0
True,1.49583532447267,0
True,1.41573804305614,0
True,3.28696749349044,0
True,1.09409868552503,0
True,1.55431007451596,0
True,2.79634807285749,0
True,2.45550666896777,0
True,1.98889555155093,0
True,2.78143249302639,0
True,2.56541839957139,0
True,1.39464464693069,0
True,1.17789866363117,0
True,0.757278504283199,0
True,2.43963247641042,0
True,1.62671170951322,0
True,1.12175532482358,0
True,1.09545747042392,0
True,1.51405957962707,0
True,2.731063945988,0
True,1.87272430050601,0
True,2.70612337266735,0
True,2.65782961133799,0
True,1.87114519295291,0
True,1.66322157837919,0
True,2.47217561429504,0
True,2.57101907568906,0
True,3.12085222465751,0
True,3.75658047732596,0
True,2.29047919681486,0
True,1.09805120838518,0
True,1.34866673007968,0
True,2.11600405348909,0
True,4.2961123863331,0
True,2.62717237960447,0
True,1.33086304369885,0
True,1.65417345405282,0
True,1.34929257094167,0
True,0.977709247673659,0
True,2.53768476647843,0
True,1.63885568289011,0
True,0.883853988334208,0
True,1.80656776540084,0
True,2.35211580425598,0
True,2.73152234309566,0
True,0.875335594861716,0
True,2.85147660166527,0
True,1.80718916805067,0
True,1.10528558799792,0
True,2.80677366157681,0
True,1.21299667636155,0
True,0.75657627587617,0
True,1.51531316039743,0
True,1.47266130239125,0
True,1.74201616260809,0
True,2.08226486672512,0
True,1.36268936656329,0
True,2.12402268035236,0
True,2.0791418522164,0
True,1.58712418646251,0
True,3.84344573361796,0
True,2.3111317529003,0
True,1.67267675073567,0
True,1.87941470011387,0
True,2.36913945475227,0
True,3.30051380594383,0
True,2.58519180150031,0
True,1.28555552696245,0
True,3.81010419442279,0
True,3.23586291288936,0
True,2.4224380781502,0
True,1.1076311982299,0
True,3.1067639358923,0
True,1.11075271342524,0
True,1.66682346446182,0
True,1.24781867948434,0
True,2.13722912455601,0
False,1.06881543029878,0.000110926770104332
True,0.744251849489069,0
True,2.55968485113409,0
True,1.98437342887682,0
True,3.20219768693197,0
True,1.66923589747876,0
True,1.22913170193697,0
True,4.45022477665134,0
True,3.03197984323015,0
True,1.86487752607714,0
True,1.8147217761176,0
True,1.19624155154693,0
True,1.97246650997804,0
True,1.24290546599543,0
True,1.39592424689159,0
True,1.24829130421518,0
True,2.05685165315848,0
True,1.22980383318231,0
True,2.60589092737875,0
True,1.78643502479866,0
True,1.07257060921761,0
True,2.12110643622637,0
True,1.43819537551477,0
True,1.47068781737521,0
True,1.09465524704456,0
True,2.01945637378645,0
True,1.64101014268738,0
True,1.10250752236189,0
True,1.52316741435445,0
True,1.83772375934108,0
True,1.00779373628394,0
True,1.613643045334,0
True,2.5886067101567,0
True,2.09506477290592,0
True,1.59465470410534,0
True,1.51186413796111,0
True,2.55674550175052,0
True,2.7807573810908,0
True,0.873340082293138,0
True,1.77883926493714,0
True,1.87730018736807,0
True,1.98781573084761,0
True,2.89056500376284,0
True,3.26760818848552,0
True,3.17043600367578,0
True,1.32574269206439,0
True,1.56252438180508,0
True,0.909628006310261,0
True,3.57151755339666,0
True,1.78819576434319,0
True,3.45680946043949,0
True,2.66485438906585,0
True,1.65297850071581,0
True,1.43269718624283,0
True,1.93282491095372,0
True,1.83779220403614,0
True,2.1191311362212,0
True,1.53178929383629,0
True,1.90937943903725,0
True,1.96103458056294,0
True,1.84351896276095,0
True,2.26093757126867,0
True,0.950945127822859,0
True,1.76949742192937,0
True,2.62683427733606,0
True,1.27117597805369,0
True,2.26162061071169,0
True,2.49291903791113,0
True,2.17393480501517,0
True,1.03985721649541,0
True,2.50437373156155,0
True,3.02085829943715,0
True,1.40838470843497,0
True,1.85227318189179,0
True,1.01354181897194,0
True,1.17838898699393,0
True,2.00090157872015,0
True,2.28706881490378,0
True,2.50804289183238,0
True,1.67471765036002,0
True,1.52081492059509,0
True,1.42562627650901,0
True,3.17745649991573,0
True,2.231990790956,0
True,2.32582964811055,0
True,1.56292633260386,0
True,1.24059069385649,0
True,2.03934167022947,0
True,0.750065765818479,0
True,1.20655705445039,0
True,1.38267472063619,0
True,2.07159568900678,0
True,1.57562282077798,0
True,1.78122573843738,0
True,1.7786978202283,0
True,1.86018312145261,0
True,2.20792329726056,0
True,1.97634977347657,0
True,1.15572070340395,0
True,1.52014770465903,0
True,3.92073203360229,0
True,2.7727940356225,0
True,1.84514023163035,0
True,2.50236716137263,0
True,1.60142214398086,0
True,2.36781933442423,0
True,0.84590167537658,0
True,3.28728623963851,0
True,1.89541242518908,0
True,1.46842035101564,0
True,1.10335532300786,0
True,4.31735250642093,0
True,1.334834716903,0
True,1.30557932706484,0
True,1.32107157339297,0
True,1.04227877170106,0
True,1.92312666001268,0
True,2.11293706061884,0
True,1.01420995322949,0
True,1.77250367178928,0
True,1.91953485418684,0
True,1.34849684894843,0
True,2.63734226636752,0
True,1.91590670732498,0
True,1.38868851562713,0
True,2.26131019141303,0
True,2.04858315462619,0
True,1.96437362105207,0
True,1.50764327613661,0
True,1.38241481548561,0
True,1.33524717876677,0
True,1.5536983768061,0
True,2.97211024987127,0
True,1.31574041331336,0
True,1.58955002108387,0
True,4.54376126552615,0
True,2.20979449638472,0
True,2.28751130871729,0
True,1.90519901666828,0
True,1.08516635408081,0
True,1.72398895998861,0
True,1.98135344611871,0
True,1.56177941655432,0
True,2.92979664931521,0
True,1.35725281178463,0
True,2.2424606139839,0
True,1.82534055500494,0
True,2.03606327851411,0
True,1.8896021026524,0
True,1.47996796476696,0
True,1.98678728255306,0
True,2.55937678875892,0
True,1.35532991283149,0
True,2.65418260068189,0
True,0.994656353873533,0
True,3.03646091699265,0
True,1.52162904665895,0
True,2.4187833419503,0
True,2.70992783776536,0
True,4.43427756246411,0
True,3.64734945841409,0
True,1.29900339024564,0
True,3.59325713395454,0
True,1.49272585337376,0
True,0.567815377036631,0
True,2.28030301604218,0
True,2.80295288115536,0
True,2.86800303739888,0
True,1.47418056967648,0
True,1.3854585864204,0
True,2.66879846690317,0
True,1.15851841001068,0
True,1.404878113431,0
True,1.88065359831777,0
True,2.7198924288655,0
True,2.33409673458958,0
True,2.00731705244914,0
True,1.42918923661293,0
True,4.23020434400439,0
True,2.30635344224017,0
True,0.939448156559859,0
True,0.791523274882654,0
True,0.825457645082128,0
True,1.29577311982853,0
True,1.29784058171083,0
True,1.63336450671507,0
True,2.68396399265099,0
True,2.8769722576157,0
True,3.03830047390852,0
True,1.06063905395342,0
True,1.67464119561392,0
True,3.28934156197442,0
True,2.3347473237316,0
True,1.48544209490578,0
True,2.7918366933153,0
True,1.96137983326096,0
True,2.07453700695953,0
True,2.47073982769876,0
True,1.0489704035262,0
True,2.31330702050583,0
True,0.881096084854454,0
True,2.32033021363929,0
True,1.05081718714404,0
True,0.973948646816082,0
True,1.34729725918445,0
True,1.59717474710657,0
True,1.43811958816524,0
True,1.74312319592601,0
True,2.20961843205894,0
True,1.72816440926837,0
True,3.01254206676022,0
True,1.5700857398362,0
True,1.31701354321264,0
True,0.869194377081912,0
True,1.49418362589743,0
True,1.92352827313148,0
True,1.47633273116139,0
True,3.5252554824251,0
True,0.59948199371684,0
True,1.10060022393572,0
True,3.60042033482616,0
True,1.27196550350351,0
True,0.802001481547037,0
True,2.70856364938246,0
True,2.5164929409074,0
True,2.87079007581709,0
True,1.28476049731085,0
True,1.98608930963129,0
True,2.60102327244651,0
True,3.06553535861356,0
True,1.86883309234143,0
True,0.663562563653485,0
True,2.84936381212972,0
True,2.14185379110457,0
True,2.88661020581825,0
True,2.07828553195569,0
True,0.793975709922284,0
True,1.08890205935509,0
True,1.16088144855242,0
True,1.68529538322354,0
True,0.443902565873611,0
True,1.02804340035438,0
True,2.17937488433002,0
True,1.13012412954182,0
True,1.52424542955504,0
True,1.70331566401605,0
True,1.40857564295872,0
True,1.15153080594085,0
True,2.66011820980573,0
True,3.3278207855156,0
True,2.70770282962598,0
True,0.56777125339932,0
True,2.44666617537134,0
True,1.67851268304853,0
True,1.26421127269699,0
True,1.98669134515079,0
True,2.11356682700503,0
True,1.52891320382412,0
True,1.45661072182438,0
True,1.01405154895692,0
True,1.50698842144195,0
True,1.52568016436905,0
True,1.28081165649661,0
True,1.88185481079624,0
True,2.11426156531388,0
True,1.7892495629626,0
True,2.00912456950732,0
True,1.92420789363974,0
True,2.1410621761941,0
True,2.33056932466555,0
True,1.41204878844601,0
False,0.769390240942586,0.000120759600680331
True,1.834261847308,0
True,1.60131000588677,0
True,2.19817523959596,0
True,1.00927614197114,0
True,2.51702301061586,0
True,1.74089424441048,0
True,3.67485343180063,0
True,3.92694869541151,0
True,4.16453164885896,0
True,4.44115538156783,0
True,4.09233396559186,0
True,0.592388576576327,0
True,2.68505032686988,0
True,1.10466250457706,0
True,3.06684655391855,0
True,4.08783400805117,0
True,2.99103864213698,0
True,0.973632191380596,0
True,1.34015293006857,0
True,1.41307361657546,0
True,0.797809016345842,0
True,1.60886559633145,0
True,1.28830660670364,0
True,2.07768664880401,0
True,1.52401768941163,0
True,1.52692073046152,0
True,1.18038557963203,0
True,1.79994802536681,0
True,1.97035374883112,0
True,1.68599442584461,0
True,1.83230278474483,0
True,1.71636945924015,0
True,1.96448253585469,0
True,1.63751481601392,0
True,1.22747799433483,0
True,1.99737665669519,0
True,1.96519395113637,0
True,3.40928080732433,0
True,3.85505368833471,0
True,4.52419719554088,0
True,3.29342831654953,0
False,2.56209855997949,0.000203370517719689
True,2.55960330794742,0
True,1.00722368010593,0
True,1.53899000664253,0
True,1.54978629021325,0
True,1.65013329821709,0
True,1.07738058299669,0
True,2.6048528799881,0
True,1.23006425567876,0
True,1.35313579558181,0
True,0.703632266347145,0
True,2.07238129541415,0
True,4.42422604322503,0
True,1.30893464203459,0
True,0.946401939333902,0
True,1.13599269775643,0
True,1.27145963673998,0
True,2.45145405113286,0
True,3.28175793790848,0
True,2.68651437879052,0
True,1.36689220265695,0
True,1.00301868557963,0
True,2.98903461944373,0
True,3.61174099670071,0
True,3.51767881749428,0
True,2.33654399812195,0
True,0.861233321046391,0
True,2.07256099091521,0
True,2.94903510437943,0
True,1.23433943039558,0
True,1.83834585173039,0
True,1.90438509681586,0
True,1.65106324116166,0
True,3.07088516113692,0
True,2.04685097249471,0
True,1.52526026909489,0
True,2.25883392805302,0
True,3.26169536189127,0
True,1.66442470107082,0
True,2.13007441411401,0
True,1.21935316166496,0
True,1.4166169296527,0
True,1.8138808238423,0
True,1.68710023937159,0
True,2.22787048871948,0
True,1.18333387527787,0
True,1.1834872595027,0
True,1.21737437882202,0
True,2.06751945822554,0
True,0.857203263195609,0
True,2.11654902784338,0
True,2.44264334774296,0
True,2.00034262099837,0
True,2.52756508406342,0
True,2.32276081328555,0
True,1.23263231841758,0
True,1.60656979554529,0
True,1.96979021368726,0
True,1.39830235775323,0
True,1.24299604954189,0
True,1.07871068185463,0
True,1.49408423497385,0
True,1.41768655298248,0
True,0.970610426767893,0
True,2.2308963987436,0
True,1.11016320816179,0
True,1.77190545129164,0
True,3.68100568910505,0
True,1.83733003678157,0
True,2.31990218865584,0
True,4.14998694162721,0
True,2.29662089648938,0
True,3.62441433399177,0
True,3.78507157892868,0
True,1.76656480342157,0
True,1.9907449151725,0
True,4.20770964913882,0
True,3.80016115242265,0
True,0.916746844929221,0
True,0.952453306617917,0
True,2.09792126438817,0
True,3.7461780039161,0
True,1.15726004449836,0
True,0.851579540702269,0
True,1.28864921197134,0
True,2.64273927969531,0
True,0.694239043062227,0
True,1.96850766018588,0
True,1.95527087050023,0
True,1.50449437828218,0
True,0.643836390468619,0
True,2.60533227518214,0
True,2.06373396466353,0
True,1.62248418954764,0
True,1.50784011938241,0
True,2.15334182274333,0
True,1.86148442510928,0
True,1.97168742310733,0
True,1.96793125012804,0
True,1.0365701252585,0
True,2.0026672612154,0
True,1.22125140692639,0
True,1.69895127826759,0
True,4.06519980119206,0
True,1.72648344880609,0
False,1.73672106693798,0.000568652397881138
True,2.2995951005337,0
True,2.475646654373,0
True,1.49083517261515,0
True,1.42404835423116,0
True,1.5851852796308,0
True,2.63409604779671,0
True,1.30473826544475,0
True,2.54316382628252,0
True,1.51940920903126,0
True,1.63146493697404,0
True,2.20411235037829,0
True,1.5666146315859,0
True,1.14201836623069,0
True,1.85374114179934,0
True,2.15632179622838,0
True,2.55194220977363,0
True,1.73496974725165,0
True,1.82268614451394,0
True,2.72743806330167,0
True,1.21926172856397,0
True,1.42985820461475,0
True,1.5728930589395,0
True,3.37054020207624,0
True,2.21745740375397,0
True,1.05735399235601,0
True,2.24744832258209,0
True,2.70626589534049,0
True,1.90241372136196,0
True,1.33266330465985,0
True,1.61179650274349,0
True,1.59611166802361,0
True,1.36254091006734,0
True,2.27865386853036,0
True,2.05489451162244,0
True,0.861634570295252,0
True,1.14468800116238,0
True,2.05193937262549,0
True,1.56924273750576,0
True,2.69132286853911,0
True,2.26865196837186,0
True,1.04614074098566,0
True,2.91931457942487,0
True,3.78863974063718,0
True,0.876695075464913,0
True,1.18901624582068,0
True,1.73561611985202,0
True,2.30149698905677,0
True,2.32784139163929,0
True,0.940110291238671,0
True,3.16175292894998,0
True,2.46175241129335,0
True,0.867041454472201,0
True,1.03647397756596,0
True,2.14998812026471,0
True,2.7848996487377,0
True,1.92174635482575,0
True,2.02609325584844,0
True,1.71983255346096,0
True,2.57083909659857,0
True,2.19378071952063,0
True,2.45844120351467,0
True,1.44882236525293,0
True,2.27522174938977,0
True,1.88647594217428,0
True,1.56853551775396,0
True,3.30580483360514,0
True,1.99751691091211,0
True,1.71025634317437,0
True,1.26786030399831,0
True,1.18161128602071,0
True,1.29722762539936,0
True,1.44657942584849,0
True,2.93588669906186,0
True,0.937748597999833,0
True,2.74412355758997,0
True,1.75480395898905,0
True,3.40934301418166,0
True,4.14685825062525,0
True,1.51734340495955,0
True,1.33898003534754,0
True,2.84711887306292,0
True,3.50095396772453,0
True,1.61061889924766,0
True,1.51055850633521,0
True,2.29197172701335,0
True,1.95022437322318,0
False,1.9046513683618,0.000146236623229329
True,1.40127684700976,0
True,1.66821426517583,0
True,2.85102515536263,0
True,4.56469324169515,0
True,2.35703336618473,0
True,1.19218878447566,0
True,2.71963913965991,0
True,0.900106976135197,0
True,2.00580460654011,0
True,2.58974039201313,0
True,2.0345257254715,0
True,3.21351767069878,0
True,1.24620444857207,0
True,3.1103030021135,0
True,1.18225535950528,0
True,2.54941550580443,0
True,2.24152093501149,0
True,1.36352872340245,0
True,1.66317139451491,0
True,1.71875368611321,0
True,1.73100877839681,0
True,0.416271192993789,0
True,0.807893188887818,0
True,1.80606131448523,0
True,1.52364099554187,0
True,1.18442187923758,0
True,2.32330867686598,0
True,2.26498182673552,0
True,3.9003749476455,0
True,4.22809676532634,0
True,1.88959265880914,0
True,3.17461362379358,0
True,1.95647008453405,0
True,1.39069250387816,0
True,2.25033355356707,0
True,1.44046359452756,0
True,1.92915217621965,0
True,1.68132635700055,0
True,3.24775195378068,0
True,4.1217191618072,0
True,3.37638943647386,0
True,4.01174809166394,0
True,2.25702611995764,0
True,2.54459854683565,0
True,1.71448377448104,0
True,1.00417546600778,0
True,1.63395374074993,0
True,3.09662348310656,0
True,1.73806181403981,0
True,1.59512532843956,0
True,2.05395601415873,0
True,2.39591309634723,0
True,2.11761621341127,0
True,2.60097514382157,0
True,2.10088470389601,0
True,1.85770846472368,0
True,1.77939426218087,0
True,2.86424802182244,0
True,0.885658045464583,0
True,1.2882955862764,0
True,2.14852818014798,0
True,2.55293206340176,0
True,1.87896360569471,0
True,1.26188493391714,0
True,1.69415231977854,0
True,1.17075850773443,0
True,1.11481337571317,0
True,0.647561495455506,0
True,2.48332866821237,0
True,0.934848213607476,0
True,1.6774035600219,0
True,1.48528723497726,0
True,0.782498788141654,0
True,1.34012309412783,0
True,1.00145980656001,0
True,1.16567965226554,0
True,0.942105590449863,0
True,1.49449208642842,0
True,1.71846748950427,0
True,1.29260497482465,0
True,2.34008897364397,0
True,1.2233796839932,0
True,2.18321888081475,0
True,3.16999579569633,0
True,1.63774505977531,0
True,3.36316006999075,0
True,1.43959239118231,0
True,1.33556946706079,0
True,0.9681444138156,0
True,1.31281208912252,0
True,0.972522777110896,0
True,1.73308393521156,0
True,1.24728116862539,0
True,2.55898872729602,0
True,0.864957818883409,0
True,1.22501531852763,0
True,1.97013628996743,0
True,1.52684021181453,0
True,1.21288004031804,0
True,1.56512095994143,0
True,2.0128272454353,0
True,1.47060534886533,0
True,1.55618728198393,0
True,1.54977765795646,0
True,1.10342217974552,0
True,1.58059173804109,0
True,0.511846623432958,0
True,0.96051530978824,0
True,2.42474283661147,0
True,2.81508258711163,0
False,1.39034809715589,0.000318036670745848
True,1.29165598498673,0
True,0.886830042745474,0
True,2.32360750312526,0
True,2.77320221612321,0
True,4.30726235629809,0
True,1.59316590769071,0
True,2.44900450965256,0
False,1.52223470215831,0.00048873456055645
True,2.02930407372002,0
True,0.858552729289064,0
True,2.53051306889115,0
True,1.12596810625326,0
True,0.562496646448897,0
True,2.50793366528119,0
True,3.81614175860158,0
True,3.60566934782864,0
True,1.35907360106763,0
True,1.59436140166676,0
True,2.43072579096605,0
True,2.41362348195192,0
True,1.59896315798802,0
True,2.83477023087998,0
True,1.1664113240495,0
True,1.34116688091545,0
True,1.31514035260316,0
True,4.03486656887149,0
True,1.66753592906446,0
True,3.47982084019093,0
True,1.96776733036706,0
True,3.57701778504504,0
True,1.54350415118613,0
True,2.02038570057008,0
True,1.75766586860064,0
True,1.40153601147913,0
True,2.27782574929597,0
True,1.17903408188049,0
True,1.21292526107666,0
True,1.90048946073609,0
True,1.80538741828465,0
True,2.01925989345357,0
True,0.993396951788991,0
True,2.76723790704433,0
True,2.50455275869773,0
True,1.55127811411073,0
True,1.34187950304456,0
True,1.36115112049446,0
True,2.23187294893257,0
True,1.88881504172705,0
True,1.1511285095635,0
True,0.923203026392616,0
True,1.92294038058615,0
True,2.88528614142951,0
True,1.61817843998311,0
True,2.07545275175438,0
True,1.89928123047076,0
True,3.56754442099647,0
True,2.26074582346548,0
True,2.06228752477029,0
True,1.51032772146218,0
True,2.70042744869602,0
True,2.2044702091485,0
True,1.41210692240966,0
True,1.77921225697779,0
True,1.43284541667394,0
True,1.54508443568715,0
True,1.44156652799,0
True,1.65665890684118,0
True,1.74971453579985,0
True,4.28751838976368,0
True,2.03092184270489,0
True,1.81994680473327,0
True,1.22807748892418,0
True,1.10038609860257,0
True,2.20243641284811,0
True,2.61274465331493,0
True,2.06050959508464,0
True,1.89602644875848,0
True,1.07911045438692,0
True,0.769572731717034,0
True,1.9341876038166,0
True,2.22012532105378,0
True,1.78227734905169,0
True,1.49366234207381,0
True,1.31792092217877,0
True,1.90644148075732,0
True,2.84292376735293,0
True,2.2279759701068,0
True,1.66465265414943,0
True,1.80041058573246,0
True,1.30541198966135,0
True,3.10983284303125,0
True,1.90110149734714,0
True,2.28230773413372,0
True,2.74411615322326,0
True,1.3872568428947,0
True,1.24289380490219,0
True,2.53743090882063,0
True,2.03018882881705,0
True,1.96443576210458,0
True,1.13027588734734,0
True,2.59577011688248,0
True,1.49471132324466,0
True,1.85704120170276,0
True,2.69779764147797,0
True,1.56828952540572,0
True,1.67012159393984,0
True,3.7946366527618,0
False,2.43182929667389,0.00070693047753562
True,0.797575756128175,0
True,2.80884427747762,0
True,1.80437460874178,0
True,1.03186544058746,0
True,1.28196384887142,0
True,0.796993323588313,0
True,3.88769184579458,0
True,3.52202994682408,0
True,1.13525193129067,0
True,2.16130825529059,0
True,1.51292593185219,0
True,1.63939141704027,0
True,4.07221182758551,0
True,3.89039035856971,0
True,2.71910961653939,0
True,2.01786791758089,0
True,1.29897992740418,0
True,1.33354807957546,0
True,0.960154363066448,0
True,1.91635595271134,0
True,2.08834360685859,0
True,1.14050135476302,0
True,1.78189238210943,0
True,1.53806402098021,0
True,1.5146559218714,0
True,1.02575696114384,0
True,4.17543900694761,0
True,1.20026684161963,0
True,2.27103908729533,0
True,2.36317397590514,0
True,1.10755569936023,0
True,1.7476150208793,0
True,1.09728282061444,0
True,3.15044941612983,0
True,3.21681009414012,0
True,1.79177171336669,0
True,3.62546055308712,0
True,1.64212625571869,0
True,1.10845438531278,0
True,1.22354526623979,0
True,1.03688322589536,0
True,3.17274275619733,0
True,2.85438790395363,0
True,1.90281531111995,0
True,1.86539655682403,0
True,2.10100114469601,0
True,1.88108354130336,0
True,1.82250986009056,0
True,2.23383771542474,0
True,3.15104588936737,0
True,2.435893502115,0
True,2.36089238326068,0
True,1.73196289317901,0
True,1.41842527128626,0
True,2.54138362924558,0
True,1.77462346020518,0
True,1.84223993657066,0
True,2.78741082970501,0
True,3.52281666180342,0
True,0.941731830008899,0
True,1.1382698476051,0
True,0.831580698255336,0
True,4.02682670727379,0
True,4.29980901122516,0
True,3.00967479818689,0
True,3.05193625315236,0
True,2.68187731077637,0
True,2.62035983778153,0
True,2.16274796780756,0
True,2.15926026948969,0
True,1.44669203422405,0
True,0.826328297833245,0
True,0.941127007891497,0
True,1.14758213555532,0
True,1.31619482000495,0
True,1.82291942611697,0
True,2.64458372233339,0
True,2.4044271757799,0
True,2.6611937194149,0
True,3.19651023676626,0
True,0.735442234910873,0
True,3.31396187451821,0
True,1.33349455176999,0
True,3.38553531875915,0
True,3.77956287175921,0
True,3.39819466450628,0
True,1.50427227623677,0
True,3.14863875338054,0
True,3.6794057644272,0
True,1.67250278951544,0
True,1.69124900914268,0
True,1.03715265343216,0
True,1.79291284249062,0
True,1.44019061346558,0
True,3.99789991660772,0
True,1.55104531716278,0
True,1.73598442163412,0
True,2.18746735705809,0
True,0.923111455096667,0
True,3.08498630585327,0
True,3.05072640901152,0
True,1.72575920147099,0
True,2.39315510443749,0
True,2.27829757963037,0
True,1.00654242041862,0
True,1.918264176459,0
True,1.71590548376909,0
True,1.39858961854965,0
True,1.09137951906197,0
True,1.48547180179321,0
True,1.40706047644053,0
True,1.28912716733977,0
True,2.37359253403592,0
True,1.06894364861238,0
True,1.57488139751174,0
True,2.36233050076675,0
True,0.332468043409784,0
True,1.10960945417432,0
True,2.65905122376377,0
True,0.833003963112388,0
True,1.76854949068659,0
True,2.41475774015268,0
True,2.47970558680836,0
True,1.74356591057569,0
True,0.830403172041056,0
True,2.40914280500129,0
True,4.27153027806427,0
True,1.20044042446803,0
True,2.78126743708655,0
True,1.39413655381126,0
True,0.866289732151169,0
True,1.56115589480792,0
True,1.21070811104501,0
True,1.16173918874304,0
True,2.43969823847751,0
True,2.47036623512399,0
True,2.61814547192827,0
True,2.99462167265624,0
True,2.14492862572544,0
True,1.67489241853226,0
True,1.77513195694254,0
True,2.39490360240014,0
True,2.2486700495653,0
True,1.67923309169149,0
True,1.7287965362579,0
True,1.41025899569184,0
True,1.7177567755732,0
True,1.69361141926925,0
True,4.0155679932029,0
True,1.02123573934609,0
True,2.03866429086113,0
True,2.32161305171423,0
True,2.91200070062751,0
True,3.51426997138082,0
True,3.37606648975583,0
True,3.70477810332958,0
True,3.63385516345533,0
True,2.09189065285791,0
True,1.28276196912272,0
True,1.73782321517919,0
True,2.68209079929667,0
True,2.71860954180101,0
True,2.41507249228447,0
True,1.47423879074034,0
True,3.36234368212892,0
True,1.96917131994474,0
True,1.42231934330238,0
True,1.95122215308149,0
True,1.59955227325464,0
True,0.83769878951527,0
True,1.31262393415973,0
True,1.7661157699172,0
True,3.05552688841087,0
True,1.79248445651531,0
True,1.73497014392483,0
True,2.27288653018007,0
True,2.46347756431883,0
True,0.659012108588808,0
True,1.36183858189676,0
True,1.46457574155823,0
True,1.44520851570847,0
True,3.55577773388493,0
True,1.70646610616285,0
True,1.91514453656758,0
True,3.43337143588304,0
True,2.3047561620717,0
True,2.36648461927229,0
True,2.13411878101242,0
True,1.63214260374746,0
True,1.48201280029503,0
True,1.69207568559437,0
True,1.36266205323458,0
True,1.14836643771411,0
True,1.92832428366412,0
True,1.65271502597448,0
True,3.57103472630316,0
True,2.98325814528707,0
True,2.68006857698017,0
True,0.704211079378302,0
True,2.04709992364526,0
True,2.76235261831819,0
True,2.308721158629,0
True,1.68815982242861,0
True,1.70436490711773,0
True,2.54490192005912,0
True,2.86998033796971,0
True,2.90813072453997,0
True,2.12734280296386,0
True,1.07605212247512,0
True,1.33373979271063,0
True,2.36728868284737,0
True,1.0555912439703,0
True,0.631489849628443,0
True,1.89395385272658,0
True,1.10282391616971,0
True,3.45814557798319,0
True,1.8879033588679,0
True,1.27907512937995,0
True,1.65592096131238,0
True,1.21195792633134,0
True,3.39860462963651,0
True,2.73266448423663,0
True,1.5412482039924,0
True,2.80604634623642,0
True,2.50902139189881,0
True,1.75070534457019,0
True,2.10522380432267,0
True,1.94621778223977,0
True,0.95630088548559,0
True,1.85630222949432,0
True,2.10645186540948,0
True,1.58047526738988,0
True,1.17933991243699,0
True,1.10526125143333,0
True,1.46677895507238,0
True,2.452126822671,0
True,3.64092731288365,0
True,1.72714386491957,0
True,1.5632365012226,0
True,2.38742537497676,0
True,2.83264508040641,0
True,2.92110925108141,0
True,2.31516079654348,0
True,1.40468930692156,0
True,0.860118829198728,0
True,3.07466658672624,0
True,1.5587652204827,0
True,1.10005713798102,0
True,1.73509527749629,0
True,0.383211344757992,0
True,1.9530501401763,0
True,2.03720453000549,0
True,4.01784428197997,0
True,2.00215722885351,0
True,2.42581912635259,0
True,1.31429020651448,0
True,1.30548622427573,0
True,2.945638888566,0
True,2.10215658918005,0
True,1.50483331105594,0
True,2.05743334475704,0
True,2.22926281731178,0
True,1.57986703973395,0
True,2.26858399801432,0
True,3.77826408922504,0
True,2.64546222166021,0
True,0.624036583850527,0
True,2.1966560690056,0
True,0.931438814776702,0
True,1.21443204603234,0
True,1.56531029255942,0
True,2.66874476217705,0
True,1.39742716164812,0
True,3.83081709373714,0
True,0.912491346662997,0
True,1.60678783883754,0
True,0.84635290920902,0
True,2.93119371316734,0
True,2.39561542526612,0
True,2.19068470054809,0
True,1.93656851357376,0
True,1.88851359746001,0
True,2.20599886880115,0
True,1.66761047161342,0
True,2.8477112594275,0
True,1.18944403972477,0
True,1.34196304334958,0
True,1.04896706139857,0
True,1.85880831711855,0
True,0.648387453362124,0
True,1.48936854148802,0
True,2.53479612391518,0
True,1.23135971286759,0
True,1.6241541842311,0
True,1.21571438183471,0
True,1.22227235735364,0
True,2.94479238263516,0
True,1.91842820999286,0
True,2.97834098606019,0
True,1.03839253386839,0
True,0.774839248940484,0
True,0.8474823877176,0
True,1.12828914122143,0
True,2.8085502056744,0
True,1.29114219180689,0
True,1.48237976034471,0
True,1.49680551050118,0
True,2.31479484062048,0
True,1.56447756862386,0
True,1.32010828999997,0
True,1.52924918554542,0
True,1.86768789959822,0
True,1.56716369093126,0
True,1.28519494433385,0
True,1.51468695408477,0
True,2.80118942277977,0
True,1.11436717484874,0
True,1.82288608701067,0
True,2.50598217928211,0
True,1.14186301719172,0
True,3.3994070923306,0
True,3.49129154458623,0
True,1.93224736720038,0
True,3.21731313214252,0
True,3.33973821893569,0
True,1.71866234849657,0
True,1.32460488977236,0
True,3.37425701487342,0
True,0.987148635015005,0
True,1.59699877712317,0
True,1.10467034500841,0
True,2.21473619001328,0
True,1.29622957622517,0
True,1.65115020516573,0
True,2.61642599745998,0
True,2.97256549040842,0
True,1.44783573834442,0
True,1.38069000669929,0
True,1.83446626536286,0
True,1.15438032496836,0
True,1.78424969503298,0
True,1.10625165342841,0
True,1.49054936000792,0
True,2.23657218334176,0
True,1.73236780549989,0
True,1.47690089917411,0
True,1.81601074883835,0
True,1.31636736761379,0
True,2.00327410673881,0
True,1.60496378684786,0
True,1.44692884988593,0
True,2.16612088421735,0
True,3.82920964291204,0
True,2.75425125576998,0
True,0.966051785757614,0
True,1.14747586029001,0
True,0.932505105022972,0
True,1.19409097343071,0
True,1.53695867516633,0
True,2.05095506635311,0
True,1.01533909807278,0
True,1.19091242541772,0
True,2.05282614652607,0
True,1.62624115593105,0
True,1.07879712428773,0
True,0.898587730792759,0
True,1.4310169438201,0
True,1.28388245040582,0
True,3.39346374182245,0
True,0.729398221341868,0
True,3.85610964044861,0
True,1.92641625777129,0
True,3.91562669022898,0
True,3.83218152238638,0
True,1.87693557148996,0
True,1.86531770433058,0
True,1.06416539147592,0
True,1.56615089021107,0
True,1.3158105386353,0
True,1.83221316386445,0
True,3.16456144531381,0
True,4.68117421259051,0
True,1.16332953518188,0
True,2.87672637688886,0
True,3.60805891763892,0
True,4.07962581355481,0
True,1.0630548784096,0
True,0.853410025150139,0
True,0.74294203151025,0
True,2.25437062538292,0
True,1.41267493858434,0
True,1.37282358350501,0
True,2.47145492646061,0
True,1.64265389556192,0
True,1.90909727122195,0
True,2.87186226180484,0
True,2.87813124476842,0
True,2.49208341869734,0
True,3.02203547612123,0
True,2.09051741516724,0
True,2.16299843342563,0
True,1.73257552929668,0
True,2.3236086309211,0
True,2.52145176646309,0
True,1.96878953239244,0
True,1.7750285366236,0
True,1.83725183798597,0
True,1.29804852683179,0
True,1.73682414417654,0
True,1.46969403931188,0
True,0.935790364925475,0
True,2.1124671512952,0
True,3.54580804941675,0
True,4.42241267069517,0
True,2.0495281622708,0
True,1.27588383936413,0
True,2.09650463678297,0
True,2.03465301256725,0
True,2.13419997451196,0
True,1.06535702242558,0
True,2.83241116009841,0
True,1.99668317735483,0
True,2.01092617077191,0
True,1.31428436724773,0
True,1.2841771107619,0
True,1.44674647071583,0
True,1.40838481700274,0
True,1.69463232270948,0
True,1.25390014906153,0
True,1.3985241330844,0
True,0.720545619682334,0
True,1.9232642487716,0
True,1.647924722439,0
True,2.15670451898233,0
True,2.17092839175194,0
True,0.758132798918581,0
True,2.47212509404532,0
True,2.81471012824341,0
True,1.25244333849167,0
True,1.83399852550608,0
True,1.15996437615217,0
True,2.20723508855692,0
True,1.49336638120947,0
True,2.26148644609523,0
True,1.51673798121186,0
True,0.7968376573103,0
True,1.24507703647931,0
True,1.33842911250724,0
True,1.51068778112895,0
True,2.35855842062713,0
True,1.65683056622754,0
True,0.96916434590765,0
True,2.52698236386135,0
True,2.52050101349388,0
True,1.25988056852418,0
True,2.43425868653648,0
True,3.14007906345361,0
True,3.56588971203366,0
True,4.24743260053925,0
True,1.55716975882429,0
True,0.707640171427143,0
True,1.5313037936198,0
True,2.17249418010098,0
True,1.82722340762797,0
True,2.88246139936262,0
True,1.24580100121563,0
True,2.49936723800625,0
True,1.41753880846056,0
True,2.30277191007051,0
True,2.971341771381,0
True,2.14189804717528,0
True,3.46600241246645,0
True,4.27581681923779,0
True,0.811724155146045,0
True,3.63744791791472,0
True,2.84029738811765,0
True,2.1180482361486,0
True,1.14261093238239,0
True,1.28902774120931,0
True,1.80713188731506,0
True,1.56432837346312,0
True,4.07183122419243,0
True,3.60235404044299,0
True,3.63619301404608,0
True,1.71550997872535,0
True,2.27948507732273,0
True,2.56929241721358,0
True,2.43238385469877,0
True,1.96236936003049,0
True,1.39468318236648,0
True,1.55857375798415,0
True,1.86873680059509,0
True,1.75776015066151,0
True,0.915887912823124,0
True,2.94845780917307,0
True,2.54261200536422,0
True,3.51121584297273,0
True,2.31379524617042,0
True,2.03343946504022,0
True,1.21651537012534,0
True,2.44137864067736,0
True,2.15263740672925,0
True,1.12528106345626,0
True,3.74805638616581,0
True,1.94399184733601,0
True,1.16697233235514,0
True,1.94265346895815,0
True,1.63359172100199,0
True,2.55958518579584,0
True,2.01872999652613,0
False,1.46356145234842,0.000126662726096463
True,0.951755094950581,0
True,2.30357964234611,0
True,2.24931564431777,0
True,2.91776028513185,0
True,1.59393509459888,0
True,2.0992778040412,0
True,3.10676288313733,0
True,1.53222927677752,0
True,3.16163403665392,0
True,2.00772420230335,0
True,2.78402173285619,0
True,1.38364273212099,0
True,0.914633471894087,0
True,2.07799693733007,0
True,4.18914121412608,0
True,1.7279659959256,0
True,3.50603862668747,0
True,2.09827285902259,0
True,0.773429762626928,0
True,1.38058136136458,0
True,1.15744337834126,0
True,1.14025827398568,0
True,3.19750439812423,0
True,1.83110907367066,0
True,1.85225789638789,0
True,1.72583065464019,0
True,1.85490007783021,0
True,1.6917716151376,0
True,2.63814640908127,0
True,2.81009998760528,0
True,1.05656860513732,0
True,1.87929569100599,0
True,1.64690792847957,0
True,2.06776503957147,0
True,1.61853905881096,0
True,2.75084032418446,0
True,4.27532910783554,0
True,1.28332893984613,0
True,2.68624749713187,0
True,0.914977715383378,0
True,3.36449863741456,0
True,1.93588159041498,0
True,3.01879621103152,0
True,1.79052034230905,0
True,3.34900005199153,0
True,2.82796567732719,0
True,2.86824620104462,0
True,2.2802157224498,0
True,2.1840806827274,0
True,2.90507073335687,0
True,1.55549685380989,0
True,0.936744383599381,0
True,2.04780903687176,0
True,1.39157116632699,0
True,1.72122362982994,0
True,2.64723038423959,0
True,1.19502258240885,0
True,0.976661915456383,0
True,1.75518141842737,0
True,1.67857786451777,0
True,2.2186261722511,0
True,1.12367401170147,0
True,0.584846511699036,0
True,2.32992185736038,0
True,2.20499268531888,0
True,2.08275382354911,0
True,2.06595706500803,0
True,1.78623945816425,0
True,4.22654261048709,0
True,1.99976930082804,0
True,2.70915512886973,0
True,2.34645747425476,0
True,1.23175658059732,0
True,1.39773014819964,0
True,1.19866976970409,0
True,0.709580128235448,0
True,3.22532645533416,0
True,1.55331254609888,0
True,1.71891300200674,0
True,1.68320284901513,0
True,1.34849823825893,0
True,1.55642379071945,0
True,1.80369714683949,0
True,1.77014275365267,0
True,2.38578721156972,0
True,1.92837332187076,0
True,0.970602550912598,0
True,1.60412641862394,0
True,1.62245134156927,0
True,2.5314902997213,0
True,2.45200674583681,0
True,2.07127098256452,0
True,2.50512754492876,0
True,1.58178081323286,0
True,1.84135059510301,0
True,2.67751113840723,0
True,2.8984164672329,0
True,1.82205869160705,0
True,2.39078509850489,0
True,0.812963628565145,0
True,2.0934127135876,0
True,1.39021652380876,0
True,1.69017211677543,0
True,1.99763121690821,0
True,1.02816806544206,0
True,2.73726674215768,0
True,0.836567384479951,0
True,2.51971438267391,0
True,3.02012957482635,0
True,2.59464327392962,0
True,1.08513806649445,0
True,2.19460411702107,0
True,1.0197287350466,0
True,1.56763668690693,0
True,1.16758420871049,0
True,3.01336916991314,0
True,2.10004302944088,0
True,1.41817613627109,0
True,2.18895696728705,0
True,0.884168422918023,0
True,3.94987055420474,0
True,1.05359519947236,0
True,2.23503637502126,0
True,1.27295475260404,0
True,2.70710275336619,0
True,1.85401504181751,0
True,1.40247345851329,0
True,2.19338868969586,0
True,1.53208520475838,0
True,3.41856804114879,0
True,4.1451407974673,0
True,3.65301754122924,0
True,1.50460549075847,0
True,1.57096543045811,0
True,1.3183739140767,0
True,2.05527224391811,0
True,1.99003526495673,0
True,1.97300260711261,0
True,1.96139024629299,0
True,2.05536002547742,0
True,0.862170446816306,0
True,1.31433251331651,0
True,2.2076511228581,0
True,0.995492605397409,0
True,1.35107065292022,0
True,2.23649704691976,0
True,0.885532012561604,0
True,2.7589038154536,0
True,1.38390794450044,0
False,2.20850528314756,0.00103211474411676
True,2.29664865379059,0
True,3.10706983211713,0
True,1.54143997523334,0
True,1.02157310941887,0
True,1.53475496061785,0
True,1.65145963811142,0
True,3.29156034239602,0
True,0.925515932059133,0
True,1.45605530026885,0
True,1.57704760115078,0
True,1.3077841547794,0
True,1.04759504623115,0
True,1.21954050989192,0
True,2.02196805785783,0
True,3.34014988307312,0
True,2.46525799542769,0
True,1.78403749580012,0
True,1.81086964250857,0
True,1.45115616257364,0
True,2.16871740084972,0
True,0.853242403245108,0
True,1.73032690433667,0
True,2.56828238202963,0
True,1.70068805888595,0
True,3.87542153973858,0
True,0.718097032949643,0
True,2.32691314438963,0
True,1.30620747582924,0
True,1.15163534609537,0
True,1.90082401614415,0
True,2.00432827772642,0
True,1.43592788134812,0
True,2.86961089994388,0
True,3.14520808765981,0
True,1.78264748718059,0
True,2.15181663284211,0
True,1.86398339650362,0
True,2.74655466677778,0
True,3.23040290658427,0
True,0.602579973092625,0
True,2.48294674751154,0
True,1.55504070434954,0
True,1.62644711911077,0
True,2.56591448670661,0
True,0.898895234685108,0
True,2.17606115805916,0
True,2.89906426007072,0
True,2.13795840376361,0
True,1.97666677848091,0
True,1.54981611046137,0
True,0.976232693323601,0
True,1.25551215458684,0
True,1.91195393837888,0
True,2.19242528747802,0
True,2.64073502000775,0
True,1.50483537401054,0
True,2.15369681216789,0
True,1.60814623393931,0
True,1.99995774098065,0
True,1.7469570384054,0
True,1.24728236679319,0
True,2.38033037446284,0
True,1.75939175086237,0
True,1.33969630643964,0
True,2.24157793892734,0
True,2.4805928577808,0
True,2.34564224847807,0
True,1.69845614843269,0
True,1.10668528472995,0
True,1.67681502595282,0
True,1.82465835561549,0
True,1.19941980890169,0
True,1.71405546667207,0
True,3.54231352676535,0
True,1.17811708235349,0
True,1.90000339193227,0
True,2.20626284729484,0
True,1.71746654812515,0
True,2.75411319894523,0
True,0.852473432175728,0
True,1.28463508403747,0
True,0.915945192143313,0
True,4.10035483750693,0
True,3.45106274104942,0
True,1.06522166911359,0
True,1.71790977792201,0
True,4.08583597507608,0
True,3.04104245328698,0
True,1.873426622791,0
True,1.90792652596096,0
True,1.79688136825138,0
False,2.8152529009384,0.000374688307968412
True,3.15275115413674,0
True,1.38595862751635,0
True,1.31597808559719,0
True,1.14769075448311,0
True,3.03472426741529,0
True,2.20089033349536,0
True,1.13757811371322,0
True,2.21420080317639,0
True,1.17617230285919,0
True,1.42186271767497,0
True,1.66610194881956,0
True,2.52917762351622,0
True,2.54830541351354,0
True,3.1070620913438,0
True,0.90365686247591,0
True,0.470208415455235,0
True,1.43377291756239,0
True,1.89353878862336,0
True,1.62437896003811,0
True,1.53686686958717,0
True,2.63384333756,0
True,2.465152957756,0
True,1.06880556894331,0
True,2.43559706024911,0
True,4.13372736539835,0
True,2.49159464009043,0
True,1.45141991944003,0
True,2.75137892433542,0
True,0.895477643621309,0
True,0.6858722211472,0
True,2.13453791827435,0
True,1.84952265972534,0
True,0.871997497770538,0
True,3.53536124048124,0
True,2.66924317645207,0
True,2.10500862057606,0
True,2.68112185638469,0
True,4.2808589267085,0
True,1.92087286888942,0
True,1.35874884064202,0
True,1.93472731518915,0
True,4.21067236440114,0
True,1.72869500161357,0
True,1.65156939632861,0
True,2.8045053808867,0
True,3.06033717230371,0
True,2.8420070305476,0
True,1.28148604241518,0
True,2.07991941211626,0
True,1.03368362718429,0
True,1.40801210618928,0
True,1.99785785491384,0
True,2.14650804537518,0
True,2.29254291425291,0
True,1.65262967027004,0
True,0.862518929751758,0
True,2.2430627525888,0
True,2.09066481884528,0
True,1.00974051402445,0
True,1.55154762643355,0
True,0.89928823603399,0
True,1.50013576569811,0
True,2.24779273537554,0
True,1.93589768128261,0
True,3.07914743763737,0
True,1.28549172743534,0
True,2.34067468438839,0
True,1.59341599549744,0
True,1.3605972536663,0
True,1.23658429709456,0
True,2.01741078365986,0
True,1.81156821813017,0
True,2.2813962111793,0
True,1.62104142433605,0
True,0.963474906468193,0
True,1.09393626882184,0
True,0.711365082094464,0
True,1.76582273766544,0
True,2.25922064741708,0
True,1.54621572319743,0
True,3.2864265757437,0
True,3.78689256011535,0
True,3.83496024987093,0
True,2.30276299464458,0
True,1.41365855436519,0
True,1.0843337699036,0
True,1.40025759048518,0
True,1.54546531896657,0
True,1.58525659927231,0
True,2.79209024271618,0
True,1.44330432164308,0
True,3.85611167347449,0
True,3.06276848345482,0
True,1.12670964092349,0
True,1.09919670775986,0
True,0.661311147042464,0
True,1.72679009694632,0
True,1.43451287360601,0
True,1.55091569061065,0
True,1.65879468075794,0
True,3.38101745801179,0
True,1.12479714127531,0
True,1.65331825430009,0
True,2.10917477720879,0
True,2.96336678884071,0
True,1.17336192809303,0
True,2.34502649357155,0
True,3.24213632818384,0
True,2.39012455239518,0
True,2.14851359361803,0
True,1.51433347653355,0
True,1.98221314919835,0
True,2.3200689819697,0
True,1.07861873551197,0
True,1.50549234327734,0
True,2.26328199361192,0
True,2.72280558443472,0
True,2.2172438862469,0
True,1.96544383396524,0
True,3.22477585391707,0
True,1.82082018333289,0
True,4.20739100766771,0
False,4.63598459038095,0.00144530684413611
True,3.81634123017726,0
True,2.60994982566428,0
True,2.17155193358138,0
True,0.486660414030638,0
True,2.90613117501645,0
True,2.54221201068636,0
True,1.26984298494887,0
True,1.89222380986361,0
True,3.8521039200789,0
True,1.60590353128667,0
True,1.54148151688465,0
True,1.92755757615068,0
True,2.10888521786833,0
True,3.23029654656124,0
True,0.888565313487071,0
True,1.126149794337,0
True,2.15091515198842,0
True,1.17250822688113,0
True,1.40378196380013,0
True,1.74688983342951,0
True,1.60352559772319,0
True,1.01163722327079,0
True,4.15005371839049,0
True,2.7778455959041,0
True,1.37926879503786,0
True,1.67796777056519,0
True,1.39311102911865,0
True,1.9387109557893,0
True,1.70920694121767,0
True,2.18895569170763,0
True,2.45433687381091,0
True,1.18808177323205,0
True,2.72073614612609,0
True,1.89692085762025,0
True,2.06349615782026,0
True,3.05396795066518,0
True,2.41505774314551,0
True,1.56468137234384,0
True,2.66320126864235,0
True,1.77147416247905,0
True,1.3712602366322,0
True,1.63693003521753,0
True,2.13604814215247,0
True,2.33482177437859,0
True,1.40467576447792,0
True,2.87825517211714,0
True,4.61380250824559,0
True,1.63871876319972,0
True,2.08411916253945,0
True,2.76309598456826,0
True,1.40758794546028,0
True,2.28709485790574,0
True,0.934622039680069,0
True,3.44904781303445,0
True,3.68130520087812,0
True,1.97587809033536,0
True,1.43328345941664,0
True,1.69882785023466,0
True,1.3260969571393,0
True,2.42741675304258,0
True,2.18283574284043,0
True,3.8491808563432,0
True,3.84540049030251,0
True,1.19949830806299,0
True,1.00392354242572,0
True,3.60851244975915,0
True,3.92258381284791,0
True,0.766463186610065,0
True,3.73789747679338,0
True,0.916629469660053,0
True,1.93042505231322,0
True,1.48270990444564,0
True,1.74492577379603,0
True,1.7861120358119,0
True,2.39033496401401,0
True,1.33038506982375,0
True,1.24219175681994,0
True,1.57512317137272,0
True,1.2563986299414,0
True,2.61228896021591,0
True,2.0885174790094,0
True,1.79305564059438,0
True,1.65712034377262,0
True,2.08198747098336,0
True,2.66415114788904,0
True,1.44057768826495,0
True,1.53526557651598,0
True,4.00403793236518,0
True,2.73019386718283,0
True,1.39710252103466,0
True,1.82629786261586,0
True,0.61646470346881,0
True,1.75314155351189,0
True,1.36261941579836,0
True,1.88078440011458,0
True,2.26872848844621,0
True,3.50705804603971,0
True,1.61393175928227,0
True,2.14239767424054,0
True,2.67438199530594,0
True,1.13340483673909,0
True,1.57720523054986,0
True,1.96678308373389,0
True,2.52003657902156,0
True,1.52925050103055,0
True,2.49325778032754,0
True,1.8434062382201,0
True,0.863051367981115,0
True,2.99042860551659,0
True,0.864264673933181,0
True,2.06666968320897,0
True,3.09138423261984,0
True,1.7580305863885,0
True,1.68367773579466,0
True,1.5244529693444,0
True,3.31843753643917,0
True,2.50958570159615,0
True,2.56447303233676,0
True,1.91616169319247,0
True,2.140360890763,0
True,2.00340567766712,0
True,1.99732092809622,0
True,0.821608017951327,0
True,3.98464386854562,0
True,3.11811874788975,0
True,2.70517351015378,0
True,2.26652889191386,0
True,3.06617638133866,0
True,3.24574745696515,0
True,3.45309932384265,0
True,1.01302243203431,0
True,3.82251780432754,0
True,2.42617530944984,0
True,2.97930634719831,0
True,2.51979675400119,0
True,1.99091901186527,0
True,2.99900112336404,0
True,2.98304300391807,0
True,1.08413949102138,0
True,0.815527118858424,0
True,1.99464911991819,0
True,2.29240845709598,0
True,1.49927976758292,0
True,0.489819397671766,0
True,1.35318122498133,0
True,2.34398355163329,0
True,1.80095405880959,0
True,1.37505117500632,0
True,0.938608506929309,0
True,0.964977075436282,0
True,1.64864142569102,0
True,1.10732486491905,0
True,1.15498011218887,0
True,1.43762273463037,0
True,1.54953595453287,0
True,2.71179380432938,0
True,3.76506130509607,0
True,3.12477133934136,0
True,1.3531702297192,0
True,1.62710160786481,0
True,2.18876739432569,0
True,1.35228417042069,0
True,1.34083482872413,0
True,0.830379722466486,0
True,1.6344607177732,0
True,1.09044033544789,0
True,1.17821624087699,0
True,1.04593596430688,0
True,1.02183128378312,0
True,1.70904463995371,0
True,2.02160435292451,0
True,0.668377988074725,0
True,1.15021700857405,0
True,4.25611844257562,0
True,1.42010370549706,0
True,1.76483718321997,0
True,1.13699163610569,0
True,1.6556948200928,0
True,2.04959899129835,0
True,1.63627246672581,0
True,1.08394919862653,0
True,2.20999614110388,0
True,2.50216998200112,0
True,1.2602196669967,0
True,1.76988425043098,0
True,1.64623264134732,0
True,3.53148521957271,0
True,4.11998314407461,0
True,2.880616544725,0
True,1.58336858959655,0
True,1.58796455173481,0
True,1.84354874117286,0
True,1.21126385987757,0
True,0.981332062545845,0
True,3.10391553375947,0
True,2.56215379130593,0
True,2.81285995416374,0
True,1.28440028040654,0
True,2.34412765385327,0
True,2.37144267305179,0
True,1.70279135298509,0
True,0.857158638339422,0
True,2.66643634087377,0
True,2.38644600440798,0
True,1.22568212230863,0
True,2.93671361787735,0
True,1.83458269273897,0
True,3.35844461218516,0
True,3.53752456751184,0
True,1.41946817846813,0
True,1.38054726997825,0
True,1.67749074834154,0
True,3.9242391339525,0
True,1.02835071627904,0
True,2.94051416768733,0
True,1.54179041246213,0
True,3.85000581393003,0
True,1.6837773106083,0
True,1.28941167534353,0
True,1.08016536687438,0
True,2.50169962647287,0
True,2.21174775300254,0
True,1.05596716638049,0
True,0.962246552609838,0
True,1.64071332187693,0
True,1.86652773169419,0
True,1.4757904878133,0
True,1.91271042858652,0
True,3.20243411761133,0
True,0.876154372664474,0
True,1.18557250951124,0
True,2.23363614306955,0
True,1.66107041184205,0
True,1.38470529420597,0
True,1.3048443616576,0
True,0.905843865513809,0
True,3.23149002203446,0
True,1.08534606801447,0
True,1.76098030285801,0
True,1.01412021761451,0
True,1.25898463736387,0
True,1.27527885337756,0
True,3.42087392942646,0
True,2.18293933222936,0
False,4.29699910043011,0.000280113209003852
True,1.1386713046117,0
True,2.23592615075463,0
True,3.73837488963374,0
True,3.17305358402693,0
True,1.85423079773419,0
True,2.10121818122225,0
True,3.08842427685794,0
True,2.35797189416089,0
True,3.55403666651324,0
True,3.55371464327296,0
True,3.31740834576612,0
True,3.43546452726717,0
True,1.54399914247384,0
True,2.74762320363953,0
True,1.08146953429538,0
True,0.744817409889739,0
True,1.53359267844927,0
True,2.64440195666419,0
True,0.799930353693915,0
True,2.64566895277113,0
True,2.36003918478813,0
True,2.41464252921876,0
True,1.77637754939076,0
True,0.944087790527052,0
True,2.35727480221182,0
True,2.07709086549397,0
True,1.59562617092815,0
True,1.89266192183267,0
True,0.96698586620898,0
True,2.2411690624506,0
True,1.97754187450081,0
True,1.97606805377906,0
True,1.10227621076721,0
True,1.08893920479407,0
True,1.52514364047871,0
True,1.93194918685737,0
True,1.84312762598665,0
True,0.873690062928981,0
True,1.11813575855383,0
True,3.51665448531919,0
True,4.11628143318637,0
True,0.873139294471479,0
True,2.04744366418361,0
True,2.12973926318656,0
True,2.13608922442865,0
True,0.90849092673129,0
True,2.83049267136632,0
True,3.45917879658093,0
True,1.4247130581887,0
True,2.30679156256055,0
True,1.88455375525881,0
True,1.87482217728441,0
True,2.01527862901256,0
True,2.5386684799719,0
True,2.69192205349406,0
True,2.38951963484414,0
True,2.07073495334026,0
True,1.4602034752022,0
True,2.4141345006006,0
True,1.85753607039146,0
True,2.91635987797694,0
True,1.9658467429891,0
True,0.959677071574732,0
True,3.89698307291539,0
True,1.5157082751267,0
True,2.67866535575736,0
True,1.34256204847159,0
True,1.12654734417792,0
True,2.26520245586645,0
True,3.32705133996691,0
True,3.7849726298346,0
True,2.04803860900387,0
True,4.08864017058189,0
True,3.3105883791345,0
True,2.4698911335057,0
True,2.40581366489089,0
True,1.90599049845796,0
True,2.07086270757266,0
True,2.33080077134882,0
True,3.84171468876132,0
True,2.49327366618123,0
True,1.1230132281651,0
True,1.20237798482519,0
True,2.26878971053827,0
True,3.48620377125763,0
True,3.98880508048064,0
True,0.995242566601497,0
True,1.48298713180521,0
True,1.40073310043658,0
True,0.988030991462324,0
True,2.17043241819818,0
True,1.56739551315016,0
True,2.47546902174918,0
True,1.07936706583735,0
True,1.12717251895945,0
True,3.73206777546809,0
True,2.34524856936393,0
True,2.63987785223057,0
True,1.19008226019349,0
True,1.73476615396827,0
True,1.43748003641162,0
True,1.82344822015713,0
True,1.67119111319598,0
True,1.33428569865053,0
True,1.82858366395165,0
True,2.51724713258614,0
True,1.15576939989152,0
True,2.01804073227233,0
True,1.92892370646938,0
True,1.1522077980619,0
True,2.08094024554429,0
True,1.58480632972551,0
True,2.94680732116367,0
True,3.5951879738973,0
True,1.89345408356245,0
True,1.98025209219407,0
True,2.08852220668826,0
True,2.44232717112265,0
True,0.793391693349217,0
True,1.24663214095645,0
True,1.04131463827273,0
True,1.67579848571243,0
True,1.52018181521059,0
True,1.66132489945883,0
True,2.03370052705942,0
True,2.18013373310471,0
True,1.56491511018286,0
True,1.24068981696099,0
True,2.13014590980433,0
True,2.23677344741393,0
True,1.20524100316515,0
True,1.11438287757824,0
True,2.34767348137842,0
True,2.96028325485087,0
True,1.2273041648082,0
True,1.32545152866416,0
True,1.4558763591618,0
True,1.78084858252681,0
True,1.8037795362272,0
True,2.28270635501575,0
True,4.34460106194338,0
True,4.11144331413649,0
True,2.41025268531238,0
True,1.54610193993287,0
True,0.282333028999036,0
True,3.32358108413193,0
True,1.56198290324547,0
True,2.81274040957867,0
True,1.41092953734066,0
True,1.05073996678379,0
True,0.964348797757074,0
True,1.1668700329518,0
True,2.25766018144704,0
True,2.20375439572861,0
True,1.7776925583381,0
True,1.43685504760469,0
True,1.75577537002842,0
True,2.39638156638248,0
True,3.81186207159635,0
True,2.50384608833608,0
True,2.5186245972227,0
True,1.33596880677683,0
True,1.43145976183626,0
True,1.56391973882869,0
True,2.14348137269723,0
True,2.23036483071768,0
True,2.4181563817075,0
True,2.78690222673191,0
True,1.48235494785368,0
True,2.12054037376528,0
True,1.07383723092739,0
True,1.68520938343332,0
True,4.03947315975881,0
True,2.77930754437641,0
True,2.77700432138806,0
True,2.4109727602869,0
True,1.63331108228482,0
True,1.37925161919044,0
True,2.0226536124888,0
True,1.43788633735468,0
True,3.00589976339578,0
True,3.19138122281727,0
True,2.0264740493783,0
True,1.34539597070866,0
True,2.39581042115004,0
True,2.70943627434339,0
True,3.04135147725989,0
True,2.34379992954066,0
True,2.97508456497381,0
True,3.19238792062471,0
False,2.87129134458366,0.00013502999078575
True,3.33709734365091,0
True,1.53997221050925,0
True,1.60544417716782,0
True,0.715519385334648,0
True,1.39385389016829,0
True,1.42739949028495,0
True,1.56604620108371,0
True,1.78246089135102,0
True,1.36271522507979,0
True,2.0416363101435,0
True,1.64380443414354,0
True,2.47696261149101,0
True,1.01462006371689,0
True,1.28445143972951,0
True,1.28483794256224,0
True,1.31265261917236,0
True,3.33080144651082,0
True,0.823998333166604,0
False,1.4031960978584,0.000135333352940286
True,3.88477884995408,0
True,2.8230126679655,0
True,1.08711483156347,0
True,1.30365793044619,0
True,2.37657452984718,0
True,0.836103986606534,0
True,2.31276743982433,0
True,3.00664768366032,0
True,3.55225713556717,0
True,1.94496981543844,0
True,2.21015143770801,0
True,1.16873729472759,0
True,3.71570713090637,0
True,1.86777138717185,0
True,1.14202576042494,0
True,1.61482437867576,0
True,3.70558941337042,0
True,1.86333213292788,0
True,2.22896321903217,0
True,2.60131272058566,0
True,2.45348469704441,0
True,1.74760178494254,0
True,2.41876465869189,0
True,2.39315064787668,0
True,0.719198296051635,0
True,1.73049689884631,0
True,3.27303781289538,0
True,1.92456039776235,0
True,4.28247295817198,0
True,1.96903070072717,0
True,0.930923907220825,0
True,1.41074165835797,0
True,1.36033948596502,0
True,1.42937878284568,0
True,2.49483805157367,0
True,1.47551912946376,0
True,1.44553890967433,0
True,1.5156750351149,0
True,2.17824590325387,0
True,2.30745149319873,0
True,2.2654703781316,0
True,1.63600727990242,0
True,2.03419694627117,0
True,2.55299817917025,0
True,1.65542493525058,0
True,0.829549364495995,0
True,3.30206093392323,0
True,1.87828315390201,0
True,2.22875804968806,0
True,2.16120952801499,0
True,1.67799135088983,0
True,2.35245009027051,0
True,3.41794100721446,0
True,1.42431213187207,0
True,1.7441050731461,0
True,2.17012835162436,0
True,4.35701942511675,0
True,1.76494229182167,0
True,2.82117273784141,0
True,1.52907518065777,0
True,4.04956167082686,0
True,3.44654697551757,0
True,1.3731616971914,0
True,1.70507295046788,0
True,1.02119931007971,0
True,1.99353482781867,0
True,2.9026268038347,0
True,1.34361731623224,0
True,2.8553035341806,0
True,2.847064614237,0
True,2.04485891891276,0
True,0.835230770047179,0
True,1.13461979218834,0
True,3.18911997396734,0
True,2.06724697002097,0
True,1.45360842822292,0
True,0.999181717776516,0
True,3.44221672268608,0
True,1.33985724276339,0
True,0.921975103187752,0
True,3.51358459631802,0
True,2.3087669837668,0
True,3.29152925892134,0
True,1.31008388865289,0
True,1.61492854466049,0
True,3.14420263983219,0
True,1.18635310441734,0
True,2.00376939375862,0
True,3.46170600163667,0
True,1.78876435712177,0
True,2.21544312597121,0
True,1.80849208993085,0
True,0.864886873777288,0
True,1.92760093367058,0
True,1.27980496381236,0
True,1.04798600369713,0
True,1.65464299273032,0
True,2.17119775091537,0
True,1.41554907465529,0
True,1.97441492815805,0
True,1.68127204586553,0
True,3.43489697589294,0
True,1.62899611729971,0
True,1.95544139326294,0
True,2.38317170655749,0
True,0.591244964092306,0
True,3.91682023200623,0
True,3.59600192806724,0
True,2.48392239147524,0
True,1.43785997542322,0
True,1.22798620867284,0
True,2.67187552582152,0
True,2.61232788066294,0
True,1.42349857764295,0
True,1.15251668453782,0
True,1.66182540763962,0
True,1.39767017677182,0
True,1.3473347464049,0
True,1.3778755826859,0
True,1.38190052210614,0
True,1.5593380607643,0
True,1.12517606145216,0
True,2.56419564061439,0
True,1.13235769170274,0
True,0.987682494779377,0
True,1.89541896297433,0
True,1.33305398506267,0
True,1.64805738020167,0
True,0.919937196175205,0
True,2.42022162944416,0
True,1.33580304230977,0
True,1.77373556038397,0
True,2.66415953979795,0
True,2.23573383760813,0
True,1.78299411471776,0
True,3.33951311514252,0
True,2.05674166169909,0
True,1.79882668986431,0
True,2.03256956691399,0
True,1.5208998691044,0
True,1.86917848898739,0
True,3.57705074671571,0
True,3.35344648952897,0
True,1.23539988976211,0
True,1.39296126065605,0
True,1.16877654514575,0
True,1.40095596736069,0
True,1.4020257784312,0
True,0.948980900678638,0
True,2.05747224521541,0
True,2.85945018668333,0
True,1.23462318478034,0
True,0.998573056186889,0
True,1.27658833502659,0
True,1.66699651384406,0
True,1.24975391324562,0
True,0.974862973656041,0
True,2.36353095138239,0
True,2.1631426734782,0
True,1.60460667272733,0
True,1.12657608152421,0
True,1.74014250112386,0
True,2.14605011951236,0
True,2.5993451777669,0
True,0.936895298772497,0
True,1.08806881251084,0
True,2.77677841994868,0
True,2.67745488198059,0
True,2.82838233677692,0
True,2.51749421568177,0
True,3.32403854889996,0
True,2.11497801443442,0
True,1.43777575348379,0
True,1.18024977213679,0
True,2.08093760166256,0
True,1.53970100988529,0
True,0.784819472088481,0
True,1.17778758976957,0
True,2.33775903356982,0
True,3.3466839549922,0
True,1.42696258347902,0
True,1.34602737740348,0
True,0.985535967698082,0
True,0.556450643382082,0
True,1.37301692809676,0
True,1.6942433353261,0
True,1.63587810901504,0
True,1.60649129595162,0
True,1.40535598542245,0
True,1.05351293504349,0
True,1.43400527480945,0
True,2.24899681060436,0
True,2.71719112932076,0
True,2.24323512745274,0
True,2.56598116764897,0
True,3.77318924619478,0
True,1.66838946149368,0
True,2.321102898227,0
True,2.26555043975967,0
True,1.51576270944952,0
True,1.16644030012059,0
False,2.06111303443857,0.000263319889429501
True,1.34105502115364,0
True,1.58242082435801,0
True,1.73383182937122,0
True,1.24702388555836,0
True,1.06426138891554,0
True,0.884082158130891,0
True,0.966421435956351,0
True,3.23533280566688,0
True,2.87921241358193,0
True,1.96413411718705,0
True,1.61335995882775,0
True,1.14960320320986,0
True,1.37377024106683,0
True,1.89651045079967,0
True,1.77826148059468,0
True,1.57293312863121,0
True,2.57591872090969,0
True,3.27923018222918,0
True,4.49884480704559,0
True,4.50757595164163,0
True,3.85173705675162,0
True,3.94872183061339,0
True,3.22236845223754,0
True,1.31273422423805,0
True,1.78661096108323,0
True,1.45022484284084,0
True,1.3395621057567,0
True,1.87224687480205,0
True,1.29406950261774,0
True,1.30207131922365,0
True,1.81248259518007,0
True,1.70528089243233,0
True,3.43868560685358,0
True,3.78517500002575,0
True,0.836996359609926,0
True,2.15779098913216,0
True,2.9862975394242,0
True,1.75222153438262,0
True,1.9336023203646,0
True,0.776417137482862,0
True,0.848621888542791,0
True,0.877354511249388,0
True,0.952046694334667,0
True,0.941332750505148,0
True,1.33580916780818,0
True,1.61569022370213,0
True,1.55457444840051,0
True,1.50390099040037,0
True,1.03139196025095,0
True,1.136664894032,0
True,1.71082310690278,0
True,2.41381794319985,0
True,2.40409017022659,0
True,0.913802276477253,0
True,4.28889362666426,0
True,3.18987435245881,0
True,1.11417908908183,0
True,1.4414725403229,0
True,1.79915950040333,0
True,3.68737377546327,0
True,3.75996707961543,0
True,1.54296443612808,0
True,2.36506184440319,0
True,3.69057095830597,0
False,2.41361035503979,0.000110926229502322
True,1.01889797610577,0
True,1.3382817840853,0
True,1.66276178851291,0
True,0.999910669077959,0
True,2.15953084697903,0
True,2.35323624220746,0
True,1.78361501049476,0
True,1.2092645775181,0
True,1.59503141132783,0
True,0.949566726011626,0
False,3.52799699501813,0.000101166054180891
True,3.61196850116148,0
True,3.07095464763989,0
True,1.13865929016705,0
True,0.891579043588713,0
True,1.10969274972958,0
True,2.74793671047278,0
True,2.22046565658882,0
True,2.68779442882021,0
True,3.39280900171914,0
True,1.38772349539762,0
True,1.11068459094555,0
True,2.60384312560398,0
True,2.13994365201855,0
True,2.64769516638768,0
True,2.03110275561577,0
True,2.96741710625736,0
True,2.7184860020102,0
True,1.43980052348768,0
False,2.46664485196368,0.00013515392455332
True,2.57137761713212,0
True,1.7336578045668,0
True,1.48833236986547,0
True,3.26733781652953,0
True,1.68680172949066,0
True,1.29586478866383,0
True,3.48050591743265,0
True,0.927317243723347,0
True,1.4642686641646,0
True,1.42608784537881,0
True,1.80002171433644,0
True,2.3928083560427,0
True,3.88884566706801,0
True,3.13070463258234,0
True,4.26500698322166,0
True,2.48021074895341,0
True,1.94616716062233,0
True,2.12718446107338,0
True,2.82904489038728,0
True,2.26125210113532,0
True,0.759552929749816,0
True,1.71737553829108,0
True,1.15335033027964,0
True,2.39816144159996,0
True,1.44906674120913,0
True,2.20926039282034,0
True,1.46248733983684,0
True,1.99150180031055,0
True,1.19635608598698,0
True,0.675361053463844,0
True,2.53736743299084,0
True,2.07847384014017,0
True,1.61704844177085,0
True,2.22187670276002,0
True,1.18282193820734,0
True,1.04495324852907,0
True,1.19768164012245,0
True,2.17553356596722,0
True,1.57560164694693,0
True,1.33336477520097,0
True,1.21203240337749,0
True,1.59690866269708,0
True,1.13446243450614,0
True,1.86593321616833,0
True,1.17352050499003,0
True,2.9729464485526,0
True,1.62686385810794,0
True,0.626052645067296,0
True,0.941463573916053,0
True,2.9010106877896,0
True,1.19262383180213,0
True,4.14636819434928,0
True,2.86380402989335,0
True,2.40926021621919,0
True,1.38795195185004,0
True,3.0344697323457,0
True,1.59696301447107,0
True,1.07143551061906,0
True,2.39568323679266,0
True,0.748182034885713,0
True,1.32508190993161,0
True,2.48771264890526,0
True,2.74758309891051,0
True,1.64705022651782,0
True,1.14487702962486,0
True,1.29630605974306,0
True,1.64618809515876,0
True,1.654421959733,0
True,1.47332059257252,0
True,2.32198354931475,0
True,2.46181916716598,0
True,2.32731062324049,0
True,2.73956853993038,0
True,2.03561757512798,0
True,1.27014731986017,0
True,3.51798582944912,0
True,1.99959852332827,0
True,2.57909758407619,0
True,1.49497633296728,0
True,1.12773094503073,0
False,3.81501647394062,9.85733014393301E-05
True,0.758906249834463,0
True,1.13601774766655,0
True,1.89451498470222,0
True,1.56786413062213,0
True,1.11948612664583,0
True,0.97418916615119,0
True,0.740454441664199,0
True,1.91628649916203,0
True,3.10496622092792,0
True,2.49819272436481,0
True,2.51142936931425,0
True,2.57351215845215,0
True,1.9512920031086,0
True,1.42437996757636,0
True,3.9242874881616,0
True,2.05724544057579,0
True,3.93387055457432,0
True,3.61216323893366,0
True,3.50279129338623,0
True,4.53942779353794,0
True,2.10285772338531,0
True,1.84560728116869,0
True,2.62188401443574,0
True,2.57254971697742,0
True,1.61640799655534,0
True,1.79216476295061,0
True,1.14848022891885,0
True,1.96532347391796,0
True,0.926051312563154,0
True,1.48312540501328,0
True,2.51178188861013,0
True,1.91227732049678,0
True,1.47068046582353,0
True,1.27827746736469,0
True,2.27070545357795,0
True,3.76382508375951,0
True,1.62521924025914,0
True,3.27589595991052,0
True,2.43751656207196,0
True,2.05829763800167,0
True,1.73671745767978,0
True,0.627194134531791,0
True,2.6237752971456,0
True,2.51854890723269,0
True,1.48275391410158,0
True,1.1253548341825,0
True,1.44136924199375,0
True,2.39434416079533,0
True,1.11785788678561,0
True,1.67951213192929,0
True,1.5474663115839,0
True,2.51107962959727,0
True,1.22723194586334,0
True,3.76945708328782,0
True,2.61521198936627,0
True,2.80863791389987,0
True,3.9897153721319,0
True,1.63419523556854,0
True,3.64733857638429,0
True,2.93775386310759,0
True,2.11672579726931,0
True,1.88658391495386,0
True,2.18021450762729,0
True,0.679140984677373,0
True,1.47744558835887,0
True,1.46821229793074,0
True,2.89125761788024,0
True,0.593364037323478,0
True,1.9179627944995,0
True,3.46846448704588,0
True,1.23084160524099,0
True,0.623848997969774,0
True,1.02245910085289,0
True,1.532568157171,0
True,2.64157588246347,0
True,4.74216801357534,0
True,1.97258655499693,0
True,1.3617957013002,0
True,1.70911358750705,0
True,1.51282090866306,0
True,1.04300470467409,0
True,0.854924876746919,0
True,1.43331105539895,0
True,2.31186329398373,0
True,1.48275016472792,0
True,1.76317964480503,0
True,2.48407367859253,0
True,3.03538537652859,0
True,1.82991108326548,0
True,1.85043260048528,0
True,3.34450054681305,0
True,1.51691560176301,0
True,0.928163770230336,0
True,1.23440676046681,0
True,0.651640676190324,0
True,2.08291133601834,0
True,1.73035805075215,0
True,2.69610078577626,0
True,2.75374418960845,0
True,2.73140847448826,0
True,1.62748286250326,0
True,2.23333207688111,0
True,2.24438351666696,0
True,4.69667376930482,0
True,1.85178407256963,0
True,1.66266352054654,0
True,1.49064710040474,0
True,1.25383304417685,0
True,1.9009948675182,0
True,2.65119031034441,0
True,1.02852427447811,0
True,2.87359419509481,0
True,1.46885927304426,0
True,1.84841154037304,0
True,2.18992802801239,0
True,2.29130532901855,0
True,1.15469590985626,0
True,0.865839485661252,0
True,2.23412683410261,0
True,1.80425345789231,0
True,1.56731014642092,0
True,3.10867937547007,0
True,2.55089176306124,0
True,1.90280872379871,0
True,0.760843419967197,0
True,2.56160633884698,0
True,1.91427943954321,0
True,1.11883269425685,0
True,3.78776166191424,0
True,2.68473374059164,0
True,1.85362771041937,0
True,3.21724789068936,0
True,0.890771829447032,0
True,1.37878870331922,0
True,2.12660567717211,0
True,2.66015632351376,0
True,1.39579894789155,0
True,1.57413141260728,0
True,1.76811089743956,0
True,4.29344251476823,0
True,2.61663217679813,0
True,2.17196777456577,0
True,1.36294445078816,0
True,1.20751071304671,0
True,2.39710781695418,0
True,2.48210026845189,0
True,1.38471693733518,0
True,1.65259173118291,0
True,1.88458882099367,0
True,1.26302093619192,0
True,3.46428836320778,0
True,0.797868060201588,0
True,1.68401109991402,0
True,0.804106317165314,0
True,1.78611063545495,0
True,2.5587606982249,0
True,1.03653700019956,0
True,1.03676907522353,0
True,2.00603739643812,0
True,0.859911322740344,0
True,1.37401441379291,0
True,1.32915007393546,0
True,3.30730862484722,0
True,1.55491854333101,0
True,1.61353828590971,0
True,1.21402543654283,0
True,2.386843113655,0
True,1.74890407439068,0
True,1.24155413578603,0
True,1.90124012049809,0
True,2.67824190438522,0
True,2.54407148232402,0
True,2.22016050146343,0
True,3.86290643932332,0
True,1.72321410663691,0
True,1.92887605538094,0
True,1.55492045454783,0
True,1.47434966879645,0
True,2.04299227572104,0
True,2.66401292847725,0
True,2.46449534160136,0
True,1.47108645146741,0
True,1.73810800667843,0
True,1.8013164230215,0
True,2.28591727694462,0
True,0.775014676581397,0
True,3.61045256841525,0
True,2.15542395238996,0
True,1.85546391632428,0
True,2.48538791132673,0
True,4.15141336405582,0
True,2.3994332345513,0
True,1.26311199958657,0
True,4.03201508774073,0
True,1.77240187956919,0
True,2.22168126913097,0
True,1.39782537303882,0
True,2.00464047534583,0
True,2.84294108927536,0
True,2.04064574243325,0
True,1.56302594846229,0
True,2.70277130492669,0
False,2.92134317840858,0.000164177601717829
True,2.78693567774316,0
True,1.71271665594127,0
True,2.07266315044589,0
True,1.19853075003979,0
True,1.03571376025791,0
True,2.17270647634712,0
True,3.99051808398466,0
True,3.20188649558302,0
True,1.65441922855515,0
True,0.747914242941222,0
True,2.65084134781951,0
True,3.20091275769573,0
True,1.3909224669002,0
True,1.34524391421533,0
True,1.41750593302684,0
True,1.21612396507633,0
True,2.21979768068974,0
True,1.11941949202361,0
True,1.28952854332993,0
True,2.22784616311581,0
True,1.10740018990618,0
True,1.99872731898948,0
True,1.89458334967315,0
True,1.27879855562974,0
True,2.5397046288385,0
True,1.43196770592866,0
True,1.96694664970851,0
True,2.91976069837242,0
True,2.266726739388,0
True,1.9812625173098,0
True,1.05878075378712,0
True,0.570359224929204,0
True,0.845318106758993,0
True,1.06787477436866,0
True,2.1198134365205,0
True,1.2272981164483,0
True,1.16384775719339,0
True,1.2133004366634,0
True,1.70116550853799,0
True,0.977479720664447,0
True,3.05416412446321,0
True,1.12246629863259,0
True,2.18227344449554,0
True,1.30657161592878,0
True,1.64200205518428,0
True,3.63655239291058,0
True,3.32492795714145,0
True,2.55315043821053,0
True,1.74914065135147,0
True,1.27898683609393,0
True,0.842755829557669,0
True,2.79338891967962,0
True,4.1336897260374,0
True,2.77489596939128,0
True,1.4775976155184,0
True,1.29556204362656,0
True,2.83761802092022,0
True,2.91767241296427,0
True,1.24254851394835,0
True,1.12007007482536,0
True,1.52937172657022,0
True,3.17178178687585,0
True,3.02273875776705,0
True,2.30243524440169,0
True,1.32129244775878,0
True,3.04551637263615,0
True,2.70144754750101,0
True,2.72067342855815,0
True,2.50525528273289,0
True,1.12253035956521,0
True,2.28496854685606,0
True,1.27889764582208,0
True,1.44865940463285,0
True,0.828256204042149,0
True,1.38305369221776,0
True,3.29600036216417,0
True,1.30266795376452,0
True,1.59870571344243,0
True,3.79934656738126,0
True,2.42807214559024,0
True,0.793972435310073,0
True,1.29070861241526,0
True,1.87069759391798,0
True,2.16184711832365,0
True,3.00041661757589,0
True,1.31646131307987,0
True,0.790671751859723,0
True,0.840971427209755,0
True,2.24281428985901,0
True,1.65979242844866,0
True,3.07963181164031,0
True,1.44188619662305,0
True,2.22126862366699,0
True,1.85477902879741,0
True,2.67314361846464,0
True,2.74747715778874,0
True,1.56391396676336,0
True,3.69235181546428,0
True,4.03439833152992,0
True,1.17886913190414,0
True,1.20139765851646,0
True,0.874954492186564,0
True,2.02078459784227,0
True,2.136010131135,0
True,1.71831095398141,0
True,1.57034024771041,0
True,2.79788221384476,0
True,1.2157243660828,0
True,1.62194294237013,0
True,1.27491642854103,0
True,1.79012829828951,0
True,2.39800138593995,0
True,1.69026091989228,0
True,1.01989828325343,0
True,0.785891031108336,0
True,1.49254042989856,0
True,2.24340445519273,0
True,2.24330871794212,0
True,2.45943623389668,0
True,1.24983464878617,0
True,1.76309563212069,0
True,1.89821087927559,0
True,2.31149759045143,0
True,2.24165315274151,0
True,1.70710202600565,0
True,1.44711685141163,0
True,3.84337901502579,0
True,1.418391992441,0
True,1.25248264383603,0
True,2.75475065737363,0
True,2.93616974387492,0
True,1.75020879795794,0
True,1.24984521741166,0
True,1.98547248006888,0
True,1.8376045843739,0
True,1.85266146308302,0
True,1.10210631096091,0
True,3.54515169292697,0
True,3.55991392200621,0
True,1.09821971956202,0
True,1.39852938260212,0
True,1.12182096966085,0
True,2.2493612819375,0
True,0.815381232448322,0
True,2.2303591894301,0
True,2.55801822617885,0
True,2.3644186727194,0
True,2.45545496799039,0
True,1.38180454259427,0
True,1.26047264187372,0
True,2.9965089783359,0
True,3.84053834114234,0
True,3.20655746308746,0
True,1.19612931107741,0
True,2.38484151383462,0
True,2.28409154161547,0
True,3.0019990258211,0
True,0.730335298684103,0
True,2.17491637283377,0
True,2.04339692508913,0
True,1.44340160492481,0
True,1.57950309815689,0
True,1.4862091572272,0
True,1.17578626359788,0
True,2.96005745368315,0
True,1.16919458032628,0
True,2.44623105702704,0
True,2.37934775703489,0
True,1.69238509678877,0
True,1.67948356985095,0
True,1.26835499019817,0
True,1.8937909648277,0
True,1.45641307235291,0
True,2.78013356652336,0
True,1.29697467373758,0
False,1.97746761921754,0.000199212961372964
True,1.18422808076331,0
True,1.87732100323479,0
True,2.90025606404683,0
True,3.30102963952672,0
True,2.03113662072721,0
True,2.80262340896534,0
True,2.05722533947075,0
True,1.42825538074308,0
True,1.33915140807244,0
True,0.497527904510294,0
True,0.872378324849811,0
True,1.51068399796121,0
True,0.909813691677344,0
True,1.12344337451396,0
True,0.965231230060173,0
True,0.568833406644591,0
True,1.2494601702037,0
True,2.30039869456149,0
True,2.73757777876572,0
True,0.986131923288701,0
True,1.80482534094174,0
True,1.85366049666924,0
True,3.20898891388248,0
True,2.83390490162309,0
True,1.07048139741785,0
True,1.07566109533178,0
True,1.15353205517815,0
True,1.2965636341714,0
True,1.75372977961367,0
True,1.3058928576226,0
True,1.69054741415927,0
True,1.80646943525354,0
True,1.33611571465972,0
True,2.49518172320766,0
True,0.822824578699971,0
True,1.59433241315994,0
True,1.25861148433114,0
True,1.30692417023312,0
True,1.83642358253836,0
True,1.16669835035776,0
True,1.72245131554684,0
True,3.15527382947319,0
True,1.91669098103659,0
True,1.80694064182862,0
True,1.67283102921093,0
True,2.54452616450117,0
True,2.63331046715831,0
True,1.07991898773557,0
True,1.74772949592645,0
True,3.79801786390215,0
True,2.52199338103709,0
True,1.72450936166042,0
True,0.67277450182397,0
True,2.68768012660508,0
True,3.73371942707352,0
True,2.5379622156029,0
True,1.87005837039562,0
True,2.43238764129008,0
True,1.28088540502225,0
True,1.05155413953742,0
True,2.15236731917104,0
True,1.98724992789847,0
True,3.17029138727598,0
True,2.35255868514252,0
True,1.08756001648134,0
True,2.01449924866847,0
True,0.853792940050092,0
True,1.51237491799326,0
True,3.1748376769327,0
True,0.697603608629468,0
True,2.53838497241354,0
True,1.32557830199012,0
True,2.25826061191665,0
True,1.82522159221572,0
True,1.67398579044496,0
True,1.28293904038336,0
True,1.3822202074703,0
True,1.51289103858907,0
True,0.721161971021671,0
True,1.97725752567315,0
True,1.02008670751494,0
True,1.79706522264881,0
True,2.55980849716482,0
True,2.86092805549345,0
True,1.73642456499981,0
True,1.59828498564883,0
True,2.64328848129791,0
True,1.35778686393965,0
True,2.19792743562573,0
True,3.06953583860207,0
True,1.63559167221375,0
True,1.34455226488314,0
True,0.807956566030274,0
True,1.41349070759367,0
True,2.67228477045834,0
True,2.10045527532509,0
True,3.90076842568409,0
True,1.89792044115786,0
True,2.33541682203315,0
True,0.905063784183723,0
True,0.875021507712487,0
True,2.81236696223456,0
True,2.12090613439566,0
True,1.77728068589205,0
True,2.02841062287238,0
True,1.81174763164658,0
True,1.59399365228677,0
True,1.13375158113538,0
True,1.32804787725571,0
True,2.45731165903138,0
True,1.29532373892457,0
True,1.59673584134904,0
True,1.86625364250867,0
True,1.3302929509137,0
True,1.42687384393382,0
True,3.02758246165818,0
True,1.88715480634462,0
True,2.09640095532894,0
True,3.33964266092822,0
True,0.970553626830588,0
True,3.20891428077123,0
True,1.84603344695785,0
True,2.52134290756016,0
True,1.86925370755506,0
True,0.880637870197188,0
True,0.719190044949695,0
False,1.49237545011259,7.51918115018537E-05
True,1.73182089653637,0
True,1.11166123911133,0
True,1.51387239243722,0
True,2.35634435975875,0
True,0.914011886465587,0
True,1.57479698402884,0
True,1.4257330868731,0
True,1.1286536933101,0
True,2.40437866694449,0
True,1.31079061919116,0
True,2.065319182203,0
True,0.801574002342353,0
True,3.02462089417983,0
True,1.93301914618943,0
True,2.04182452334128,0
True,2.03554753163222,0
True,0.833585986705644,0
True,1.53067796858973,0
True,2.79514202305927,0
True,2.72274213590011,0
True,2.86565774714715,0
True,2.26557742980788,0
True,0.964843968177353,0
True,3.11062900144012,0
True,2.78846275748408,0
True,0.883541392496214,0
True,2.92988302334419,0
True,2.32346576934636,0
True,2.3792677580229,0
True,2.50016802998876,0
True,1.57935403865057,0
True,2.02798577845598,0
True,1.11478144728097,0
True,0.96206871341884,0
True,3.73611126322318,0
True,2.49638685232962,0
True,1.89100134352598,0
True,2.19266011406991,0
True,3.25548032996678,0
True,2.34039230330059,0
True,2.06367575778748,0
True,3.93920681020507,0
True,2.1762689039,0
True,1.47294451136961,0
True,0.240428673277694,0
True,1.52541837176608,0
True,1.76939903238834,0
True,0.807753593288722,0
True,1.78530661805297,0
True,2.83388954231512,0
True,2.29293175501931,0
True,3.78580826724477,0
True,3.48960740687909,0
True,3.70305298170048,0
True,2.50920098425059,0
True,1.2414370083518,0
True,1.43189404311607,0
True,1.93161389982634,0
True,0.824983770541259,0
True,2.07497415186265,0
True,1.91925746477442,0
True,2.86546846464755,0
True,2.86145993346336,0
True,3.72222519686568,0
True,1.93271346572027,0
True,1.25437475777763,0
True,0.894169523185052,0
True,1.09817805761746,0
True,2.89556314857302,0
True,2.76685790578035,0
True,2.29479308420357,0
True,1.93306356820649,0
True,2.49633736981989,0
True,1.66156692560096,0
True,1.55018479599882,0
True,1.34754598254474,0
True,1.38713952138872,0
True,1.14828749201267,0
True,1.18473249225409,0
True,1.1667412746683,0
True,1.02684509176578,0
True,0.954091804823398,0
True,1.97480943273799,0
True,3.10560772345947,0
True,4.71214113837819,0
True,2.93311738775992,0
True,1.41263761333819,0
True,1.99240791395807,0
True,1.65844120211021,0
True,3.01235784308674,0
True,3.59053498024595,0
True,1.01473510577294,0
True,1.67049895671187,0
True,1.9139365708595,0
True,2.68916797456093,0
True,1.1618290780646,0
True,2.09885897277931,0
True,1.08086544211534,0
True,1.91927607878657,0
True,2.33597745170399,0
True,1.892982252606,0
True,0.749510402468068,0
True,1.69281959700306,0
True,0.85202938805259,0
True,1.4836468757769,0
True,3.43901393680482,0
True,3.19325509600278,0
True,1.61520878104908,0
True,1.7135827946052,0
True,0.845358597496652,0
True,1.35275799404886,0
True,1.92665209355878,0
True,2.97877904170228,0
True,1.47507199825635,0
True,1.57928727671771,0
True,2.25605760872768,0
True,1.95115578215022,0
True,2.63337953513431,0
True,2.97465279142612,0
True,1.10088542252034,0
True,4.06003168519612,0
True,1.71950798720627,0
True,3.59283065232939,0
True,2.25335262390602,0
True,2.68689380975171,0
True,2.96069112990072,0
True,3.44596890025313,0
True,0.694287995488046,0
True,0.995937867364608,0
True,1.2939806953867,0
True,1.45505992228854,0
True,2.61781519046115,0
True,1.16513895848886,0
True,1.00402436364207,0
True,1.10730177098645,0
True,3.05062441277546,0
True,0.843607077950906,0
True,1.65925484285447,0
True,3.01343368835614,0
True,1.78099749794579,0
True,1.79520160324837,0
True,2.27339926669855,0
True,1.12281517623164,0
True,2.17216113489748,0
True,0.762274603169278,0
True,3.22544369207591,0
True,3.3726859323677,0
True,1.37788323251635,0
True,4.11401990293588,0
True,1.50752606509002,0
True,1.70349492402515,0
True,1.93092712872993,0
True,1.21865503840427,0
True,3.0766805839378,0
True,2.48440091997424,0
True,2.55114807391373,0
True,1.62860369445619,0
True,3.28317759281733,0
True,4.52333159341813,0
True,2.20059856740704,0
True,2.96150513937214,0
True,2.30046912297043,0
True,0.753602354348118,0
True,2.78808286619183,0
True,2.89413455720749,0
True,1.95573968430325,0
True,2.46000627883908,0
True,2.88764998155695,0
True,1.36517013656127,0
True,1.29749628075634,0
True,2.4713622489195,0
True,1.6260638231703,0
True,2.7920627517612,0
True,2.06899250950274,0
True,1.06881955529743,0
True,2.30085755731063,0
True,0.509292891642935,0
True,1.38703762715735,0
True,0.910871155370656,0
True,1.54424541949685,0
True,1.70048902584721,0
True,2.15936392726159,0
True,2.00762913952413,0
True,1.85130891619619,0
True,1.21507453854523,0
True,2.85706497910702,0
True,1.58679595921186,0
True,3.67739028737597,0
True,4.15947037827724,0
True,1.53923054310595,0
True,1.96579865000777,0
True,1.54942767790329,0
True,0.951386498115216,0
True,1.70790752481299,0
True,1.6828952124011,0
True,1.44071404585773,0
True,1.4589873489462,0
True,1.93864453123321,0
True,3.74151772187039,0
True,2.91575852289899,0
True,2.32313560494385,0
True,1.74130458763614,0
True,1.80819270558877,0
True,2.03705540600037,0
True,1.82152593929959,0
True,2.7526365925809,0
True,3.09584165232276,0
True,2.19597413484689,0
True,2.26540754223241,0
True,0.978095179517803,0
True,1.42922303476001,0
True,2.86606093827184,0
True,0.764886182822209,0
True,1.8768291825296,0
True,2.96710902355325,0
True,0.842722925849208,0
True,3.40373043503468,0
True,1.70989155956279,0
True,2.31701352390099,0
True,1.66384005484968,0
True,0.740353267733035,0
True,0.700829839109551,0
True,3.48009588955266,0
True,1.26898312151715,0
True,2.67445724521031,0
True,1.38343776778412,0
True,1.50099580283247,0
True,2.23393271400141,0
True,3.65297852741372,0
True,0.912368207693464,0
True,1.87991549878192,0
True,3.61983325013252,0
True,1.92797998960701,0
True,1.576141205867,0
True,1.32969317204974,0
True,2.41961209078512,0
True,1.38151767732486,0
True,1.33948156229266,0
True,1.11979010514315,0
True,1.64668928543049,0
True,4.34065411008714,0
True,1.22779226013808,0
True,1.61685958389922,0
True,1.76676520151311,0
True,2.18822995814722,0
True,2.73352323321076,0
True,2.45385330534565,0
True,1.9170126806726,0
True,2.00996897149696,0
True,1.76930822623643,0
True,1.20183935748182,0
True,1.41068891150663,0
True,1.35763937483984,0
False,1.20619332803738,0.000292389489336989
True,2.11471902821869,0
True,4.28055106240542,0
True,2.34592388616718,0
True,1.2544132195564,0
True,2.99447472372702,0
True,3.42982260863467,0
True,1.89748925429591,0
True,1.73546821325373,0
True,2.07527763130106,0
True,2.00503158482773,0
True,2.00572410432483,0
True,1.07386738607124,0
True,1.38217604135554,0
True,0.665940940260577,0
True,2.0153006074324,0
True,2.74115942276446,0
True,4.18422532230695,0
True,1.97615186804229,0
True,1.9432913360964,0
True,0.793633055770476,0
True,1.4961857806454,0
True,3.13608540451117,0
True,1.85890719758808,0
True,1.72460093163157,0
True,2.66725939128178,0
True,1.33000705164759,0
True,2.23162431026381,0
True,2.56020728755559,0
True,1.21659085468931,0
True,2.44527918271367,0
True,1.93149530885879,0
True,1.5836498696988,0
True,1.30054325200423,0
True,1.38335298370611,0
True,3.54205922071525,0
True,1.50140831819275,0
True,1.28011174912586,0
True,1.97480972679708,0
True,1.36268280742474,0
True,2.69565335283806,0
True,2.55153903833222,0
True,1.9149136780425,0
True,1.20085627950619,0
True,0.911754230134903,0
True,4.05088664940192,0
True,2.55376527586746,0
True,2.05429667215566,0
True,1.52832281440954,0
True,3.62149222158463,0
True,2.16555553249912,0
True,0.930104005023729,0
True,3.13715367789077,0
True,1.21767661937058,0
True,1.3622396655455,0
True,1.76123685167578,0
True,2.08231229340861,0
True,1.22079518079926,0
True,1.71839463639965,0
True,3.87605376760038,0
True,2.00614899980987,0
True,1.86879445409397,0
True,1.20263900018974,0
True,2.74028434751155,0
True,3.77576224792106,0
True,2.41191594813259,0
True,1.51294611142966,0
True,1.00780000458813,0
True,0.88153899526727,0
True,3.779314350805,0
True,3.77906632301602,0
True,0.959223574129264,0
True,3.78720389114536,0
True,2.00796727021536,0
True,1.23630310138502,0
True,3.04721477787125,0
True,1.50138958834253,0
True,2.13438632141941,0
True,1.62550079019825,0
True,1.43595296474566,0
True,1.24051857257772,0
True,0.548925033335907,0
True,2.84030813060164,0
True,2.53536025025883,0
True,1.68759535226644,0
True,1.66192266425918,0
True,2.23533693395226,0
True,2.80448297316525,0
True,1.41177996258443,0
True,1.2650368025284,0
True,1.87999538188005,0
True,1.00407064368037,0
True,0.888375485547289,0
True,1.91262642304938,0
True,1.1268188106195,0
True,2.63738946223369,0
True,1.97859992473513,0
True,3.07672679500114,0
True,1.91235744715189,0
True,1.88523679010876,0
True,1.62081131234918,0
True,2.6727962182822,0
True,1.89138124406001,0
True,1.30560533530021,0
True,1.19291286552926,0
True,3.47773921341673,0
True,1.23234524803564,0
True,1.29914815550119,0
True,1.14633432928395,0
True,3.14292391327572,0
True,0.95749250443503,0
True,1.58433934545489,0
True,1.06435923013294,0
True,2.11401906597997,0
True,3.38405025357823,0
True,3.39335144290704,0
True,0.702064327241891,0
True,3.3456106857695,0
True,1.71464559633476,0
True,1.11257434607325,0
True,1.92488681618857,0
True,1.41363757175299,0
True,2.39416487178278,0
True,2.07473475514594,0
True,1.95344631276657,0
True,1.64875568543777,0
True,1.66659500229426,0
True,0.919916721073628,0
True,1.14671299214502,0
True,1.30889493258708,0
True,1.41116398112135,0
True,1.58901680724537,0
True,1.0061606409501,0
True,1.15118651131176,0
True,1.2254713498435,0
True,1.20546813964999,0
True,2.2424102816807,0
True,1.17246355952649,0
True,3.35489706879046,0
True,3.90865437456974,0
True,2.16842697977117,0
True,1.78544290824507,0
True,3.47646206794818,0
True,1.4851895411248,0
True,2.97208015487335,0
True,1.63041256860339,0
True,1.12525876638771,0
True,3.03217879108039,0
True,2.13591984015718,0
False,3.16191299857155,9.62288768520826E-05
True,1.96585387369131,0
True,3.61116021816912,0
True,1.45676461553129,0
True,1.9488246633932,0
True,2.82823295749622,0
True,1.25499609248323,0
True,2.45197923410974,0
True,1.84183290878851,0
True,1.42205644169468,0
True,1.01437911952369,0
True,0.969584565154923,0
True,2.8187211842902,0
True,1.30414371503848,0
True,3.61435243994446,0
True,0.872612997880737,0
True,1.39718174686528,0
True,1.41121534481281,0
True,2.06074159082006,0
True,3.42931559742539,0
True,0.840097700244447,0
True,1.12226436993922,0
True,3.81533543082594,0
True,3.04391170855689,0
True,1.49586163613266,0
True,1.93819784461676,0
True,3.33717737434736,0
True,1.3670786790132,0
True,1.72958038846123,0
True,1.28034361602362,0
True,1.39371934350936,0
True,1.35835000405604,0
True,2.75259814434756,0
True,2.85380420084248,0
True,3.20634865455465,0
True,1.74543491371111,0
True,1.45975469306734,0
True,0.9135186937035,0
True,3.44970912449516,0
True,0.919578427007676,0
True,3.13175009400108,0
True,1.01564601929461,0
True,2.89142688194403,0
True,1.92669080337894,0
True,1.29205333843179,0
True,3.74411652145848,0
True,1.44941127617432,0
True,0.911730942706142,0
True,2.56667193566069,0
True,2.70501818218787,0
True,2.29696695667618,0
True,2.25104179478315,0
True,1.80501958463353,0
True,1.88753083797775,0
True,3.24998471692764,0
True,1.41090326877483,0
True,1.49255005502653,0
True,1.76108893538827,0
True,3.23815925838968,0
True,1.96293345992188,0
True,2.56651084208177,0
True,2.9288739591682,0
True,1.26258552828913,0
True,1.72090305025979,0
True,0.872096144606009,0
True,1.78679009319441,0
True,2.76861494563224,0
True,1.40206243259579,0
True,1.4970065577662,0
True,1.84302711561942,0
True,1.76769300489553,0
True,1.83924947569535,0
True,1.3907082214116,0
True,2.00908729352111,0
True,2.47856515650078,0
True,1.13032563124346,0
True,2.1896201122117,0
True,1.89167556456364,0
True,4.01369308722948,0
True,2.03021099315285,0
True,3.26254168899338,0
True,2.82789635505433,0
True,1.82480039681098,0
True,1.40575186513333,0
True,4.02189353819504,0
True,2.85625001678604,0
True,2.00493642016139,0
True,2.01207784331331,0
True,2.97056775880053,0
True,0.962530498797394,0
True,4.40225340460679,0
True,4.19210753645285,0
True,3.81861930917004,0
True,2.2632706767159,0
True,1.13376776566619,0
True,1.32673988918151,0
True,1.21658305780815,0
True,0.816963106399604,0
True,3.32657078509427,0
True,2.69155335029314,0
True,1.49764019843014,0
True,1.19450136857829,0
True,1.55403218761099,0
True,2.46386416905466,0
True,2.97841583285945,0
True,2.01185525473073,0
True,1.07735097171188,0
True,1.90830982156946,0
True,2.62458215457243,0
True,0.924196942601936,0
True,2.86817520147838,0
True,1.70588535179549,0
True,1.09872782289128,0
True,2.695449577429,0
True,0.583836507358235,0
True,1.52003138124205,0
True,1.03554932741733,0
True,1.38883239565687,0
True,1.51289237763536,0
True,1.77354204160979,0
True,2.84139420976476,0
True,2.2867076953721,0
True,2.28335206699377,0
True,1.86376886931068,0
True,1.33117988227762,0
True,3.06525303446739,0
True,1.21815564266574,0
True,2.46222068297804,0
True,2.5801251499058,0
True,2.15798890234491,0
True,1.44009521400164,0
True,2.68728034613043,0
True,2.04884959537053,0
True,1.34963437249806,0
True,1.20104662642816,0
True,1.65436616545724,0
True,1.19083697575895,0
True,2.14094471978122,0
True,1.06671641163133,0
True,1.82655529870786,0
True,1.32028244023363,0
True,3.25256739632341,0
True,2.47859616241928,0
True,2.05456451790484,0
True,1.9693814340894,0
True,1.45151142022883,0
True,3.20374821446616,0
True,0.69750743396703,0
True,2.58670520094355,0
True,2.04471909468627,0
True,1.51746171885706,0
True,1.66633798621074,0
True,3.94459527159207,0
True,1.77209306874434,0
True,0.74744286999407,0
True,3.46624366825922,0
True,1.2313809292497,0
True,2.14161547473988,0
True,1.65374982911222,0
True,1.86563319265117,0
True,2.40927028142681,0
True,1.31371218212428,0
True,3.59637086023367,0
True,1.43012344469644,0
True,2.984218357927,0
True,2.60974066108416,0
True,1.10084216843588,0
True,2.36069625017179,0
True,1.08205274535631,0
True,1.71505223756613,0
True,2.34566728138377,0
True,1.75979316484879,0
True,3.50366116750149,0
True,3.06924714162987,0
True,1.24882823585784,0
True,1.53950945402973,0
True,1.84872397828911,0
True,1.68743786077022,0
True,1.50357104420143,0
True,2.06438764425065,0
True,1.91953340255265,0
True,2.07469270964645,0
True,2.70423933259727,0
True,0.723926097762668,0
True,2.43453515157209,0
True,3.09527857438819,0
True,2.6196383986602,0
True,3.10473910807259,0
True,3.0488500830359,0
True,1.64220353310076,0
True,2.85136657201456,0
True,3.56336640897494,0
True,1.05612256105289,0
True,1.1775007308425,0
True,1.12210472170764,0
True,1.21957574493036,0
True,2.86891158119319,0
True,0.884223284566457,0
True,1.64690283465984,0
True,1.75891040405539,0
True,3.37560916075048,0
True,1.5753102683579,0
True,2.45643359140038,0
True,2.45116363168257,0
True,1.69066040133103,0
True,2.13681140432199,0
True,0.726910173554938,0
True,2.10600986084669,0
True,2.20411212707094,0
True,1.07638139905034,0
True,2.76548323559493,0
True,2.27098819431961,0
True,1.58334304456158,0
True,0.991810705712979,0
True,1.62612827482647,0
True,1.40830302298486,0
True,3.04150988791189,0
True,2.45448540604017,0
True,1.70414632809276,0
True,1.2069787307684,0
True,2.82534274426048,0
True,3.64868167520625,0
True,1.62410189217773,0
True,1.79784599823024,0
True,1.85342403086356,0
True,1.63907380006396,0
True,0.739453238498035,0
True,1.07440260324673,0
True,2.01907318541854,0
True,1.63889876825739,0
True,1.15970271117431,0
True,1.89636302024457,0
True,2.06463431361477,0
True,3.92343785394786,0
True,3.10005659536235,0
True,1.87719753643787,0
True,2.34804540018426,0
True,1.43591554249476,0
True,0.92332109762495,0
True,1.82331430042325,0
True,2.05881048281975,0
True,2.55611085925174,0
True,0.885569089720359,0
True,1.83391429133905,0
True,1.30067333632004,0
True,3.15356799153938,0
True,2.81408357581713,0
True,1.81410851756783,0
True,1.88180300397237,0
True,1.86763536469743,0
True,1.18259217885021,0
True,3.20906034490606,0
True,1.81418698927938,0
True,1.44308022770773,0
True,3.37625577117718,0
True,2.86188131038651,0
True,1.8161750334705,0
True,2.00972907701916,0
True,1.49175524333483,0
True,1.9425487660604,0
True,3.31316422710882,0
True,1.17724857478807,0
True,1.45471286737225,0
True,1.62528152245487,0
True,0.930380107755311,0
True,4.70411311490546,0
False,1.89955800808601,0.000129286808627542
True,1.93380757127216,0
True,0.923709915659211,0
True,3.28190685911219,0
True,3.30364642755528,0
True,2.91849219788844,0
True,1.21798173507534,0
True,0.967487709606118,0
True,3.10375905914128,0
True,1.13788654299679,0
True,1.26431873344703,0
True,2.75033460257436,0
True,3.66498856021513,0
True,2.05455473303192,0
True,1.97964139326956,0
True,1.58082652320785,0
True,1.61968532920177,0
True,1.7830480819156,0
True,0.867743175501125,0
True,1.04268315634882,0
True,0.900029221115083,0
True,1.25258074005149,0
True,1.3752977926292,0
True,1.08811586791878,0
True,1.7123364772948,0
True,1.74482352312708,0
True,1.92376453719063,0
True,1.60337986926714,0
True,1.58218481378852,0
True,1.00116664733318,0
True,3.98689754130544,0
True,2.54883422192816,0
True,1.39172835776197,0
True,1.02774678417828,0
True,1.79228401858428,0
True,1.65437089760398,0
True,1.79161818717815,0
True,3.17586696204882,0
False,2.26791063947629,7.65890191670929E-05
True,1.59176776183017,0
True,2.9534591891465,0
True,1.26677372077843,0
True,2.11842588077177,0
True,1.0397759665691,0
True,0.790123766135593,0
True,2.44007814159625,0
True,1.43420856546148,0
True,1.53837846731159,0
True,1.91008916885504,0
True,1.87613773911021,0
True,3.26055275913494,0
True,2.28838613459118,0
True,3.04204707415851,0
True,2.76558345113328,0
True,1.50302609267821,0
True,2.13332726441505,0
True,2.29873446342186,0
True,3.43480838011188,0
True,0.71048781351859,0
True,1.95593657734838,0
True,2.27235011350737,0
True,1.59444832473453,0
True,1.89530740586966,0
True,1.57799143692712,0
True,2.01883163242539,0
True,2.50019490637988,0
True,1.08095259039314,0
True,1.40246849584782,0
True,2.41961426818585,0
True,1.71133329518713,0
True,1.01746242017236,0
True,0.87477914643171,0
True,1.32321717852541,0
True,0.80961082592256,0
True,1.49144331530201,0
True,2.20653850799902,0
True,3.02145336072921,0
True,2.17347499430715,0
True,1.63357482856341,0
True,1.06049103768447,0
True,0.749074635964249,0
True,0.979383130040401,0
True,1.55401808234089,0
True,1.13915570623982,0
True,2.18808041051241,0
True,1.7690806939963,0
True,1.92879708310656,0
True,2.17869109405446,0
True,2.1445352199159,0
True,1.81618535122693,0
True,2.0388774748341,0
True,2.04413864988713,0
True,1.37763006627964,0
True,0.981571276137709,0
True,2.76138249550297,0
True,2.46589974189067,0
True,0.831522358438346,0
True,1.94968645565461,0
True,1.09257201090208,0
True,1.9325806755838,0
True,2.44972273016998,0
True,1.93539927511172,0
True,1.63822590414467,0
True,3.77799791562545,0
True,3.38099265881634,0
True,2.18779759088567,0
True,1.791145082671,0
True,3.00852100250151,0
True,4.00176826450645,0
True,1.00869556835515,0
True,1.89208704934683,0
True,2.07659418085526,0
True,1.2560277580292,0
True,1.33254335652899,0
True,1.02795360930785,0
True,1.40613268525951,0
True,1.72231709896249,0
True,2.28194662307201,0
True,2.01823320653637,0
True,2.65277988860503,0
True,2.00287744118639,0
True,1.09307291367623,0
True,1.95814683648438,0
True,2.23377373063598,0
True,1.64507718990066,0
True,1.22536732809313,0
True,1.63095446864153,0
True,1.27652809285578,0
True,0.681790430007948,0
True,2.23854619948664,0
True,1.5009908919561,0
True,2.62428437253059,0
True,1.93170997729742,0
True,1.22507699478179,0
True,1.80593336377878,0
True,0.676494474171153,0
True,1.20614707098414,0
True,2.2757473058754,0
True,1.50488528784968,0
True,1.95369377683678,0
True,0.955291285238983,0
True,2.6120726549704,0
True,2.37416733100999,0
True,1.56436670727001,0
True,1.38900896386992,0
True,1.37781801335948,0
True,1.77958579970056,0
True,1.62430939741466,0
True,4.20454264384677,0
True,1.59500607254476,0
True,1.128961463562,0
True,2.71003900753025,0
True,1.53554822065085,0
True,3.30898917998878,0
True,1.58280577598308,0
True,2.81489936250677,0
True,2.05671398728562,0
True,2.37246354234492,0
True,1.42274896715783,0
True,3.41480948262728,0
True,1.80084018443552,0
True,1.80860342738925,0
True,2.0272253765343,0
True,2.56066206966161,0
True,3.63272410776752,0
True,2.65816972831318,0
True,1.63331335500384,0
True,2.94111057365696,0
True,2.67126434459765,0
True,1.02658219406724,0
True,1.09740097250352,0
True,0.999340747580205,0
True,1.74438744419876,0
True,2.85444779036287,0
True,3.33170355038054,0
True,0.889480493771357,0
True,1.55790815074771,0
True,1.57418768781197,0
True,1.29995483738556,0
True,1.5768343469518,0
True,2.01019415804745,0
True,2.73696243067683,0
True,2.07789070286067,0
True,4.58177990319288,0
True,3.43490513266161,0
True,1.23576262644954,0
True,2.95658339829355,0
True,1.00137732085003,0
True,3.38730452408477,0
True,1.65778129342961,0
True,1.01626132095326,0
True,1.42015201853103,0
True,2.20875978100712,0
True,1.31797182220985,0
True,2.10437673683836,0
True,1.9250257247459,0
True,2.19547956842152,0
True,4.23315538523696,0
True,3.76757852106544,0
True,3.48261090724126,0
True,1.58543614068706,0
True,2.8236254300624,0
True,2.47797298571266,0
True,1.32716167146166,0
True,2.33110831333012,0
True,2.6704091561758,0
True,2.26520836588381,0
True,3.53266757541653,0
True,1.47476938131406,0
True,1.3688305011752,0
True,3.03354068701877,0
True,1.43646281663924,0
True,2.23450369154109,0
True,2.15556319430852,0
True,2.75003132256906,0
True,2.86051370391123,0
True,1.89022337761413,0
True,3.44691775551312,0
True,3.71067574067312,0
True,1.66444724714858,0
True,2.3263158562453,0
True,3.21004183401545,0
True,1.16175924119111,0
True,0.807997079206353,0
True,1.26302755799837,0
True,1.64813552674505,0
True,2.70249409576272,0
True,0.819035168397691,0
True,2.48854561180745,0
True,1.18146653470573,0
True,1.57824578302743,0
True,2.29358232619895,0
True,1.92542807462237,0
True,1.131870917751,0
True,1.74800870327283,0
True,3.55976148808122,0
True,1.39185562162077,0
True,2.13975836399436,0
True,1.84375632924428,0
True,0.776462968696486,0
True,1.17665629347132,0
True,1.76276789259202,0
True,3.03805220053737,0
True,1.04713709470325,0
True,2.30133072400102,0
True,1.90309536803101,0
True,0.965882802050827,0
True,0.99878148919029,0
True,2.42222058640876,0
True,1.49067013079425,0
True,1.70937709386922,0
True,1.61551231554035,0
True,2.8788209523849,0
True,0.960483374072191,0
True,1.64222543282794,0
True,1.42886532129517,0
True,1.57615458125598,0
True,1.60136574490229,0
True,3.13918221175764,0
True,1.76259482288195,0
True,2.72755370339295,0
True,2.915617206155,0
True,1.7619119997885,0
False,1.50863485045511,0.000670038437288405
True,3.18739425059259,0
True,1.99285146719947,0
True,2.7109377273948,0
True,1.63186014631409,0
True,1.29520695896178,0
True,1.08584255672715,0
True,3.00234841865808,0
True,1.56683039969408,0
True,1.51218152124698,0
True,1.23303913344395,0
True,0.81061943323891,0
True,2.12615865791795,0
True,4.08924188913654,0
True,0.731113318736197,0
True,1.52902796544515,0
True,1.0912780966808,0
True,2.25047903593412,0
True,1.7313195062144,0
True,2.86145205238543,0
True,1.60651990282387,0
True,1.28249051300604,0
True,1.93263617584821,0
True,1.925883717833,0
True,1.50405629044864,0
True,2.33899407544106,0
True,1.140149464123,0
True,4.15160593626039,0
True,3.10588435361077,0
True,1.79296840145392,0
True,1.4101484443856,0
True,1.56122454135037,0
True,1.04472061868937,0
True,2.36260701598375,0
True,2.4398722888819,0
True,1.69547192379756,0
True,1.94749015842362,0
True,3.16476727215793,0
True,1.29451497741492,0
True,1.47001115717973,0
True,1.66283288271041,0
True,2.45662220202084,0
True,2.37883063269418,0
True,1.11134947955574,0
True,0.965032386502049,0
True,1.55583078130588,0
True,2.47844230460647,0
True,1.57691068261283,0
True,2.32243126679606,0
True,3.42678021138259,0
True,4.11371980565359,0
True,0.769652079822996,0
True,3.23948882160367,0
True,1.3496134378492,0
True,1.33727884653161,0
True,1.23725647180268,0
True,3.34791633136777,0
True,1.02775483561337,0
True,2.61144192251566,0
True,1.93935559850641,0
True,1.8259361561357,0
True,1.49327894181642,0
True,1.45615026742865,0
True,1.32129765022387,0
True,4.61745054427604,0
True,3.87553431660632,0
True,4.00981104924077,0
True,2.71320335949162,0
True,2.096004487999,0
True,1.74319523958661,0
True,1.27811213734743,0
True,2.7794589274095,0
True,2.37613914523621,0
True,2.38769513619373,0
True,1.05963690893905,0
True,2.01674351403275,0
True,2.08639786314448,0
True,1.54908906201177,0
True,1.46876725126897,0
True,1.51096619242267,0
True,2.60267013770524,0
True,1.78367248869025,0
True,2.85021647130468,0
True,3.58729622218718,0
True,0.78949056275303,0
True,1.17214278549129,0
True,1.48224205299982,0
True,1.89135744370963,0
True,0.766424959832005,0
True,3.26192764919277,0
True,1.21166081183022,0
True,2.77158932309449,0
True,1.42577931465511,0
True,4.04404120389891,0
True,1.96372062821048,0
True,1.19112365054622,0
True,0.803636478325182,0
True,1.17518414499151,0
True,1.8907678188449,0
True,0.682134577075781,0
True,2.68267258371844,0
True,2.28025009312139,0
True,1.18959404462225,0
True,2.21784536694834,0
True,1.4860470940704,0
True,1.03369646391981,0
True,1.88815313371026,0
True,1.96431292099179,0
True,2.03861196435654,0
True,1.66239640490537,0
True,0.630993111299826,0
True,2.74101267789894,0
True,2.08518004392953,0
True,1.35829110880526,0
True,1.40466311713801,0
True,1.63343260899601,0
True,3.93343380741894,0
True,3.29700265014392,0
True,0.7332148869641,0
True,2.07713874844106,0
True,0.931621782156945,0
True,1.34461372001425,0
True,1.05547017924761,0
True,2.75186600771836,0
True,1.45459004925561,0
True,1.02502729978844,0
True,2.28434160883057,0
True,2.49520610100316,0
True,2.71586948102471,0
True,3.4967054487219,0
True,3.60712549687797,0
True,2.96182806824925,0
True,2.8961785327468,0
True,1.79045347537223,0
True,0.622365252770261,0
True,4.16374411419704,0
True,1.52205467174671,0
True,1.66552445391829,0
True,2.79658244669417,0
True,1.50920534746325,0
True,2.04940104419562,0
True,1.97966686035245,0
True,2.01331671025333,0
True,2.71445574030169,0
True,2.09322369235904,0
True,1.79823180598214,0
True,1.1211083440981,0
True,2.26125973200893,0
True,2.1564929305586,0
True,1.18184468899037,0
True,2.08695121834917,0
True,1.39681815973941,0
True,2.63669236361412,0
True,1.40134058479727,0
True,1.74312572623347,0
True,1.7592624607637,0
True,2.03248009118422,0
True,1.75446902458942,0
True,2.6975785064707,0
True,2.55643350727189,0
True,1.57509088714816,0
True,3.17954276516236,0
True,3.38858749684201,0
True,2.56436621402054,0
True,0.8549429814722,0
True,1.26431156707087,0
True,1.57972167000192,0
True,2.85662729754412,0
True,1.26074181401459,0
True,0.992225992918481,0
True,1.066794114119,0
True,2.75530660154758,0
True,1.53235342595884,0
True,1.90504995660661,0
True,1.78589465278481,0
True,1.44541831159265,0
True,3.13627326536334,0
True,2.36449296038069,0
True,2.09576586254374,0
True,0.573932460738609,0
True,1.65476525754294,0
True,2.95218193277368,0
True,1.34137105905997,0
True,1.74329465085575,0
True,1.01753235480327,0
True,2.11240634632549,0
True,3.28241323287587,0
True,1.53503066809765,0
True,1.31190975384536,0
True,1.24297278714311,0
True,2.07744633553002,0
True,1.17591481848159,0
True,0.891296704988409,0
True,1.14860193836967,0
True,1.3783860869392,0
True,1.05811526501819,0
True,1.02023258211779,0
True,0.601161648714136,0
True,1.28118380519124,0
True,2.12656377083138,0
True,1.87281059178858,0
True,2.558566133323,0
True,0.792871149622513,0
True,1.7370638811682,0
True,1.44347176841618,0
True,1.63846218019895,0
True,1.68886782987217,0
True,3.86626938875582,0
True,2.299674060923,0
True,1.62384068651377,0
True,1.96305563267106,0
True,1.35373049427013,0
True,2.03219897007305,0
True,0.921682886664667,0
True,1.8535388027948,0
True,1.2008269852685,0
True,1.35412999515585,0
True,2.55264613757886,0
True,1.26034474274734,0
True,1.94990363259699,0
True,1.8659329229688,0
True,1.0141470610169,0
True,1.78378282116687,0
True,2.0330909968576,0
True,1.32283256568653,0
True,1.86456060548234,0
True,1.42048670845829,0
True,1.49623026545951,0
True,1.00678204863524,0
True,1.74897475961928,0
True,1.60454675387875,0
True,1.57785547769012,0
True,2.10367807196397,0
True,4.02875447185821,0
True,3.16676447714772,0
True,1.80909065814086,0
True,1.24196028013017,0
True,2.12552754431671,0
True,4.48763682484595,0
True,3.15758300656808,0
True,1.34299539270712,0
True,1.25429101366266,0
True,2.30034596513071,0
True,3.40504073518336,0
True,1.52452483116715,0
True,1.30293459907289,0
True,1.12816046429872,0
True,2.26834020901003,0
True,1.44766372547679,0
True,0.777731106422279,0
True,2.62085274828033,0
True,1.51398486362161,0
True,3.85813343113948,0
True,3.68165108512468,0
True,3.16990240777881,0
True,1.56833311641943,0
True,2.1752436878194,0
True,1.52317826306836,0
True,1.58592971214312,0
True,1.13664994659505,0
True,2.00318614566936,0
True,2.33512643621036,0
True,1.09500072266652,0
True,1.02608533851275,0
True,1.73167868749638,0
True,1.9220843994222,0
True,1.684612742689,0
True,0.752436367681049,0
True,1.75360093532278,0
True,3.29586325069307,0
True,3.86734592212548,0
True,0.879926946007413,0
True,2.20402360000133,0
True,1.09343560366417,0
True,1.86777297445446,0
True,1.26845872683701,0
True,0.913174276203541,0
True,1.35522589709092,0
True,1.43525839443027,0
True,1.34240061597345,0
True,1.96467707746756,0
True,1.56778113109831,0
True,4.21723779924251,0
True,1.37952899952132,0
True,1.72996397540955,0
True,1.63792720037082,0
True,1.42767000616237,0
True,1.90708871667616,0
True,2.34802356976666,0
True,0.991095698132818,0
True,1.1986442463763,0
True,2.10426010507784,0
True,4.49671027455137,0
True,3.38355632417201,0
True,0.905600186679721,0
True,3.47234118605131,0
True,1.90170752668977,0
True,0.740650900185376,0
True,1.25434937469035,0
True,1.20033854123515,0
True,0.816914171940485,0
True,1.70409329608518,0
True,2.38296468849802,0
True,1.78830330443175,0
True,2.25925368238172,0
True,2.18630624753678,0
True,2.72975648402556,0
True,3.68751963735363,0
True,2.30078085837147,0
True,2.0519781535572,0
True,1.27071508610452,0
True,1.66154948487851,0
True,1.1682296534934,0
True,1.79776521159593,0
True,0.766360504090964,0
True,3.29156678948871,0
True,0.998249096442322,0
True,2.5099815099045,0
True,1.56772998515578,0
True,1.09076241917239,0
True,1.66787557987358,0
True,1.26701165294334,0
True,1.11212230169325,0
True,1.95550632106143,0
True,4.30562384880762,0
True,0.657463829450757,0
True,1.16286805762671,0
True,1.33080051451795,0
True,2.13665550041245,0
True,3.36508432822876,0
True,2.60511981555386,0
True,2.17642165368042,0
True,1.25269955709776,0
True,1.32765657753492,0
True,2.06503680888761,0
True,1.21435685507393,0
True,1.59040851839399,0
True,1.86175218600051,0
True,3.94996134736816,0
True,0.485312923043122,0
True,2.82333902029632,0
True,3.1650713416759,0
True,3.96725223519081,0
True,2.6389099280488,0
True,2.10989775785686,0
True,1.38449770690001,0
True,3.70448163597282,0
True,1.97485606854592,0
True,0.869314769451058,0
True,1.72175346987761,0
True,0.725173864242843,0
True,3.49739926871667,0
True,1.61673877944936,0
True,2.2616891392468,0
True,0.654385253000422,0
True,3.20637555240511,0
True,4.15212533769745,0
True,2.48665944271047,0
True,1.92918649492883,0
True,3.4536403688384,0
True,4.18771720135929,0
True,3.75033544906993,0
True,2.11058347616785,0
True,1.31534940167935,0
True,0.85511724337285,0
True,1.9262727991981,0
True,1.10521425246503,0
True,2.49462458825817,0
True,3.99740261242497,0
True,3.28115590442886,0
True,0.604277990798477,0
True,1.65190220333615,0
True,1.68066020192562,0
True,1.5144078485311,0
True,2.9504972255964,0
True,2.31827351455941,0
True,2.63825566510525,0
True,1.15113111277248,0
True,1.3170001792659,0
True,2.67837839495112,0
True,1.61288550489649,0
True,0.776807244437373,0
True,2.49867604884674,0
True,4.07744300436805,0
True,1.45041554651935,0
True,0.765514556877608,0
True,1.23404119622688,0
True,0.911613014986071,0
True,2.63442169242285,0
True,2.15680858913933,0
True,3.33940807789696,0
True,2.73448760127421,0
True,0.998937166567721,0
True,2.19018859605724,0
True,1.42930273444471,0
True,2.59401802314458,0
True,1.34095809518174,0
True,1.58750904984967,0
True,3.2208488849081,0
True,1.64184147497979,0
True,0.875406228336079,0
True,3.00184045097786,0
True,0.967961807287524,0
True,1.12098417818647,0
True,2.03171070691372,0
True,2.25045732818881,0
True,2.15647642514093,0
True,1.74574313031919,0
True,1.07787194255667,0
True,2.69085308986328,0
True,0.746160734438692,0
True,1.82871579481148,0
True,1.65720094400906,0
True,0.769647941780433,0
True,1.97197297063252,0
True,1.79285241341563,0
True,2.89758200038321,0
True,1.75683546156667,0
True,3.45427520649067,0
True,2.47052096951562,0
True,1.2574859771501,0
True,1.54031779605363,0
True,1.82483770769773,0
True,2.2038803141132,0
True,2.58590642880671,0
True,1.44477037828078,0
True,1.12093016781614,0
True,1.74766173642398,0
True,1.30731012055268,0
True,3.13431187838916,0
True,2.09022273771401,0
True,1.41610179142904,0
True,1.84032075301052,0
True,1.54240732062712,0
True,1.22363045300709,0
True,2.07537671035489,0
True,1.98348390866926,0
True,0.835575348468901,0
True,0.875078008074978,0
True,1.62262669545238,0
True,1.82743926930616,0
True,1.1926493668129,0
True,4.01919126663553,0
True,2.66302026874989,0
True,2.59459944673348,0
True,3.81201202855871,0
True,1.49336920256678,0
True,1.69470311996129,0
True,1.52239691546151,0
True,1.35635456795577,0
True,1.50700952997821,0
True,2.34950999775443,0
True,1.23008315670442,0
True,1.18244814654099,0
True,3.92186414256568,0
True,2.52242442826913,0
True,1.48256042133874,0
True,0.577300703678482,0
True,3.55417074303302,0
True,1.01092737738739,0
True,1.89115584834494,0
True,2.24193462476607,0
True,4.49957361676232,0
True,1.84300892247929,0
True,0.968147710596711,0
True,1.58850106630167,0
True,1.47472323009683,0
True,1.97040802142437,0
True,2.32108234848061,0
True,1.88349169441195,0
True,2.61916889684161,0
True,1.13542489739308,0
True,1.43538264119243,0
True,2.40292408062508,0
True,2.64884672478752,0
True,1.10331994332864,0
True,2.33736584042555,0
True,1.72605123295182,0
True,0.744706149738328,0
True,3.88561155886701,0
True,0.782411184151477,0
True,1.8012395089104,0
True,1.15984804096108,0
True,3.15437742061547,0
True,1.14760199007332,0
True,1.9871613296167,0
True,1.33822524128927,0
True,1.23937182878201,0
True,0.913839953554614,0
True,0.990913069342778,0
True,2.02993223576086,0
True,1.32120733814006,0
True,3.39711529963407,0
True,1.25406584204381,0
True,2.02975063757041,0
True,2.19378021270178,0
True,1.42082416188797,0
True,1.34885876159653,0
True,1.22332692407433,0
True,1.21070341595434,0
True,2.06052284793415,0
True,3.26484527580622,0
True,1.50062843540083,0
True,1.48865675151766,0
True,1.42780395834002,0
True,1.35011986208274,0
True,1.84295188914385,0
True,2.31149239406512,0
True,1.21591711225887,0
True,1.68371596389559,0
True,2.10177868743197,0
True,2.37244541109506,0
True,1.42613386277664,0
True,2.20524029404336,0
True,1.8950679819377,0
True,1.87329918968368,0
True,1.20883332660759,0
True,1.08127271240041,0
True,3.70676619118349,0
True,1.05007955517115,0
True,2.46332004625328,0
True,2.58759527416532,0
True,2.5181225229967,0
True,1.71206300205911,0
True,1.17326213979839,0
True,1.43446084099281,0
True,2.12018182737551,0
True,1.56365073534888,0
True,1.28915118997246,0
True,1.46154779321389,0
True,1.09621953632937,0
True,2.33287800615624,0
True,2.72496145167645,0
True,2.36725654605302,0
True,1.61572086904579,0
True,3.93052266721227,0
True,2.82625438295883,0
True,3.27525364755011,0
True,2.08388400034374,0
True,3.01711159318815,0
True,2.27528152643639,0
True,2.79564493060581,0
True,0.797843362936786,0
True,2.68782071107663,0
True,2.68998552192322,0
True,1.95375666134481,0
True,1.82711022838541,0
True,1.1081353773221,0
True,1.39205044961937,0
True,2.59029498937919,0
True,2.75084503142382,0
True,1.93418418545534,0
True,3.7149196787044,0
True,1.51019818760177,0
True,1.79146448163858,0
True,1.87864918299434,0
True,2.69486632501274,0
True,1.11262846913902,0
True,3.00105424020758,0
True,2.45647875950285,0
True,1.48844150034167,0
True,1.0765791684464,0
True,1.251642020346,0
True,1.5021592466698,0
True,0.79613482513733,0
True,1.49660411608525,0
True,1.6054729051074,0
True,1.56433819817824,0
True,0.934493930400257,0
True,1.73153649449029,0
True,1.81941035449941,0
True,1.18068183598372,0
True,3.00220625284218,0
True,1.7713137364336,0
True,2.28414081130335,0
True,2.74132554622704,0
True,1.69021997768957,0
True,0.641515251665264,0
True,0.644704570973916,0
True,2.11730971998622,0
True,0.660854845246209,0
True,2.68145043599347,0
True,1.07724158896602,0
True,2.23149419139636,0
True,1.02055101797167,0
True,1.2551053446764,0
True,1.19685335833974,0
True,1.64379802928095,0
True,1.95773451339517,0
True,1.9878318895146,0
True,1.14057315258833,0
True,3.75614875976748,0
True,2.88545515224816,0
True,2.91238948817043,0
True,3.16084420748817,0
True,3.45015100989984,0
True,2.84956056718576,0
True,1.73787584660627,0
True,1.33422308073231,0
True,1.4709660621473,0
True,1.4345533889183,0
True,3.43906497987178,0
True,1.52248577040147,0
True,1.77284702804601,0
True,1.42515496134411,0
True,4.39850973576645,0
True,1.23786196013743,0
True,2.00377231805573,0
True,2.8723232772484,0
True,3.11530077309903,0
True,1.63596210653541,0
True,1.18416679784546,0
True,1.06859794083073,0
True,1.40731831556343,0
True,2.64208223644795,0
True,1.26674935936232,0
True,1.28702208390961,0
True,1.7003482624165,0
True,2.49925699833016,0
True,3.65780345385835,0
True,2.2898914377761,0
True,1.17674999163855,0
True,1.37060586806714,0
True,1.65035381950263,0
True,0.904703674609018,0
True,1.4750137001789,0
True,0.972932251457897,0
True,1.11072076745897,0
True,0.929771166726421,0
True,1.81553207897347,0
True,2.91571605860589,0
True,2.70089924123605,0
True,1.18634088774612,0
False,2.50153768822328,0.000727283560271987
True,2.34597511721121,0
True,1.14837312139145,0
True,2.26902714855946,0
False,2.13377775518373,0.000340484589085177
True,1.85561913464389,0
True,1.41804185124275,0
True,1.05665594499006,0
True,1.5687098766674,0
True,2.56626379153158,0
True,1.29172195879852,0
True,1.61039730104084,0
True,1.41039041494579,0
True,3.46590110091616,0
True,3.73790248997839,0
True,0.920592469520484,0
True,1.94104949540811,0
True,2.75126626279693,0
True,2.24977099339404,0
True,1.99808033374323,0
True,2.41938317891488,0
True,2.22762071654876,0
True,1.09787857599509,0
True,2.52926231828014,0
True,1.97333826391491,0
True,1.43410787523997,0
True,2.6068871565014,0
True,1.91012629067348,0
True,2.38935943423567,0
True,1.29014020927651,0
True,3.73119443345418,0
True,0.950774805939481,0
True,1.99722201183939,0
True,0.838042066786555,0
True,1.1356859759018,0
True,2.33229934144577,0
True,1.98174798753221,0
True,3.04809117949101,0
True,0.981090471149082,0
True,1.38741936271645,0
True,1.13875992376449,0
True,1.10668039665157,0
True,2.0336380012659,0
True,3.02282272152063,0
True,2.40541526568019,0
True,0.69664683195043,0
True,1.29413095260393,0
True,0.968163328316689,0
True,1.44163147159943,0
True,2.0275165467339,0
True,3.07829332033741,0
True,2.02749802892744,0
True,0.979503739010015,0
True,1.20186664140272,0
True,1.6724266113835,0
True,0.833466903880863,0
True,1.60121400087212,0
True,1.60376796590931,0
True,1.72013462758526,0
True,1.74121383181669,0
True,2.16658208832332,0
True,2.48495701664534,0
True,0.958926416506407,0
True,1.15326868574461,0
True,2.22661642839831,0
True,2.45388316978689,0
True,0.591516013796253,0
True,1.3096090101983,0
True,1.73038239198396,0
True,1.18134679763409,0
True,1.04190005981768,0
True,1.12388088961904,0
True,1.57786173303736,0
True,1.39640659978464,0
True,2.31684914511096,0
True,1.65445305663456,0
True,1.71523265216714,0
True,1.51158025408196,0
True,1.43912560533161,0
True,1.38469577397998,0
True,1.56910093424836,0
True,1.35002288072601,0
True,1.77913423368332,0
True,3.07964575682588,0
True,3.11764466716822,0
True,0.820540520393399,0
True,1.35828407911724,0
True,2.51430417197345,0
True,1.83089165909565,0
True,4.15828586260083,0
True,1.61121085312589,0
True,1.52314551167497,0
True,1.36623825084287,0
True,1.19138579789195,0
True,1.17764932108787,0
True,1.36526674923651,0
True,1.79926138771308,0
True,1.39816255438519,0
True,1.489096146997,0
True,3.85607381104257,0
True,2.77884342509994,0
True,4.06380828826404,0
True,1.42905573529779,0
True,1.29037535741759,0
True,2.74572417301908,0
True,1.09726642524889,0
True,1.54009649748832,0
True,2.56898679152253,0
True,2.06892584795682,0
True,2.69312755503083,0
True,1.5468762543455,0
True,2.06975960425455,0
True,2.25666491801927,0
True,1.45671072949671,0
True,1.87192500485443,0
True,1.55375282614231,0
True,1.23071097493229,0
True,1.89367896192051,0
True,1.74761075582643,0
True,0.937963447957315,0
True,0.676297475039525,0
True,2.21683886096507,0
True,2.11139797716514,0
True,2.61319977764938,0
True,2.91744551962936,0
True,1.46065675899358,0
True,2.93806604895172,0
True,3.18969549549143,0
True,2.25075216417167,0
True,1.35428596425114,0
True,1.20902610785377,0
True,1.63385443805045,0
True,1.79238329504176,0
True,1.38788904560707,0
True,1.0944503282488,0
True,2.19594673834778,0
True,1.56317292290409,0
True,1.55732611060246,0
True,1.38734046636793,0
True,1.77256906015687,0
True,1.14485573736703,0
True,1.67478695580459,0
True,1.78101114900345,0
True,1.33975132133332,0
True,0.802860592684787,0
True,1.72833251192354,0
True,2.14181288812893,0
True,0.679414001555509,0
True,2.00761178012951,0
True,1.38179065395695,0
True,2.02985632304496,0
True,1.62431393237657,0
True,1.4967430318616,0
True,3.93604788199598,0
True,2.51373156335544,0
True,1.34390751874377,0
True,1.6938108121307,0
True,0.935605398181586,0
True,2.013286206058,0
True,1.76605575692042,0
True,3.4849084901772,0
True,1.51300275671884,0
True,1.32922823520718,0
True,2.50215824126874,0
True,2.34848698359185,0
True,1.13416638930692,0
True,2.30496787565205,0
True,1.96964576222621,0
True,3.58451758767273,0
True,2.59807085554207,0
True,3.37295170638588,0
True,1.70877336491401,0
True,1.97211376138216,0
True,2.52240155181043,0
True,1.82813894889042,0
True,2.08092054612866,0
True,2.24018294755432,0
True,1.25946245893585,0
True,2.38272899897409,0
True,1.51714884301853,0
True,1.5372805549605,0
True,1.17710626823007,0
True,2.11282757029936,0
True,2.47000133413632,0
True,1.3176934015001,0
True,1.73166846284837,0
True,1.17519807411912,0
True,2.57961417733073,0
True,2.04550509938257,0
True,1.66240053685899,0
True,1.41745882689104,0
True,2.43401429549714,0
True,1.69350545965721,0
True,1.66221037431383,0
True,1.19476187493235,0
True,2.55818416921805,0
True,1.57541068237124,0
True,2.14945212367725,0
True,3.59475893148263,0
True,0.970818663220892,0
True,0.770320923052446,0
True,1.05776975465575,0
True,1.39375884860408,0
True,1.608553632876,0
True,0.717677789247341,0
True,3.60872727282399,0
True,2.04399491710193,0
True,1.47249042412854,0
True,2.09252732858714,0
True,2.35617559564721,0
True,2.02228147598729,0
True,1.04962331729228,0
True,1.09390886504035,0
True,1.79996367984196,0
True,2.08331093188684,0
True,2.47494672434147,0
True,1.8556359613008,0
True,2.58616051244164,0
True,1.23268426118615,0
True,2.4897753683818,0
True,3.80720069221068,0
True,2.1312146341901,0
True,0.940291354050238,0
True,1.50630673567445,0
True,2.39604713032528,0
True,1.37909415735135,0
True,1.36739798528634,0
True,1.1492954228081,0
True,1.83891537303395,0
True,2.0264257139883,0
True,1.93890535415448,0
True,2.76697727500031,0
True,2.17995807721743,0
True,1.19879095178206,0
True,2.88411137783528,0
True,1.8711626533067,0
True,2.30463912236137,0
True,2.15115928615486,0
True,2.42907680323127,0
True,1.01023165440902,0
True,0.951189191986267,0
True,2.6828423196022,0
True,1.82382270527197,0
True,1.15311108127205,0
True,2.43618081369017,0
True,1.03797508311621,0
True,2.34448943345613,0
True,2.49122182021986,0
True,1.56859469377287,0
True,1.96133026532463,0
True,1.75895709207852,0
True,3.19282449835166,0
True,2.0519653379388,0
True,2.34848742640966,0
True,1.47648544861057,0
True,3.17894852775907,0
True,2.56621400094901,0
True,3.2046325145029,0
True,3.73925889087759,0
True,1.37176476320117,0
True,0.767547191675461,0
True,1.46844041871839,0
True,2.36676975686057,0
True,2.40573880137553,0
True,2.79655557966702,0
True,2.04052803844409,0
True,1.36632231571374,0
True,2.30229497849533,0
True,2.15188233437333,0
True,1.26860797773309,0
True,1.37542954743894,0
True,1.61847274281644,0
True,1.36317118235589,0
True,2.04800846757169,0
True,2.29392346222439,0
True,4.4095690805655,0
True,4.06232415600497,0
True,1.17149111675004,0
True,1.91302821222342,0
True,0.936815334303985,0
True,0.855775292410836,0
True,1.07187870461919,0
True,2.01386675856158,0
True,1.85894108928736,0
True,2.21847648485841,0
True,1.44523583523497,0
False,3.98764375005591,0.000130530413541375
True,1.18690336836156,0
True,1.64751470491005,0
True,1.13864500013813,0
True,0.961654159571407,0
True,2.24913955338745,0
True,1.56298160693818,0
True,1.48780393210738,0
True,2.9046266690692,0
True,1.7972115880862,0
True,1.72612056177494,0
True,1.16601797461569,0
True,4.2169846898302,0
True,1.39993589777563,0
True,1.73074394041006,0
True,2.0408035615697,0
True,3.24913420036991,0
True,3.45709446166324,0
True,1.41517354377418,0
True,4.25759071182616,0
True,0.831802729920997,0
True,1.3669723597367,0
True,2.48110333731463,0
True,2.66696732355702,0
True,1.83917853763053,0
True,1.05535238469625,0
True,1.30495550167852,0
True,2.04282605304965,0
True,2.08374024101903,0
True,1.97133350422556,0
True,1.65714331384142,0
True,1.99200858262563,0
True,1.61091376420781,0
True,1.5421009669896,0
True,2.53168582897684,0
True,2.27831418677848,0
True,3.30557736353176,0
True,1.89195727295409,0
True,1.92656414998763,0
True,2.64008326912559,0
True,3.45582906773381,0
True,2.37686785698059,0
True,2.26691438908416,0
True,0.849776670424757,0
True,2.21155832314153,0
True,1.02058734236412,0
True,1.17164146657869,0
True,1.72363667024543,0
True,1.8920685600642,0
True,2.25678617901566,0
True,1.61530161954077,0
True,1.50239696490946,0
True,3.35532351079781,0
True,2.53628419829903,0
True,1.25761670732337,0
True,1.04366572165519,0
True,2.18494067003064,0
True,1.91734606093397,0
True,0.974704072393272,0
True,3.67294747442991,0
True,2.33905198961995,0
True,1.28668095698415,0
True,2.46091841924845,0
True,2.55446388399456,0
True,3.59649801119724,0
True,1.97892086372999,0
True,0.697685391492242,0
True,1.80085373139003,0
True,1.92853384546324,0
True,1.95013815429713,0
True,2.09776318461805,0
True,2.64031153606658,0
True,1.0288533896858,0
True,2.54841777874838,0
True,1.61802008311252,0
True,2.58943320593992,0
True,2.73234543975723,0
True,0.836046256225461,0
True,1.08042688444929,0
True,1.73089187905875,0
True,2.22187124567582,0
False,1.95431384853957,0.000911760032272511
True,1.40551734527362,0
True,1.09954439685101,0
True,3.92179777538234,0
True,1.98477593417223,0
True,2.15667942872436,0
True,1.40031050120116,0
True,1.45178915314035,0
True,2.30797729354605,0
True,2.01583671001484,0
True,2.0883918540823,0
True,1.48478999527744,0
True,1.0351366304575,0
True,1.64960786995435,0
True,2.28842389632293,0
True,1.64826292355079,0
True,0.988703564946695,0
True,2.16605378572793,0
True,1.44339635254239,0
True,1.60444195227717,0
True,1.45447114260035,0
True,1.35208932998663,0
True,2.67130351546804,0
True,2.26175558192856,0
True,4.28452042687959,0
True,1.78508162395304,0
True,2.54739672949032,0
True,1.14272672821709,0
True,1.33875928245064,0
True,2.71831341381563,0
True,2.56807638354312,0
True,2.56385481418616,0
True,1.84361283604003,0
True,1.22010951557187,0
True,1.2149334135499,0
True,2.17980220513158,0
True,2.53601145323599,0
True,2.41256918589669,0
True,1.60760140355701,0
True,1.78380953878016,0
True,2.37239489186578,0
True,1.65924013679588,0
True,1.49942861204423,0
True,1.69652220266111,0
True,2.09827108657157,0
True,1.67844188241259,0
True,1.49786461396311,0
True,1.42537937379518,0
True,1.08635020995969,0
True,0.95045598676426,0
True,2.71784446320774,0
True,2.3811337393587,0
True,1.43115463329254,0
True,1.44141450421964,0
True,2.15765378270885,0
True,1.49368970660938,0
True,2.34813697222123,0
True,3.11925518839429,0
True,0.854393184735423,0
True,2.30128788173936,0
True,0.959474033398288,0
True,1.64611765848183,0
True,1.77386871122381,0
True,1.59394052399761,0
True,1.0419130171576,0
True,1.08741440653931,0
True,0.996741841246883,0
True,2.13381722662263,0
True,2.22310063886294,0
True,1.8152951381484,0
True,1.12786639494722,0
True,1.11667216706541,0
True,2.16495765942761,0
True,1.30804083969613,0
True,1.05873092301048,0
True,1.23462693043029,0
True,1.06725032484507,0
True,1.17186020962585,0
True,0.923521032606565,0
True,3.36568437457456,0
True,2.05355791039278,0
True,1.88993542689472,0
True,2.90507439433454,0
True,1.32630487160566,0
False,2.51912276622409,0.000703520080515931
True,2.13829597623935,0
True,2.78898416406549,0
True,1.30589655029969,0
True,1.3672762851604,0
True,1.48808479885455,0
True,2.37654276271863,0
True,2.89198218618714,0
True,2.58980141556996,0
True,1.83282316201015,0
True,2.33907318468553,0
True,1.73809552262355,0
True,1.11990579629958,0
True,1.09362118495088,0
True,1.23397607470338,0
True,1.59581371675885,0
True,4.55131960291134,0
True,2.08903605609495,0
True,1.47004051624015,0
True,2.85694228202242,0
True,0.825331934435004,0
False,1.10672322354206,0.00037286812507555
True,1.23420696243308,0
True,2.21639036663874,0
True,1.69535183560339,0
True,1.22568553088819,0
True,1.1596122526794,0
True,0.595229118564692,0
True,1.79693450309444,0
True,3.38468567364807,0
True,1.86435281946672,0
True,1.0069479308859,0
True,2.70475375179499,0
True,1.60307198408206,0
True,1.63107023756665,0
True,2.46473759295266,0
True,2.42279715446753,0
True,1.60161933309951,0
True,0.728456002046761,0
True,1.41656273861121,0
True,3.74609745238233,0
True,2.16076123273999,0
True,2.58034218235585,0
True,2.43599893056853,0
True,2.67303654079873,0
True,2.00120678308954,0
True,1.43364082391837,0
True,1.12440368924199,0
True,1.22370634246572,0
True,4.13530469456532,0
True,2.68602726460327,0
True,2.29911094189424,0
True,2.25514117337912,0
True,1.01910224869895,0
True,2.14780544609087,0
True,2.13487878136434,0
True,3.38712971796914,0
True,2.36683004377198,0
True,2.69922862101542,0
True,3.7252388674634,0
True,2.00515758297813,0
True,1.91222735867397,0
True,2.16278148172165,0
True,2.17454198877472,0
True,2.26663329289999,0
True,1.89171705054638,0
True,1.10821994068449,0
True,1.50883081367311,0
True,1.86126364189382,0
True,1.68192537978884,0
True,0.73715873989678,0
True,1.03391966962421,0
True,1.60533730333415,0
True,2.0051716771223,0
True,3.6671581869051,0
True,2.45223726057631,0
True,1.67030137485343,0
True,0.961922636014181,0
True,1.99326623234092,0
True,3.34261175211989,0
True,1.8300671096818,0
True,0.880400871387111,0
True,2.52957388729242,0
True,1.3946902543825,0
True,1.47653621936974,0
True,3.27073901469397,0
True,1.38079360470233,0
True,1.81814345420399,0
True,2.92498958360991,0
True,2.94531683561802,0
True,1.95177026293967,0
True,1.78583875481585,0
True,0.879801060536635,0
True,1.61908952164488,0
True,2.28370011467922,0
True,1.76035379649685,0
True,2.10431805557381,0
True,1.72091219933868,0
True,2.47007856140035,0
True,1.64354481601583,0
True,1.63094860301829,0
True,1.295475796774,0
True,2.12354021620018,0
True,3.49455578888753,0
True,2.23493378856972,0
True,1.28535910436539,0
True,1.53402016483018,0
True,0.684377450797093,0
True,0.963126289426645,0
True,2.02780035143771,0
True,1.13358970602263,0
True,1.56553193305865,0
True,3.00062173946624,0
True,1.44330726798334,0
True,1.70993212318964,0
True,1.49111270980952,0
True,2.17631189586064,0
True,3.01852076583519,0
True,1.7911973926628,0
True,1.99745618785972,0
True,3.22182543546209,0
True,1.31758314646454,0
True,1.76254721326009,0
True,2.30809437268024,0
True,0.959582804419401,0
True,1.9110165628433,0
True,1.70360324655448,0
True,1.00606718047141,0
True,1.41346810171556,0
True,2.44386960330723,0
True,1.47470833952089,0
True,1.97055670462679,0
True,1.89291438228668,0
True,2.24981888634802,0
True,1.71903821212734,0
True,2.16064347419765,0
True,2.42923064134577,0
True,1.23540492837101,0
True,0.972387137356702,0
True,1.23089133503491,0
True,1.5858069727616,0
True,1.95402181818932,0
True,2.1838411634155,0
True,1.22518956615889,0
True,1.55856390618503,0
True,1.09256125581765,0
True,1.69868594974779,0
True,1.68407683886666,0
True,1.80866978061288,0
True,1.94919497525134,0
True,0.65915999232601,0
True,0.581774437652392,0
True,1.94455900811228,0
True,1.85015820736935,0
True,2.66333186981843,0
True,1.36341467709706,0
True,1.28808744184961,0
True,1.10475121159771,0
True,2.42119328474001,0
True,1.75419123751523,0
True,2.23596796559392,0
True,1.3624633875466,0
True,2.22646364972333,0
True,1.35148821956388,0
True,1.36265074660027,0
True,1.41818403676291,0
True,2.08165478832221,0
True,1.0409829008182,0
True,1.54680158317699,0
True,4.54377704386112,0
True,2.49747502258683,0
True,1.50492413305044,0
True,1.2624884687183,0
True,1.67845936963341,0
True,1.97073099784999,0
True,0.971538628339265,0
True,3.53373742108884,0
True,2.61494062056073,0
True,2.44828065754699,0
False,1.42152296970088,9.5867663965459E-05
True,1.34464046872913,0
True,1.18372190213535,0
True,1.33563374109483,0
True,2.88617126871364,0
True,2.90679263256036,0
False,2.19639258059438,0.000350139866667542
True,1.1957061570612,0
True,1.68651863591845,0
True,0.853797991124192,0
True,3.41018639775721,0
True,1.90680827899937,0
True,2.82825960760792,0
True,2.66404002178427,0
True,2.68460619118289,0
True,3.10317234918522,0
True,1.69077686478652,0
True,2.67205848455535,0
True,3.52225654738039,0
True,0.694168767494764,0
True,1.15348774539967,0
True,1.12095503628832,0
True,2.05690079995641,0
True,3.05584400425943,0
True,2.67584747366196,0
True,3.41529366214598,0
True,1.81918063423936,0
True,1.49360492999255,0
True,0.761370218196383,0
True,1.97936315053859,0
True,2.45144294103304,0
True,1.27612485916531,0
True,1.99629923576326,0
True,2.51749931486209,0
True,2.14225928230832,0
True,1.6683059243868,0
True,2.04452448628569,0
True,2.39800563204224,0
True,1.39880136438492,0
True,3.63603169665911,0
True,3.01148815520977,0
True,2.35224377511083,0
True,1.38304221950402,0
True,1.96954844607245,0
True,1.6877813610333,0
True,2.62999588106757,0
True,2.27763995366562,0
True,1.16218596885789,0
True,2.53333115549999,0
True,2.63438914424724,0
True,2.0491473521488,0
True,4.12630705556093,0
True,1.93147870495705,0
True,1.16435290256752,0
True,3.3549111088952,0
True,2.2803139010088,0
True,1.08582233685811,0
True,1.28080875811839,0
True,2.35563421404287,0
True,2.07184096244267,0
True,1.2041579546491,0
True,3.4574782746926,0
True,2.38769969811452,0
False,1.47361993503124,0.000108270144186772
True,0.993907120877274,0
True,2.18798515558348,0
True,2.34714537692674,0
True,1.77123845250748,0
True,1.77954231904772,0
True,2.13589451216854,0
True,1.73918719718422,0
True,1.29272615710313,0
True,1.31691851313549,0
True,3.3754033085195,0
True,2.18247478047066,0
True,1.31274905884493,0
True,0.796751109435649,0
True,1.63089471003196,0
True,2.28382963366702,0
True,1.79826781708588,0
True,1.04766095691236,0
True,3.76418315668014,0
True,2.42928169127695,0
True,3.00254011013202,0
True,0.946526593525437,0
True,1.57893046670804,0
True,3.01294687256815,0
True,1.78500747328113,0
True,1.70912034571597,0
True,1.88349871434546,0
True,0.967502176443888,0
True,1.27395234698532,0
True,3.78434820801775,0
True,3.98678443423658,0
True,1.44445331629982,0
True,1.37068850482068,0
True,1.17120759837977,0
True,1.16530920389667,0
True,2.07311133144207,0
True,2.10361063167777,0
True,1.16288487911132,0
True,3.32488545124265,0
True,4.35777494079333,0
True,2.10615214069939,0
True,1.9654115732277,0
True,1.7956052905311,0
True,3.06952112713607,0
True,1.91983247420254,0
True,0.865333869846105,0
True,1.79720390630107,0
True,2.55083451407899,0
True,1.94267998972329,0
True,1.67669223182207,0
True,2.20027092175132,0
True,2.72615017454241,0
True,1.10995269502428,0
True,1.11896346956553,0
True,2.61085312048022,0
True,2.61866993395564,0
True,2.02309018175595,0
True,1.40785883284426,0
True,1.17547256861333,0
True,3.39738929878896,0
True,0.936369301620028,0
True,1.59978187023992,0
True,2.35144507278362,0
True,1.72152249341236,0
True,2.59736147254998,0
True,2.73896211023885,0
True,1.20819186740382,0
True,2.31426925087765,0
True,1.77630852188643,0
True,2.04451156313203,0
True,1.54151561293187,0
True,1.02079306619166,0
True,2.42401517399383,0
True,2.85359904400235,0
True,2.66793304606917,0
True,2.6244345359622,0
True,1.37111703758469,0
True,1.03464816148631,0
True,3.53609861426491,0
True,1.39393473191917,0
True,1.2870913075734,0
True,2.66971799319452,0
True,3.39478082772037,0
True,0.868695560433852,0
True,3.48549495866697,0
True,2.5420656258,0
True,1.79421991897504,0
True,1.57056429066908,0
True,3.67944781967734,0
True,2.30029846533691,0
True,1.71718202943111,0
True,3.85322275981215,0
True,2.60356869675669,0
True,2.01575426548014,0
True,1.35698183732608,0
True,0.961498508458245,0
True,1.10959032482605,0
True,2.04042131342892,0
True,2.09310088556807,0
True,2.05194282826861,0
True,0.920463617331165,0
True,1.11252182272926,0
True,0.834076899651064,0
True,1.59150592512441,0
True,2.25736886328963,0
True,2.61301702576533,0
True,1.02279498185805,0
True,0.886116971735446,0
True,1.50668846810087,0
True,1.64810600240321,0
True,1.96713010937825,0
True,1.59074841675687,0
True,1.89288634612079,0
True,3.45137285854589,0
True,2.75247964619226,0
True,1.40257892722549,0
True,3.61800655352512,0
True,2.92175874351781,0
True,1.97383998034199,0
True,1.27656887727859,0
True,1.28415574163581,0
True,1.55837414099549,0
True,1.92965872821801,0
True,1.88162363815747,0
True,1.41430525287304,0
True,1.70690199636523,0
True,1.02860729894184,0
True,1.37612426206115,0
True,2.04867071451547,0
True,1.31333631029008,0
True,1.33255425237763,0
True,1.65262392092075,0
True,1.58669220288992,0
True,2.95108261663296,0
True,2.64845415494312,0
True,1.12353786728789,0
True,2.10636604699189,0
True,2.97573675268475,0
True,2.29054197593747,0
True,2.47428965585832,0
True,2.82483612763253,0
True,2.84408362662412,0
True,3.50934411289858,0
True,1.24866919754786,0
True,1.46282764742457,0
True,2.53246182251794,0
True,0.913123647924742,0
True,2.12007609161947,0
True,2.0088341282043,0
True,1.70893950769609,0
True,1.40717024686913,0
True,1.58976371652923,0
True,1.97323775019168,0
True,1.38661473377705,0
True,2.19495676842595,0
True,1.76651147814291,0
True,1.86396933866635,0
True,2.10756728499457,0
True,1.95465911477483,0
True,1.62147113538315,0
True,3.03678905241827,0
True,2.31013955783257,0
True,1.10850634108499,0
True,2.74986917939659,0
True,2.39449179195267,0
True,1.90145125890996,0
True,2.39580451250721,0
True,2.82468037043188,0
True,1.708338061329,0
True,1.81346407999941,0
True,0.690796646889617,0
True,2.19029692157661,0
True,2.13283586100336,0
True,1.37667660045853,0
True,0.903192924322676,0
True,1.08767703121643,0
True,2.48614765311361,0
True,2.20931649688648,0
True,2.36417551892137,0
True,0.659597945292385,0
True,2.01169178921868,0
True,3.57140856556081,0
True,3.01642758348517,0
True,2.07880265386356,0
True,1.36379107713572,0
True,2.12745759358422,0
True,1.94391346979495,0
False,2.03638922974957,0.000430303695455013
True,3.39974187168435,0
True,2.39814242536881,0
True,2.19662644171963,0
True,2.02330061917521,0
True,1.71160838505844,0
True,1.99316487208247,0
True,3.23997081032937,0
True,1.61592612208638,0
True,3.25758913050702,0
True,2.85440353582614,0
True,0.735848167190965,0
True,2.7290848883561,0
True,1.27177141367817,0
True,3.43290372644122,0
True,1.67574539054062,0
True,2.77809125219726,0
True,2.18800228673032,0
True,2.04540961196127,0
True,2.201444504663,0
True,1.99721816736422,0
True,3.62326331750475,0
True,2.34424083909401,0
True,1.23458356729599,0
True,1.22749165999304,0
True,1.43188216973589,0
True,1.82764098396179,0
True,2.10387951341876,0
True,1.19016103154621,0
True,2.09250220762698,0
True,2.37474768535127,0
True,0.758831847757817,0
True,0.943780316207934,0
True,3.42646020633869,0
True,2.97386403332069,0
True,1.71298978198847,0
True,3.10716716680608,0
True,1.35363312615466,0
True,3.63836229310093,0
True,3.54031659993415,0
True,1.47081243061094,0
True,1.69399430671884,0
True,2.52601014559165,0
True,2.23849565514672,0
True,2.51974297362327,0
True,0.581940241575059,0
True,1.53802271999868,0
True,2.92397740926338,0
True,1.10872730890294,0
True,1.51756604217292,0
True,1.16362548081932,0
True,1.49364728792995,0
True,2.09671349622153,0
True,1.55558080656789,0
True,2.24321080221887,0
True,2.34323680058354,0
True,2.25730327281936,0
True,3.44704173200311,0
True,1.19534427179257,0
True,1.85519861408089,0
True,1.74580706554066,0
True,3.0564251059491,0
True,3.6286032867053,0
True,1.68637088144795,0
True,0.598486876763465,0
True,3.66214219902148,0
True,0.950622807871514,0
True,2.1040083780952,0
True,1.75873006309575,0
True,1.95972386310453,0
True,2.18561630245525,0
True,1.6579529626658,0
True,1.18353349656317,0
True,4.07985936436495,0
True,1.70212908607232,0
True,1.42739685887737,0
True,1.62736598956334,0
True,3.46997421309013,0
True,1.59318218388941,0
False,4.0601854189971,0.00055774127716063
True,4.03588889409376,0
True,1.49026518691399,0
True,2.06602770474075,0
True,1.34453085440781,0
True,1.4320209289992,0
True,2.96361293063462,0
True,1.90323546918862,0
True,2.48766943046315,0
True,1.8702715423168,0
True,3.77528577011829,0
True,3.33372911477376,0
True,1.86115413276216,0
True,1.30802179751072,0
True,2.21899011183606,0
True,1.63385504245405,0
True,1.50998560053861,0
True,1.9306643725729,0
True,2.30701965654188,0
True,2.55245119457558,0
True,1.52609927961731,0
True,0.6843609019139,0
True,1.12128719288966,0
True,2.16145370093497,0
True,3.50913254741147,0
True,3.800381995384,0
True,1.34917311421345,0
True,0.962487332042589,0
True,2.06829108823018,0
True,1.46505364951449,0
True,1.1021751857804,0
True,1.95072485264067,0
True,1.76446744491101,0
True,1.74294317331287,0
True,1.91861758875364,0
True,1.65231608006125,0
True,1.66895366467438,0
True,1.46494847666159,0
True,1.76918179651684,0
True,1.99289449647585,0
True,1.57274842468766,0
True,3.64095101462713,0
True,3.90307251156821,0
True,2.97963936371488,0
True,2.68530004954933,0
True,2.10702907182818,0
True,1.52841951593811,0
True,0.823686682047049,0
True,1.57381013522341,0
True,1.73215763950005,0
True,1.25233099757148,0
True,1.27322555022419,0
True,1.85715943672081,0
True,2.70174203417097,0
True,1.58825066213436,0
True,1.41212136815958,0
True,1.28850909360611,0
True,1.73213901714709,0
True,1.22022538805386,0
True,3.4794165821165,0
True,2.04692437544361,0
True,1.24331668208875,0
True,3.03742449465992,0
True,2.50092708551949,0
True,1.55663848382881,0
True,2.97167869479048,0
True,1.74663436793148,0
True,4.15567737338117,0
True,1.96170497383858,0
True,2.27295950766828,0
True,1.42524288811954,0
True,1.56816351356558,0
True,1.12730880648488,0
True,1.44550311844546,0
True,2.89127995442659,0
True,2.9732697033499,0
True,2.19555447100057,0
True,3.62019058020636,0
True,2.26340415663833,0
True,1.23700336339333,0
True,1.24171113947673,0
True,1.27290321148723,0
True,3.19205133371379,0
True,1.62731563014258,0
True,3.61228001023631,0
True,1.82370806311679,0
True,1.17471223746137,0
False,2.05503269085667,0.000225069848585101
True,1.43089420054243,0
True,2.22702345263204,0
True,0.948228732565588,0
True,1.50005345152912,0
True,2.75694180699324,0
True,1.54020789352991,0
True,1.39528249385746,0
True,1.45715197912094,0
True,2.40546130221329,0
True,2.47189466368721,0
True,0.954976516964582,0
True,3.92111658418921,0
True,1.10092268505904,0
True,1.30351840075296,0
True,1.38012654232967,0
True,3.7654342897317,0
True,1.65818832039417,0
True,3.5508963447611,0
True,1.08468947723475,0
True,3.4108231150575,0
True,2.48934076271894,0
True,2.61577980374326,0
True,1.93788304574864,0
True,1.86610651356273,0
True,2.55025030699656,0
True,1.17607509295614,0
True,1.14888277723722,0
True,1.19880057265376,0
True,1.09196982906871,0
True,1.58055010540248,0
True,2.36268816636305,0
True,2.9344769183938,0
True,2.20598160085154,0
True,1.84164106618902,0
True,1.58722389668746,0
True,1.28527613303361,0
True,1.84915635627439,0
True,1.48786808214129,0
True,1.65063819076988,0
True,0.972426724963822,0
True,3.67916776490498,0
True,1.51642578888012,0
True,2.24888727483986,0
True,1.66004613310317,0
True,3.47916036131339,0
True,3.52546952373246,0
True,3.13707775740078,0
True,2.82437544480474,0
True,3.76693849635222,0
True,3.78272322253354,0
True,1.16955891302723,0
True,1.48531893066664,0
True,1.80549908403851,0
True,1.79942763699599,0
True,1.36395270220802,0
True,1.87213882730705,0
True,1.65990644541127,0
True,1.64227278039719,0
True,2.09195048094127,0
True,1.53984116144385,0
True,1.77255164023292,0
True,2.67368798367449,0
True,2.80652272024402,0
True,2.17716527057772,0
True,1.97087274394152,0
True,0.951424147976441,0
True,1.79252698263135,0
True,1.75257746382966,0
True,1.70136908435364,0
True,3.55294435321456,0
True,2.43252815462901,0
True,1.73120598788824,0
True,2.20600845377242,0
True,1.31703193318633,0
True,0.867155445590625,0
True,1.16854074382591,0
True,1.01140397091204,0
True,1.12845309591243,0
True,1.07295089901462,0
True,2.41438095631576,0
True,2.3494927444742,0
True,2.45293267227366,0
True,1.81881985636964,0
True,0.910852098704818,0
True,1.16617083954136,0
True,1.70913480065394,0
True,2.34683024561463,0
True,2.5637871704924,0
True,2.21987630847587,0
True,1.91399627967052,0
True,1.95205553264758,0
True,2.7984218750371,0
True,1.72827829808916,0
True,2.67803800904191,0
True,3.18234066215016,0
True,1.12504688338573,0
True,1.48344840223843,0
True,1.80027220538977,0
True,1.02804264651075,0
True,3.21892165323514,0
True,2.14692092908129,0
True,2.17069830038915,0
True,2.1658550496765,0
True,1.08661159465855,0
True,1.93898338499961,0
True,1.64232367731964,0
True,1.49826649409854,0
True,3.62225099899023,0
True,2.35911596130988,0
True,1.84253854322952,0
True,1.61636571973314,0
True,0.926190223762627,0
True,0.997064153039426,0
True,1.32718534872993,0
True,1.63138923862857,0
True,1.81751224519397,0
True,1.17223730350159,0
True,1.57108139757756,0
True,0.677859010280441,0
True,1.21103316376705,0
True,0.838334067549309,0
True,2.60533480299749,0
True,1.5503599364035,0
True,1.411646585816,0
True,1.52686508973307,0
True,1.13022307969813,0
True,1.55567215499061,0
True,2.30659156566559,0
True,1.86084061314645,0
True,1.42989062208679,0
True,2.19437721189886,0
True,1.04842731182928,0
True,1.91705063707763,0
True,2.16786487409381,0
True,1.96709043927075,0
True,2.57240734730671,0
True,1.80509794747444,0
True,2.48543602361347,0
True,1.77924443820869,0
True,1.95840504146683,0
True,1.13853786951015,0
True,1.51900535593971,0
True,1.38212187835275,0
True,1.49024523225667,0
True,1.66860140751663,0
True,1.19184897313932,0
True,2.81557280289789,0
True,2.21947238489575,0
True,3.49448589308604,0
True,3.28043861935667,0
True,1.58883802182681,0
True,2.02525613054585,0
True,1.80453659425623,0
True,1.53319336862249,0
True,2.49066101159894,0
True,1.73440037081114,0
True,1.26167753669018,0
True,1.10621062864322,0
True,2.28577091744831,0
True,1.00404852608531,0
True,2.15166178100475,0
True,1.31627040796127,0
True,1.70784839368562,0
True,1.94555854856692,0
True,0.969137972547147,0
True,2.4451898878836,0
True,1.79553489387555,0
True,1.62698254516756,0
True,2.3959035777018,0
True,1.94692292003952,0
True,1.55118216355139,0
True,1.89903559151611,0
True,2.60536199643425,0
True,2.58325737362991,0
True,0.778343542239881,0
True,2.24461560852862,0
True,3.18534298890735,0
True,3.66518396071228,0
True,4.58817656201378,0
True,2.52779649245536,0
True,1.67599467164601,0
True,1.36016550293078,0
True,1.32353150838462,0
True,2.44435192154605,0
True,3.57946525361917,0
True,4.05099110869523,0
True,1.26793438371054,0
True,2.04448914438547,0
True,1.8299093442381,0
True,1.40786498931785,0
True,1.91352728561909,0
True,1.25375273599431,0
True,2.13478480768023,0
True,3.16300334757248,0
True,3.06590587934178,0
True,3.41714121300172,0
True,3.51852361620005,0
True,3.19080990376885,0
True,1.39073675584601,0
True,2.99717858820235,0
True,2.56078602284718,0
True,2.42260429572813,0
True,1.85093931871145,0
True,1.67923062570771,0
True,1.76427610164095,0
True,1.2585085149509,0
True,2.6305751612629,0
True,2.51322938454131,0
True,1.32098276261065,0
True,1.29787042694933,0
True,1.05538957785488,0
True,1.56187484268792,0
True,3.62972844584564,0
True,0.949578621561119,0
True,1.07003857375464,0
True,2.11870847032396,0
True,0.853110386233252,0
True,0.768193098109295,0
True,1.79056803232772,0
True,3.42154233258412,0
True,2.01418882301996,0
True,1.3487478557267,0
True,1.75744131865528,0
True,2.68658882564,0
True,2.85277960557968,0
True,0.794724384245654,0
True,2.94522194756688,0
True,1.51336964146919,0
True,1.04991592364448,0
True,1.50863126727856,0
True,1.32783212272012,0
True,0.687068546360324,0
True,1.71170856932838,0
True,1.06323149707604,0
False,1.27895478691535,0.00017491333730826
True,1.98054014957389,0
True,1.27051788902572,0
True,4.08965905081182,0
True,4.3199610342315,0
True,1.81025556956253,0
True,2.31871251972075,0
True,1.0619861788938,0
True,0.84446923547062,0
True,1.11779431053804,0
True,0.846426358929142,0
True,2.78052067126121,0
True,3.30406409927195,0
True,4.2810310363607,0
True,1.01727151447871,0
True,3.98500801698451,0
True,1.88382619430935,0
True,1.68540188002166,0
True,0.863277478676588,0
True,1.89033138089615,0
True,0.508227398016864,0
True,1.05837875992668,0
True,2.56501257320914,0
True,1.97774304312961,0
True,1.21915196583552,0
True,2.00202305221841,0
True,1.35580111125574,0
True,2.6875398844943,0
True,1.87049849396198,0
True,2.10976722899369,0
True,2.59770312557454,0
True,2.82414094732954,0
True,2.23336962862426,0
True,1.23576939439065,0
True,3.38133785790072,0
True,2.42703460173463,0
True,0.337340616983572,0
True,2.37544020819699,0
True,2.75324910342083,0
True,2.70536542639596,0
True,2.27184382541964,0
True,1.45703831787843,0
True,1.03985341899809,0
True,1.64093955334804,0
True,1.02980256769018,0
True,2.30439892927746,0
True,3.14694676275654,0
True,1.66712909775387,0
True,0.839475259515003,0
True,1.81222691955,0
True,2.3244062192255,0
True,3.26822647482795,0
True,2.08607554561054,0
True,0.947947736890834,0
True,1.21747853282045,0
True,1.12506070894956,0
True,0.97128263565102,0
True,1.33973590901333,0
True,4.18913089142979,0
True,1.35429508835085,0
True,2.60823774604809,0
True,2.44502287123409,0
True,0.822438871474071,0
True,1.74980477248196,0
True,2.66102373098442,0
True,2.21781221306948,0
True,1.51938465068136,0
True,1.01765810805144,0
True,0.980715615325326,0
True,1.26356796772632,0
True,0.888938890729951,0
True,1.77357411869389,0
True,1.94519532099162,0
True,1.41616108923444,0
True,2.22781690800302,0
False,2.33835719859134,7.32690667266613E-05
True,2.80926883359879,0
True,1.51301111400536,0
True,1.21712513901795,0
True,1.70249842841553,0
True,1.98957110993477,0
True,1.5239174958431,0
True,1.5496885180774,0
True,0.787658189224006,0
True,1.90030902761877,0
True,1.49481442144401,0
True,2.49564836629076,0
True,2.11580570932493,0
True,3.32176194752367,0
True,1.80067123818531,0
True,1.25801374532055,0
True,0.782256748599449,0
True,1.75030718671482,0
True,1.48965025984734,0
True,0.84959956064992,0
True,2.02911691301225,0
True,2.13532553048179,0
True,1.98750898367396,0
True,1.49852977317021,0
True,1.61834356215962,0
True,1.9131308937965,0
True,2.28573224624258,0
True,1.2310224971588,0
True,2.36753018892706,0
True,2.38313699573074,0
True,1.10272021659831,0
True,3.75795219545637,0
True,2.49258158066608,0
True,1.20405898503451,0
True,1.92365273551895,0
True,2.36227391540657,0
True,2.1389305461437,0
True,2.55709085070674,0
True,3.74157899281614,0
True,4.31593267082809,0
True,1.2512359494834,0
True,2.40357279820263,0
True,3.41108951038216,0
True,2.9051701357877,0
True,1.27979362108383,0
True,2.64956955274215,0
True,2.67694933909333,0
True,1.33420603543728,0
True,0.830284306075195,0
True,1.24483383828683,0
True,2.48038468638284,0
True,1.2515129049709,0
True,2.45144150957878,0
True,2.36052911807807,0
True,3.25374691424836,0
True,2.14392977195287,0
True,1.89955077415248,0
True,1.70778519834392,0
True,1.03782513887249,0
True,1.6333036498311,0
True,2.37596726877719,0
True,1.56549847331096,0
True,2.60217373272991,0
True,2.847284326649,0
True,1.80178175499919,0
True,2.02177375197229,0
True,2.74213837908271,0
True,0.629776305269843,0
True,1.30118313710289,0
True,2.82608107578197,0
True,1.45033498993219,0
True,1.18880196424164,0
True,2.92262671973039,0
True,3.53782729203618,0
True,4.53371745298948,0
True,0.994653030795724,0
True,2.3388384389547,0
True,3.68532878397918,0
True,1.68899187926136,0
True,1.29408215363271,0
True,1.73397872014481,0
True,0.88036575562366,0
True,2.44465144206801,0
True,1.12942172284575,0
True,1.01089512379997,0
True,2.24119009142596,0
True,1.09616541616354,0
True,1.68625696889005,0
True,1.98174107301082,0
True,1.55338561697613,0
True,1.76612766928026,0
True,1.99727216939602,0
True,1.81603720098855,0
True,1.80978577344589,0
True,2.10738923409353,0
True,1.86997542307361,0
True,1.80441578360109,0
True,2.09077658077653,0
True,2.14320113912831,0
True,1.72822198031318,0
True,3.05670307125074,0
True,1.7382670755881,0
True,4.10627884639393,0
True,4.17687133028032,0
True,1.68705563168244,0
True,2.2171674572719,0
True,2.33995051274463,0
True,2.70281993263808,0
True,0.807878722044133,0
True,2.09213467210035,0
False,3.07988688880839,9.25141507661298E-05
True,1.36168747498569,0
True,1.05583906339414,0
True,1.88754987290388,0
True,4.5168262527894,0
True,1.35715879831172,0
True,2.93448097272524,0
True,2.53750265828987,0
True,1.33726701728431,0
True,1.91471857159431,0
True,1.65278233154829,0
True,2.00201960192186,0
True,1.2102648055596,0
True,0.927803975003189,0
True,1.76148814449903,0
True,1.71935033757243,0
True,1.37730058050107,0
True,2.55503606556248,0
True,1.46659454002805,0
True,3.09600380882475,0
True,1.69781184535977,0
False,1.69166377803833,0.000354679201601573
True,1.34998219604313,0
True,1.40158883684867,0
True,1.7193272260763,0
True,2.04869288668691,0
True,0.700765105803281,0
True,2.09905044920819,0
True,0.999201168266456,0
True,1.35830924950632,0
True,1.68017024527334,0
True,1.72497641736894,0
True,1.89479453611896,0
True,1.75178226342923,0
True,0.769965448692471,0
True,2.17620709050353,0
True,2.57365631334193,0
True,1.82192740624013,0
True,2.30440625440667,0
True,1.92836258379202,0
True,1.44623948121567,0
True,1.33049369446483,0
True,0.913021136423508,0
True,1.5078636746763,0
True,1.28024424071079,0
True,2.47867971084319,0
True,1.53131934634365,0
True,2.22279960856528,0
True,2.14756648693379,0
True,2.534555716779,0
True,2.3566921198251,0
True,1.9843172327381,0
True,1.80255122074948,0
True,1.83157861453168,0
True,2.77761730669896,0
True,1.0066930271959,0
True,0.656842715085545,0
True,1.13050690685776,0
True,1.35503505881619,0
True,1.8130896934791,0
True,1.27672241941435,0
True,2.21047013387546,0
True,1.47497128923722,0
True,1.10799869476979,0
True,2.05721827277748,0
True,1.70821327273394,0
True,1.60721474329661,0
True,1.5460122761394,0
True,2.10017900755801,0
True,1.15676904694589,0
True,1.09117822146752,0
True,1.00290602968877,0
False,0.982782152851842,0.000769718019862834
True,0.846976256654475,0
True,2.38046022568615,0
True,1.79705299553169,0
True,1.45697745164969,0
True,1.30419606325224,0
True,2.11927641280015,0
True,2.3997074971179,0
True,1.46873246703529,0
True,1.61867921569942,0
True,1.75600277463002,0
True,3.25848135708562,0
True,2.00538003853818,0
True,1.84131023968769,0
True,4.29095297238484,0
True,1.97542103210034,0
True,1.99492746885279,0
True,1.35886296199794,0
True,4.09561755152788,0
True,2.6028589255472,0
True,1.45254528107152,0
True,1.18166701487955,0
True,2.15545351667171,0
True,1.12380551046306,0
True,3.75999229917156,0
True,1.4071385164766,0
True,2.04274026437368,0
True,0.977532145116708,0
True,1.77695517140109,0
True,2.3870070982588,0
True,2.16144189499207,0
True,1.53239905803426,0
True,1.06836767148944,0
True,1.34345773961053,0
True,1.41517605398649,0
True,1.11942497983427,0
True,1.90296554324514,0
True,1.39374555401508,0
True,3.87170004336991,0
True,3.51568286994957,0
True,2.58918034225081,0
True,2.18198392308853,0
True,1.67013279906684,0
True,3.34212446280725,0
True,1.93585671446326,0
True,1.64165976537459,0
True,2.62236862465453,0
True,1.25799780196469,0
True,2.17667051440394,0
True,1.46211523899226,0
True,2.01932004718507,0
True,3.89282666244435,0
True,1.57867523145282,0
True,1.82365763709433,0
True,2.16806194069947,0
True,2.18248583045744,0
True,2.25999339929551,0
True,2.20327848410673,0
True,3.49232132137085,0
True,1.24001611632883,0
True,2.16213549275715,0
True,2.6854114716896,0
True,3.41907626319154,0
True,1.86859209323843,0
True,2.09321158966643,0
True,3.71289119052295,0
True,2.20521039344628,0
True,0.769311293295122,0
True,1.13672509912279,0
True,1.74864209712648,0
True,0.949619960304779,0
True,1.15553195490349,0
True,1.34741635858545,0
True,1.80904960347859,0
True,0.981762131340458,0
True,1.87757229970938,0
True,1.02627263477146,0
True,1.08626677720756,0
True,1.66380804739469,0
True,2.85674216930103,0
True,0.967013176799097,0
True,2.41463849729115,0
True,2.36332154174928,0
True,2.02873985760687,0
True,3.22884502382782,0
True,2.03428481373622,0
False,2.75271963072788,0.00117132050130502
True,3.04744276379872,0
True,2.49975093066206,0
True,2.07479036353936,0
True,1.43221595032334,0
True,1.22670007400172,0
True,3.58939853922221,0
True,1.12359082564341,0
True,1.01185146740621,0
True,2.37541519566886,0
True,1.6888075585465,0
True,1.66552056677483,0
True,1.29352550482035,0
True,1.26545321270485,0
True,1.12086139631377,0
False,1.72225492332968,0.000234202762533543
True,0.722078589939319,0
True,2.2378071627686,0
True,1.38789826828131,0
True,2.28192772449805,0
True,0.834004638886679,0
True,1.13034701547057,0
True,2.20841189736324,0
True,1.27682440515632,0
True,2.42719305921333,0
True,2.61722770960254,0
True,0.96650189088518,0
True,3.84384936857707,0
True,2.39020315997919,0
True,1.41641639202079,0
True,3.94071129027501,0
True,2.73271784855487,0
True,1.78775761804392,0
True,3.06745854403155,0
True,1.47197919699444,0
True,2.28452029433258,0
True,2.95591933295612,0
True,2.22382598399267,0
True,1.38022299055142,0
True,1.04517519856464,0
True,3.03311328584688,0
True,2.22098535030198,0
True,2.74252467132587,0
True,0.788979916010097,0
True,1.65606011226228,0
True,3.02541619712894,0
True,1.32638523817102,0
True,1.9346248048012,0
True,2.7800422803674,0
True,2.04563405853226,0
True,2.65608148560115,0
True,1.90185325279062,0
True,1.0472378085016,0
True,2.94936466224882,0
True,1.50585872761959,0
True,1.48945715912187,0
True,2.35759914071176,0
True,2.02652299365505,0
True,2.22122980862249,0
True,0.86663019494269,0
True,0.7724744032902,0
True,0.69664417589516,0
True,1.39509721560167,0
True,2.57714825782089,0
True,2.16722786441757,0
True,1.25037548433235,0
True,1.07590008023348,0
True,1.39336651973833,0
True,1.03223553482599,0
True,1.38952725807471,0
True,1.0848633234203,0
True,2.45402436992852,0
True,2.38080753102706,0
True,1.22929664755283,0
True,1.20798787904401,0
True,1.65867581695461,0
True,3.43631665863894,0
True,2.16427064145279,0
True,1.68373928833239,0
True,2.88321529128179,0
True,1.84003231142608,0
True,1.50508115098386,0
True,1.46880188388635,0
True,1.49724808192666,0
True,2.16205126113786,0
False,2.48810466048221,0.000326153930358803
True,2.40218879226619,0
True,2.04119891732774,0
True,2.51280673219666,0
True,2.01070850868461,0
True,1.21940152380666,0
True,1.36680347850759,0
True,0.756295575157562,0
True,1.16749504245024,0
True,2.75461367422924,0
True,2.14469527367973,0
True,2.08244570527415,0
True,1.25704516204751,0
True,1.51277842552449,0
True,2.98583828034808,0
True,1.08528028119273,0
True,1.08781330117375,0
True,1.16279207182932,0
True,1.432165090951,0
True,2.10888146159314,0
True,1.68579268297515,0
True,2.33930795263037,0
True,1.65575103280909,0
True,2.89104224929854,0
True,2.63050225686467,0
True,3.00646841769055,0
True,1.43911885525549,0
True,1.33201076967363,0
True,1.67791709939785,0
True,1.31110714877776,0
True,1.55372056292752,0
True,2.17660356343146,0
True,2.16103733670807,0
True,1.40529463764989,0
True,3.31418413252853,0
True,2.98115856526493,0
True,3.43930988270231,0
True,1.98906072643662,0
True,1.49971419444673,0
True,2.66092085438455,0
True,3.11411717929207,0
True,1.71496257669297,0
True,1.50416688744732,0
True,1.31906805134665,0
True,0.955638049344188,0
True,0.982704426721116,0
True,3.68577767579854,0
True,2.52001822311109,0
True,0.672226281237435,0
True,2.15755685957953,0
True,2.97026514688576,0
True,1.55656400127239,0
True,1.44418869666021,0
True,1.76705259487917,0
True,1.43755387951335,0
True,1.7835577971435,0
True,3.58969616481592,0
True,3.80636652123921,0
True,2.40233015672858,0
True,1.09278180873565,0
True,2.03178907560495,0
True,1.3284214611505,0
True,3.4071575675571,0
True,3.06247830337417,0
True,1.12730540039955,0
True,3.84671283908232,0
True,1.70909655294191,0
True,1.2195869658479,0
True,2.32303959606004,0
True,2.00457423187327,0
True,2.41973295155535,0
True,1.92138051925083,0
True,2.34710822571612,0
True,4.40439760768201,0
True,1.01664919252309,0
True,1.10731250890155,0
True,0.893193347617057,0
True,1.96660996295617,0
True,2.5067358966445,0
True,2.64041295400605,0
True,0.744345936153839,0
True,2.39754480389532,0
True,2.76060955639557,0
True,1.62955204486356,0
True,1.02387547428775,0
True,1.47170102235264,0
True,1.2855279802677,0
True,0.680659749597765,0
True,0.966158292497536,0
True,1.66833628023393,0
True,1.92244222432116,0
False,2.48174155185679,0.000117455330206523
True,0.897375698930233,0
True,3.19791050333634,0
True,2.76794322442516,0
True,2.63468586341777,0
True,1.5881506641404,0
True,2.9450172004621,0
True,3.1566817374524,0
True,2.20439017606198,0
True,1.69772510550505,0
True,2.68686741498845,0
True,1.27932296972633,0
True,1.68206349849934,0
True,1.62682479997832,0
True,0.941957084998978,0
True,2.21682091609538,0
True,2.51690427773752,0
True,2.33129233518264,0
True,2.47542092968617,0
True,1.87916869643561,0
True,3.10739510895449,0
True,1.60914039288805,0
True,1.2859794316188,0
True,1.28922770884269,0
True,1.62743934071377,0
True,3.06816783182429,0
True,3.86495326722263,0
True,1.91269581504377,0
True,2.15540165715646,0
True,2.53808705924486,0
True,2.81926565540634,0
True,0.987995225848348,0
True,1.57307219795468,0
True,1.17976451765819,0
True,1.5857015157133,0
True,0.823560372669013,0
True,1.3253712917703,0
True,1.50244295018556,0
True,1.5142222386552,0
True,2.06057794501027,0
True,1.09831446428702,0
True,1.70597854624143,0
True,2.67167528501002,0
True,1.76680268468236,0
True,1.03966217513724,0
True,2.6161802727825,0
True,0.932631342261608,0
True,1.46227024434356,0
True,2.20321268094795,0
True,1.92244596572509,0
True,2.78119031446165,0
True,2.24820729390565,0
True,1.7104778389397,0
True,2.49177775664135,0
True,1.98272920904624,0
True,0.857829098662255,0
True,1.7392108008169,0
True,2.04840523811148,0
True,1.8091961039594,0
True,1.07286448154511,0
True,1.45349886885681,0
True,1.00825130688414,0
True,1.67670068868973,0
True,1.18402323828791,0
True,0.891072598247434,0
True,1.54910691075881,0
True,1.23242842194898,0
True,1.96368668245477,0
True,1.51528140363216,0
True,2.06475356994029,0
True,0.662624622161802,0
True,1.36471079457342,0
True,3.16439015015054,0
True,2.86248228052866,0
True,1.67977611343969,0
True,0.921118237794852,0
True,1.25010311069553,0
True,1.62434022785295,0
True,2.3045031167051,0
True,2.70511620205724,0
True,2.05105983327063,0
True,1.23988577184595,0
True,1.89632244463186,0
True,1.99437804666987,0
True,2.97082412102505,0
True,1.05071154887488,0
True,1.6977101446423,0
True,2.40912335062922,0
True,2.01463731866036,0
True,1.41057995192293,0
True,0.732096484802176,0
True,1.71300938324907,0
True,1.06321146177093,0
True,2.86734802782704,0
True,2.81452286185233,0
True,1.62680295210897,0
True,2.95075949941383,0
True,2.95612494706175,0
True,2.67425674212001,0
True,1.20197970932628,0
True,1.94057582953512,0
True,1.42673244078267,0
True,1.23495651935574,0
True,0.925240943409879,0
True,4.01505045762769,0
True,1.21219853567178,0
True,3.43074515494892,0
True,2.64182162337844,0
True,2.45404411158951,0
True,2.20555835145961,0
True,2.52172639710715,0
True,1.58407511746124,0
True,3.85718211453789,0
True,1.72918426871956,0
True,1.24077144505641,0
True,2.34370632711058,0
True,0.84899795405561,0
True,2.03707770241219,0
True,2.632983737547,0
True,1.99631347644044,0
True,1.06261023889054,0
True,0.891749237607753,0
True,2.9983651733759,0
True,2.44296291473381,0
True,2.59532339501011,0
True,2.74235235454933,0
True,1.4895731163706,0
True,1.72251460436934,0
True,2.52801538202277,0
True,2.27441544796842,0
True,3.12253606187428,0
True,1.81611545597661,0
True,1.89497418219502,0
True,2.06740813710789,0
True,1.10975525621392,0
True,0.934059059979761,0
True,2.32592094992302,0
True,1.51035821428435,0
True,1.24816989088009,0
True,1.69009782065882,0
True,1.20651911184796,0
True,1.32863799605378,0
True,1.27671442906552,0
True,0.836117944014217,0
True,1.5401905558217,0
True,2.63019902581696,0
True,2.02581259680217,0
True,2.45853574133962,0
True,2.98215934487431,0
True,1.75526091577351,0
True,3.13295956670901,0
True,2.38760458078542,0
True,0.989204139540689,0
True,1.51639966749535,0
True,0.792992757724943,0
True,0.795002228345741,0
True,3.36110761936203,0
True,1.80926360274201,0
True,1.60861408988215,0
True,1.58687457479059,0
True,1.85729834153742,0
True,3.14493376887471,0
True,1.39505594843749,0
True,2.22407036800667,0
True,1.3982902371429,0
True,2.28030403471406,0
True,1.9121266926565,0
True,1.46669769313986,0
True,2.87917975855966,0
True,1.23680870499217,0
True,2.63950137521163,0
True,1.39311770569756,0
True,1.21603195696025,0
True,1.33831163656042,0
True,1.6817313390512,0
True,1.33703259237395,0
True,1.77094489103452,0
True,3.94661817928461,0
True,2.79686118717047,0
True,2.51296725897018,0
True,2.81324534102112,0
True,2.22472411048787,0
True,1.78629302332976,0
True,1.29607466343,0
True,0.808395456611585,0
True,1.53060640449956,0
True,2.26078224478447,0
True,1.65995748614835,0
True,2.52399506454968,0
True,1.46491184717991,0
True,2.36961448136732,0
True,0.636364724119558,0
True,1.55631948814575,0
True,2.65262086901308,0
True,1.59915886850632,0
True,1.60434842701927,0
True,1.66898714504309,0
True,2.91377225622279,0
True,1.81791963630329,0
True,2.30316609171166,0
True,1.64027968697484,0
True,1.29216141677478,0
True,2.18124796752,0
True,1.95225985402688,0
True,1.74668275958853,0
True,2.21193661898412,0
True,2.19105010309581,0
True,0.893844238365224,0
True,1.16908586074386,0
True,1.16881101482362,0
True,2.37878623656375,0
True,2.73030539933625,0
True,2.31615384344854,0
True,1.05343426463186,0
True,2.05070064393656,0
True,4.10466676825892,0
True,2.1352204116544,0
True,1.50374265214676,0
True,1.71711498623323,0
True,1.46282670589523,0
True,1.35591798023014,0
True,1.8622392861285,0
True,0.592604475359288,0
True,2.62949978135486,0
True,1.35674925366466,0
True,2.07900423426092,0
True,1.36695170910277,0
True,1.26162586567945,0
True,2.80378582064373,0
True,1.24140017058498,0
False,2.2378385478425,8.77224993468174E-05
True,0.844797552608445,0
True,1.96971394787438,0
True,0.989985714733798,0
True,1.6389646744813,0
True,2.03583325617809,0
True,2.16519734630797,0
True,1.84712299671647,0
True,2.53455125375052,0
True,1.67643121927759,0
True,1.04130244150191,0
True,1.30534067946668,0
True,2.08681491052238,0
True,1.40341468642297,0
True,1.69443337015164,0
True,2.45837861564939,0
True,3.32678830376351,0
True,4.23646758048422,0
True,1.84724240484174,0
True,2.56611892342579,0
True,1.23895336228148,0
True,0.705756063628896,0
True,1.77193201655123,0
True,1.12907190630889,0
True,1.51269416260113,0
True,3.29073461382666,0
True,1.43336553952625,0
True,0.906992437118519,0
True,2.6677677260527,0
True,1.52324224190995,0
True,1.82126529208364,0
True,2.44816223193348,0
True,2.91884408075639,0
True,1.06839561018447,0
True,3.28906711566019,0
True,1.24990393627666,0
True,2.47572988139553,0
True,1.03106370815145,0
True,1.30180770016058,0
True,0.919929624737761,0
True,1.47849130068999,0
True,2.74380215039903,0
True,2.64414204786429,0
True,1.48789398897749,0
True,2.88076007984385,0
True,1.72928207157472,0
True,2.44617982264679,0
True,2.05145125475368,0
True,1.22098485986423,0
True,0.708191225910111,0
True,1.98658221260156,0
True,1.08988241607439,0
True,1.43829408660464,0
True,3.60901903669042,0
True,3.41454042733955,0
True,3.47165898610121,0
True,2.01442468529869,0
True,1.40693582449872,0
True,1.14521284898214,0
True,1.41717808398066,0
True,3.01136958179327,0
True,1.42138333848249,0
True,1.49726791909446,0
True,0.927946378265527,0
True,1.94272474486644,0
True,2.7649093145202,0
True,2.64197052489109,0
True,1.55785450036621,0
True,0.719770239491764,0
True,1.38578515325868,0
True,4.4776692516727,0
True,2.58071287720822,0
True,1.45693592660739,0
True,1.39293909023562,0
True,1.83146152407138,0
True,0.621556031196999,0
True,2.21468534737281,0
True,1.79682078861703,0
True,1.51651967674107,0
True,2.50023309097508,0
True,1.07175383571483,0
True,2.36996077696325,0
True,3.76966622396518,0
True,1.70017692760417,0
True,2.16899650345195,0
True,1.31457187256971,0
True,3.42041241285403,0
True,2.57722371382446,0
True,3.81910381641856,0
True,2.62505549613508,0
True,2.80868531120988,0
True,1.28089279681764,0
True,1.8100507809895,0
True,1.31553998102225,0
True,1.94925839758365,0
True,1.32149737500629,0
True,1.07450697614339,0
True,1.93623217998501,0
True,1.24997566506767,0
True,1.85870966079992,0
True,1.10698736567004,0
True,1.74019726544118,0
True,2.63279519726186,0
True,2.00092149007332,0
True,1.90156401095284,0
True,1.23504757840891,0
True,3.05585692967294,0
True,1.99718030143411,0
True,0.930986714538355,0
True,2.31651647079241,0
True,1.24468726436654,0
True,1.11606232105238,0
True,2.43288615224472,0
True,1.26938131573597,0
True,1.19310970685533,0
True,0.978295282429049,0
True,1.35485117439093,0
True,2.23686522975046,0
False,1.01825935036784,0.000153834734708815
True,2.31189457605803,0
True,1.63116828016667,0
True,1.528369758971,0
True,1.43161558923246,0
True,1.17015946522897,0
True,2.28537608321519,0
True,1.46853276794907,0
True,1.58463701271794,0
True,2.06571999143249,0
True,0.966222948350886,0
True,1.61747036170573,0
True,2.73486536116438,0
True,3.94185375785063,0
True,2.00484764845222,0
True,1.48936579572434,0
True,3.008492640385,0
True,1.45758913462302,0
True,2.48195582454711,0
True,1.14830414358926,0
True,3.2021044000869,0
True,2.13767091243735,0
True,2.33346864454843,0
True,3.33949914044198,0
False,1.8518843168149,0.000578469884395663
True,1.99943410271473,0
True,0.673933970759833,0
True,1.49396127365977,0
True,2.09882503571287,0
True,2.05662905575163,0
True,1.36669106040828,0
True,1.74340224260644,0
True,1.84075458668351,0
True,1.50132896788847,0
True,2.51616950009586,0
True,1.08040133008703,0
True,1.17652720419914,0
True,1.60880557938679,0
True,0.954763164939803,0
True,3.56205427986312,0
True,3.14870979515053,0
True,1.1045080814313,0
True,1.26896141150591,0
True,3.16377719727116,0
True,3.10561455078522,0
True,4.01932346686414,0
True,1.67207267509384,0
True,1.07912379010954,0
True,3.23241111299685,0
True,1.54426072100306,0
True,2.37670881384259,0
True,1.90473608626687,0
True,1.16171938706319,0
True,1.46425532053368,0
True,1.67371420702721,0
True,0.793428070244113,0
True,3.21733972602892,0
True,1.02977370162233,0
True,1.33231770376475,0
True,2.53535096165709,0
True,1.54178729613756,0
True,1.07101976112888,0
True,1.14714824505419,0
True,1.19569313611782,0
True,1.92808067558784,0
True,2.15215892243346,0
True,1.63079960721692,0
True,3.52538015680701,0
True,1.78611472865078,0
True,1.52005148102775,0
True,0.795806585407883,0
True,2.40262035417391,0
True,1.12882928195018,0
True,2.18560340687941,0
True,2.47738981562489,0
True,3.37097556234109,0
True,1.59182284459991,0
True,2.35191066507938,0
True,1.82056494087952,0
True,1.30659622438047,0
True,1.39204033679435,0
True,2.12065669569032,0
True,3.8271971664213,0
True,2.79076780954611,0
True,2.8113221916645,0
True,2.26211077679871,0
True,2.05901220385178,0
True,1.39580673235487,0
True,1.0165199196266,0
True,2.58974493720072,0
True,1.44080873766596,0
True,1.42929571086955,0
True,1.27519584009553,0
True,1.65581196477677,0
True,2.97928978330317,0
True,3.8282807243359,0
True,2.67441424789168,0
True,2.60810602580937,0
True,1.76876955037915,0
True,1.24610779754517,0
True,1.7124632334929,0
True,1.91881279106164,0
True,1.78499482869155,0
True,1.50003069240724,0
True,1.37370439535178,0
True,2.27003658664582,0
True,2.45665062034837,0
True,1.17079817441412,0
True,0.910023588099613,0
True,2.84915857185724,0
True,1.94975084031131,0
True,1.9524844267044,0
True,3.69788983840016,0
True,0.959647270048842,0
True,3.20001444994982,0
True,2.70324284779796,0
True,1.0936990133336,0
True,2.02463299406222,0
True,1.41380341818426,0
True,3.18059596855158,0
True,0.816124109308798,0
True,2.99157411025682,0
True,3.58959864420762,0
True,1.63942977468657,0
True,1.90299301180114,0
True,1.00047203515332,0
True,1.81040521496659,0
True,1.96560914299158,0
True,1.11374841375533,0
True,1.33481731665636,0
True,2.05822295150715,0
True,2.27186246858933,0
True,1.93983756740664,0
True,1.73762090646681,0
True,1.85191061960462,0
True,2.14499555727077,0
True,2.63761049614636,0
True,3.30614738921163,0
True,1.4379523443834,0
True,2.9387584730559,0
True,2.36163094427179,0
True,4.16233990976464,0
True,2.08515246061824,0
True,2.14050177490159,0
True,1.50226255832354,0
True,1.74389278437988,0
True,2.43321691541145,0
True,3.53432589918635,0
True,2.9605124736425,0
True,1.08041822802329,0
True,2.98209885041411,0
True,0.790876601867807,0
True,1.38627376454868,0
True,1.25072517853162,0
True,0.746974878592787,0
True,2.82107937295174,0
True,2.99699573961202,0
True,2.79676190062489,0
True,1.68414285066306,0
True,1.39430771862263,0
True,4.00521409570428,0
True,0.837405130941679,0
True,2.85767251256852,0
True,1.44372980847025,0
True,3.51249418942996,0
True,1.55004244154941,0
True,2.30866901646026,0
True,1.22827614614496,0
True,1.50333814126018,0
True,2.34788176991405,0
True,1.94677047732934,0
True,1.44154483286154,0
True,1.34890472886641,0
True,1.71553149197131,0
True,1.35783949134609,0
True,1.41568088488902,0
True,2.44375854568877,0
True,1.80567925574133,0
True,1.4222377333268,0
True,1.64611615130432,0
True,1.44860379923398,0
True,1.05931119150091,0
True,1.61437893360154,0
True,1.79689060755178,0
True,3.94514232260169,0
True,1.43564693037473,0
True,1.77261772588506,0
True,0.992662331198821,0
True,0.981709597173546,0
True,1.11016558797203,0
True,0.722753271276863,0
True,2.09346027094767,0
True,1.06463955536157,0
True,1.41566830174169,0
True,1.84119390105456,0
True,0.924455347682553,0
True,3.44067346984491,0
True,2.81797027014764,0
True,1.29622284919866,0
True,1.31001780633172,0
True,1.03182482607953,0
True,1.28013102507963,0
True,1.38571151501659,0
True,1.45529897392558,0
True,1.42335474112069,0
True,1.98993500013223,0
True,2.76342549216925,0
True,3.58365310370174,0
True,4.00289505932534,0
True,2.60814695322459,0
True,1.55160833349515,0
True,1.93172842875104,0
True,2.0262158729476,0
True,3.28316393561171,0
True,2.74116564816427,0
True,0.918919187487656,0
True,1.28374460275284,0
True,1.45593500345904,0
True,2.84740868603916,0
True,1.39953665580752,0
True,2.87093880643454,0
True,3.26974987761169,0
True,1.77874219763443,0
True,2.03204572191046,0
True,2.49124203213981,0
True,1.64273419136332,0
True,2.64630681157473,0
True,1.794773400936,0
True,1.31700100327217,0
True,2.75788051444578,0
True,0.833438891042314,0
True,1.01050517673396,0
True,1.35805611637283,0
True,1.56138037532377,0
True,3.79689172360072,0
True,2.88746507205044,0
True,1.774724204604,0
True,2.39701500856731,0
True,2.745697850236,0
True,2.27347074370357,0
True,1.38911984677865,0
True,1.60882994954704,0
True,1.59675683658509,0
True,0.765971154437175,0
True,2.14372217761918,0
True,2.64729646672756,0
True,2.45740988703836,0
True,1.76383232876694,0
True,2.16163437532919,0
True,2.42359206168837,0
True,2.29199890299198,0
True,3.29216357396831,0
True,2.01147943575375,0
True,2.50517946921365,0
True,1.55574994849644,0
True,2.09959237177977,0
True,2.16752274175347,0
True,1.43259667034673,0
True,0.923786171188857,0
True,0.49267756438902,0
True,2.00675136040172,0
True,1.28177893746434,0
True,1.48749361257005,0
True,1.16317610954886,0
True,1.07404774033123,0
True,4.0030781214325,0
True,2.6328737938597,0
True,1.13775314711837,0
True,1.26610611879377,0
True,1.22778119977245,0
True,0.908529800559012,0
True,0.918334592516551,0
True,1.61819909826616,0
True,2.07563745802203,0
True,1.50640527373823,0
True,3.69518290287055,0
True,2.75727952694312,0
True,1.47597834573441,0
True,2.13107624366591,0
True,1.16019679538612,0
True,2.57979464039477,0
True,0.924399726304078,0
True,0.898451154902592,0
True,1.22449941279021,0
True,3.15607653859574,0
True,0.991679736145427,0
True,1.89029323655071,0
True,1.98529003757649,0
True,4.108612381515,0
True,4.13502956208452,0
True,0.965600712576927,0
True,2.33273585791892,0
True,0.870837379368292,0
True,2.25000911333967,0
True,2.10521316218971,0
True,2.94665558518671,0
True,1.86093857910183,0
True,2.17034614360535,0
True,1.24869376725743,0
True,0.698748664086841,0
True,0.630166214580642,0
True,0.884851643548344,0
True,1.79663621101301,0
True,1.92926066705557,0
True,1.45251507766101,0
True,2.26712860894576,0
True,3.50040675652374,0
True,2.14781722982322,0
True,3.17360687783154,0
True,0.804837083417698,0
True,1.11667130702129,0
True,2.01191704332234,0
True,1.46329483573272,0
True,2.03015628624304,0
True,1.50835593169047,0
True,1.40700687421239,0
True,1.14600630211906,0
True,1.59492794077339,0
True,1.35493430342872,0
True,2.62362667920178,0
True,1.80612889044278,0
True,1.28860384376153,0
True,2.23779162103931,0
True,2.20612946730445,0
True,1.04320524334013,0
True,0.980239512504532,0
True,2.75399148523661,0
True,1.62185432503697,0
True,1.64270247822735,0
True,2.48392809594972,0
True,3.76541953322712,0
True,3.02770078706121,0
True,0.952260370982715,0
True,1.35561083902688,0
True,1.45838727029098,0
True,1.99267035388838,0
True,2.37415842582248,0
True,2.998231924239,0
True,2.21976016917229,0
True,2.82144885082278,0
True,2.79228213818202,0
True,2.15718379979659,0
True,1.06229250909487,0
True,3.43771184880262,0
True,1.94475940648777,0
True,1.59780188758557,0
True,1.69974093752741,0
True,1.84002551092655,0
True,1.4555791520433,0
True,1.30833297156328,0
True,2.91242823136699,0
True,1.51644005938577,0
True,2.02398892447762,0
True,1.4124726522305,0
True,0.977566541299974,0
True,0.925874799348783,0
True,3.71138269014367,0
True,2.30085640713987,0
True,2.55726581771504,0
True,3.79891722767693,0
True,1.5742579122278,0
True,1.32326436853276,0
True,3.23176274877265,0
True,1.07775581186988,0
True,1.33989913944131,0
True,0.491972746184722,0
True,2.06316192655608,0
True,2.47015614339034,0
True,4.31064795309236,0
True,3.62750555151706,0
True,1.82758764051156,0
True,2.1680618419467,0
True,2.81312700390169,0
True,1.76704378053422,0
True,1.33420982095878,0
True,1.57412899323554,0
True,3.75367558535366,0
True,1.58860830876774,0
True,1.02974600712396,0
True,2.57989005064239,0
True,2.97909227123073,0
True,1.2310351805097,0
True,2.95294052154997,0
True,2.49483002026227,0
True,0.779580613195869,0
True,1.14155988093631,0
True,2.26533991822882,0
True,3.1947657603241,0
True,2.86609352386966,0
True,2.94219370278881,0
True,1.56030307858067,0
True,1.11177605710496,0
True,2.08930567307476,0
True,0.8796687059963,0
True,3.0776591599292,0
True,4.45097029406674,0
True,2.50843466277831,0
True,1.31496150441942,0
True,3.30413689459819,0
True,2.80226875776143,0
True,2.31093344893759,0
True,1.15943726654703,0
True,1.29990984267075,0
True,1.42031529362625,0
True,3.92516137168066,0
True,1.84445767972217,0
True,1.46476346285591,0
True,1.98375866512359,0
True,1.52099739649818,0
True,2.51116740264418,0
True,1.65927904506792,0
True,2.06241653715135,0
True,2.95278642198686,0
True,2.65640059930012,0
True,1.37276511322158,0
True,1.18771642907162,0
True,1.71995051128111,0
True,3.471644856004,0
True,1.97816291123454,0
True,0.812347074047251,0
True,1.0110745133181,0
True,1.61303930912669,0
True,3.75184275405309,0
True,1.59472287718057,0
True,0.804661442729285,0
True,1.47359703446457,0
True,1.71620562546713,0
True,3.32375150274969,0
True,3.42504506789659,0
True,1.64466858434326,0
True,3.38276649317696,0
True,0.978239425917539,0
True,1.85197422679456,0
True,1.53106511263152,0
True,2.58001702696649,0
True,1.48350249466819,0
True,1.66611924574746,0
True,2.07562410111722,0
True,2.79064756185966,0
True,1.06192219996837,0
True,2.06603791328319,0
True,0.752335661533711,0
True,2.36788391051433,0
True,1.60574025905458,0
True,0.815042314809804,0
True,1.40951839559606,0
True,1.08612080566687,0
True,3.62323528884434,0
True,1.25510140297524,0
True,1.60922657170348,0
True,1.57822153464283,0
True,1.56238079135974,0
True,2.24175303738284,0
True,1.78212218920038,0
True,2.11932222247057,0
True,1.86748118730364,0
True,0.869379099971872,0
False,3.51109837026869,0.00013102286623961
True,1.18692128017023,0
False,2.07561966123816,0.000494333474022856
True,1.11810430992414,0
True,0.973216919791671,0
True,1.64530593042413,0
True,2.94979500441177,0
True,2.85342704020257,0
True,0.876249075877695,0
True,2.11042132625927,0