Success,Time,Fitness
True,2.37761750744949,0
True,2.02060441936719,0
True,2.53828464496793,0
True,2.64106874396479,0
True,1.52910317657862,0
True,1.20726417350635,0
True,2.00472908207027,0
True,1.87538259336711,0
True,1.2580081730838,0
True,1.16586456049482,0
True,0.606818994630996,0
True,3.05393270828394,0
True,0.995064908448576,0
True,0.889663724295828,0
True,1.92707079355082,0
True,1.16711054091885,0
True,1.63622508015097,0
True,2.5503229143829,0
True,1.70307896849254,0
True,1.98435735991866,0
True,2.71599477239331,0
True,1.86026092667605,0
True,1.34163551007601,0
True,1.48705757172104,0
True,1.80248986743996,0
True,1.70358799014673,0
True,2.54492698807191,0
True,1.07355931490129,0
True,1.49563770480891,0
True,1.93544935361783,0
True,4.01570787988823,0
True,2.35958499579079,0
True,2.90693311251903,0
True,1.41506293342599,0
True,0.778265798428306,0
True,1.07407444239858,0
True,2.18809637340697,0
True,1.21879112204839,0
True,1.11064704904567,0
True,1.84611167677405,0
True,0.980264211822748,0
True,1.53932774225894,0
True,1.64445190602113,0
True,0.976573382664793,0
True,1.09576260375776,0
True,3.18800026389923,0
True,1.82982297960496,0
True,1.57542184815972,0
True,1.03648894431818,0
True,1.30745205618653,0
True,0.665213562630963,0
True,1.93825071862058,0
True,2.57249653874846,0
True,1.48176203379394,0
True,1.74999422285874,0
True,2.1010148039692,0
True,2.3494948565749,0
True,1.9307720377012,0
True,0.711714808334799,0
True,1.92602248812267,0
True,4.00520233847267,0
True,0.813461206034585,0
True,1.1005101049652,0
True,1.53681640419926,0
True,1.43411881669558,0
True,4.00449758987151,0
True,2.32891786335393,0
True,1.02534625636959,0
True,1.59265427719697,0
True,1.24297087962023,0
True,1.17941613765911,0
True,2.18344880838905,0
True,2.26626517147397,0
True,4.58065292885706,0
True,2.5318186236056,0
True,1.24821989702671,0
True,2.95815289387048,0
True,2.25867503014829,0
True,1.45010890531454,0
True,2.28489779461363,0
True,1.67018979083799,0
True,1.75537755072491,0
True,3.19908498134195,0
True,1.4260802915669,0
True,1.9420984265465,0
True,1.36280269303514,0
True,3.95469783507321,0
True,2.41373547897675,0
True,2.08721620358862,0
True,1.33003029805317,0
True,3.12690582867638,0
True,1.84680051522149,0
True,2.62862338449025,0
True,1.67757337649052,0
True,1.18388192820543,0
True,1.15399862470293,0
True,1.08489558878621,0
True,3.16536249695651,0
True,4.52382122614993,0
True,2.65305394239993,0
True,1.54483533469786,0
True,1.65324304201705,0
True,3.28768128333672,0
True,3.34416002213675,0
True,1.43145028035548,0
True,1.87592725835652,0
True,1.68160172346738,0
True,2.08253807888732,0
True,0.976430860950724,0
True,3.2089266515863,0
True,2.20812599396519,0
True,1.82355833645331,0
True,0.996519352669314,0
True,1.50193790861479,0
True,2.14697646638812,0
True,2.06166789913252,0
True,2.22092094359132,0
True,2.05348966112491,0
True,3.17081440992024,0
True,1.81613811074443,0
True,3.06844874452568,0
True,3.39196171277207,0
True,2.68180920653944,0
True,1.01002323109853,0
True,0.916561695256725,0
True,3.44152141562701,0
True,2.04810124636886,0
True,1.61959739983889,0
True,1.91202305013499,0
True,1.69942070420624,0
True,1.81942110576104,0
True,0.809804949114585,0
True,2.10394157027262,0
True,2.06678005563015,0
True,1.98635514496638,0
True,1.61282280311445,0
True,1.67430388110856,0
True,1.87488993405007,0
True,2.03516139266546,0
True,1.04571396389545,0
True,3.05843570157805,0
True,1.83060268003761,0
True,1.5587819370538,0
True,1.10618361493151,0
True,1.01562375470927,0
True,2.94121674161078,0
True,1.33887211015677,0
True,1.34361490341572,0
True,2.41770408731861,0
True,3.5304067943302,0
True,2.2066496016366,0
True,1.80568257727639,0
True,0.971953433751916,0
True,1.7357224743561,0
True,2.1022420518666,0
True,2.33693453496126,0
True,2.09191394289706,0
True,4.32546122765695,0
True,1.58188449636772,0
True,0.994159995410911,0
True,1.73175236866899,0
True,1.32498058274632,0
True,1.06076929304984,0
True,1.54383776043688,0
True,1.22248060824903,0
True,3.33871679957672,0
True,2.94884162926532,0
True,1.09736244705216,0
True,3.33013568873998,0
True,2.54937907968331,0
True,1.9544138022791,0
True,1.70372033186038,0
True,1.43586986105456,0
True,2.86794768866816,0
True,4.00863940814705,0
True,0.811132589548924,0
True,0.953926842177256,0
True,1.51926822981597,0
True,2.23184542730231,0
True,0.681727449103924,0
True,2.54334439478657,0
True,1.79691926521664,0
True,2.29296352806173,0
True,1.09467078841022,0
True,1.84535271288824,0
True,1.25689818784467,0
True,2.38953950799438,0
True,2.0664522369336,0
True,2.65245958097674,0
True,2.06193809179231,0
True,1.3176408583975,0
True,3.19774635492744,0
True,1.68434563388272,0
True,2.56615804239723,0
True,1.44690802153918,0
True,2.54452359721343,0
True,2.41406925611308,0
True,1.7096955536658,0
True,0.885052934797918,0
True,0.99715377233767,0
True,1.33176058203263,0
True,1.09583588102198,0
True,2.23763091823923,0
True,1.54042392785656,0
True,1.17722267606831,0
True,1.51801354395013,0
True,2.05270377958733,0
True,0.94716509028564,0
True,1.19108143182607,0
True,3.15460566268141,0
True,1.89341044328972,0
True,1.32908511944378,0
True,1.8178796731615,0
True,1.99453003467344,0
True,1.99833162752547,0
True,2.30279687781715,0
True,1.9501150356814,0
True,1.53907307979062,0
True,1.93634004104646,0
True,3.79408624634804,0
True,1.38307777883387,0
True,0.815669898370751,0
True,1.74259860406603,0
True,1.39172331916878,0
True,1.03301674484402,0
True,1.49681558252894,0
True,1.54160666469609,0
True,1.1135537197454,0
True,1.79367212431679,0
True,2.49168925816016,0
True,2.50433992271769,0
True,2.23226256140023,0
True,2.35956287166371,0
True,0.978087119526455,0
True,1.53856966480613,0
True,1.42655351370577,0
True,0.808783859931961,0
True,0.934850262419121,0
True,1.36893181795883,0
True,2.28079290143165,0
True,2.39289596945805,0
True,1.58778851121889,0
True,0.639824682642584,0
True,1.55155031871944,0
True,2.27900049960623,0
True,2.22615684503919,0
True,1.59211027336449,0
True,2.20469595437289,0
True,3.4426896455809,0
True,0.692896142095178,0
True,3.93164672638733,0
True,3.66021976981861,0
True,3.20370136077672,0
True,3.28765174709713,0
True,0.997786620713025,0
True,1.25623483343977,0
True,0.869651658955248,0
True,3.85285122364535,0
True,1.31350577166712,0
True,2.54479660518438,0
True,1.43438226532935,0
True,2.97837737650017,0
True,1.75135760620487,0
True,1.56450394068806,0
True,1.13674856051884,0
True,1.07294479800731,0
True,2.00242779177215,0
True,2.27522327034416,0
True,1.34071636057122,0
True,1.33088093600955,0
True,1.05670394397163,0
True,0.832240709168732,0
False,0,8.17745442157166E-05
True,0.666337124063188,0
True,3.04798960312984,0
True,3.1801809833192,0
True,1.05091619857392,0
True,3.456882346097,0
True,2.13936232061669,0
True,2.11643949678601,0
True,1.11251630502034,0
True,1.72130642398106,0
True,0.985579816498728,0
True,1.31923633528975,0
True,1.65002685474078,0
True,3.11580791679651,0
True,1.03761810058413,0
True,1.20539922921126,0
True,2.09443922011946,0
True,3.97147166433256,0
True,4.00197903271757,0
True,2.36804048948459,0
True,1.88583966976786,0
True,2.52526714607528,0
True,2.29924805544796,0
True,2.2210530807191,0
True,1.12000718503694,0
True,1.73183850674544,0
True,1.6534895975745,0
True,3.07888775640259,0
True,0.853627450843196,0
True,4.0248155892445,0
True,4.40379998831532,0
True,1.99172286593607,0
True,2.49091050779093,0
True,2.44644486668961,0
True,3.53601113786029,0
True,0.921303718539586,0
True,1.55213825901131,0
True,1.26805233515015,0
True,0.963533968205787,0
True,1.46643366666454,0
True,1.02687799069836,0
True,1.10220302352401,0
True,2.59615674104353,0
True,1.45665904691659,0
True,1.34911258162867,0
True,0.896374148844285,0
True,1.31799119924181,0
True,1.45167322730038,0
True,1.09486708376829,0
True,1.97709174031336,0
True,2.13641777022254,0
True,2.14752885402531,0
True,2.14272379266995,0
True,1.36292073689871,0
True,1.74499994286103,0
True,2.29096886101411,0
True,1.86249570847928,0
True,4.02678313148593,0
True,3.96988099392094,0
True,1.92021439837761,0
True,2.5207692684472,0
True,3.18677805342021,0
True,1.69410897684846,0
True,2.06376607984515,0
True,3.58453316932049,0
True,2.6517267162755,0
True,1.91042796648067,0
True,1.29329551851326,0
True,2.19561155108608,0
True,1.90178792572932,0
True,2.33593573239524,0
True,2.46043544555799,0
True,1.53664052558282,0
True,2.447687220906,0
True,2.03455854973855,0
True,1.0163284976078,0
True,2.7481535965106,0
True,2.88428042507953,0
True,2.06430931018978,0
True,1.07215486183669,0
True,2.19953226014378,0
True,3.11362546810173,0
True,2.05057619149478,0
True,1.07369118661893,0
True,1.11407908233764,0
True,2.13691981235541,0
True,0.596648249669449,0
True,1.31433444429522,0
True,0.897606921964989,0
True,1.47893185259091,0
True,2.27122756985586,0
True,2.26420754274535,0
True,1.43566023299656,0
True,1.73713598152815,0
True,1.82862958078844,0
True,1.71885870463202,0
True,1.67490287014924,0
True,2.61203163013012,0
True,2.48223705000575,0
True,1.64784921964254,0
True,3.39334875002233,0
True,1.96285394049348,0
True,1.90477904616234,0
True,2.70645402233951,0
True,0.889206920181177,0
True,1.27408777789054,0
True,0.917828962319249,0
True,1.30819116934773,0
True,1.5860639226839,0
True,2.11273377238035,0
True,2.01285317958142,0
True,0.62699641491527,0
True,0.978221432225013,0
True,0.576130105237784,0
True,2.10403276977806,0
True,1.38995889128915,0
True,1.6615006015466,0
True,1.07597336278528,0
True,1.90768213757721,0
True,3.79657238664416,0
True,1.40285552318954,0
True,0.960749365159603,0
True,2.06031026857369,0
True,1.09625180820144,0
True,1.95316517115973,0
True,1.79669682591756,0
True,1.26349836634211,0
True,1.65841570487219,0
True,1.93100058349272,0
True,1.72525056679009,0
True,2.39953389196757,0
True,1.69184556160163,0
True,1.69535699510251,0
True,2.91598940476275,0
True,1.00730945301619,0
True,2.66274505983154,0
True,1.8049236563503,0
True,3.47175810317065,0
True,2.62773231409732,0
True,1.52572965251995,0
True,1.3656159583551,0
True,1.38721409959971,0
True,0.763255139861431,0
True,1.61176331580745,0
True,1.62911024317685,0
True,1.67140018754354,0
True,0.758009475753386,0
True,2.72284627494184,0
True,1.18894706149367,0
True,1.08040459475909,0
True,1.11550402272504,0
True,1.48066934070205,0
True,3.76993742176288,0
True,3.02583936528815,0
True,2.27748197206678,0
True,2.12735178906632,0
True,1.90268896948237,0
True,2.6853738020827,0
True,1.98068655350571,0
True,2.13368317382652,0
True,1.62555981912226,0
True,0.964410563957549,0
True,1.46915379291092,0
True,3.46952011556025,0
True,3.53423323695293,0
True,2.82319697923709,0
True,2.26651878660614,0
True,1.2926304583565,0
True,1.68236156409929,0
True,1.61420622456549,0
True,0.955059808100776,0
True,1.09425633643418,0
True,2.25190085990543,0
True,1.38251176373122,0
True,0.912953995555295,0
True,2.42059613380225,0
True,1.60649920794811,0
True,1.83459051311518,0
True,2.68326731169222,0
True,1.27555848642841,0
True,1.79522650524862,0
True,1.25447899023593,0
True,1.05391709977083,0
True,1.1656313106212,0
True,2.01292253434622,0
True,2.42219098002662,0
True,2.22154002598108,0
True,0.685384709051679,0
True,2.37984876436961,0
True,1.79454014103264,0
True,2.37691010184547,0
True,1.62466983612489,0
True,2.01941586572523,0
True,2.30830326461153,0
True,1.14347907897811,0
True,3.81641744656226,0
True,1.10545161884623,0
True,1.45409181342656,0
True,1.46742914513296,0
True,2.21795734964651,0
True,1.23791221256948,0
True,2.86035158121922,0
True,3.98516724083554,0
True,0.96134038099575,0
True,0.79965974898342,0
True,2.80145768753733,0
True,1.62732237535,0
True,1.1786914405582,0
True,1.67944107067581,0
True,1.75925583614831,0
True,1.01138931915833,0
True,2.34591398874404,0
True,1.50365958727846,0
True,3.27357364176591,0
True,0.510331407757521,0
True,2.2523525733766,0
True,2.14088970563247,0
True,2.12381056816466,0
True,1.1210388859697,0
True,1.56530636941726,0
True,2.0523354645475,0
True,3.46243908382321,0
True,1.98665551104489,0
True,1.63477936067379,0
True,1.04596184498243,0
True,1.95029081066289,0
True,2.36443226594666,0
True,1.00072474901841,0
True,1.06511078983629,0
True,0.703775759459486,0
True,1.31466663625821,0
True,1.44621212629641,0
True,1.35801088966468,0
True,2.02437815318323,0
True,1.08668723042567,0
True,2.26820141233625,0
True,0.523822389241314,0
True,3.00595736318554,0
True,2.3152369403514,0
True,1.57781517953262,0
True,3.71782310491485,0
True,2.08229961521698,0
True,3.22857319260032,0
True,2.56949928721511,0
True,0.96242422557189,0
True,2.72897808720352,0
True,2.06684951540401,0
True,1.067210389026,0
True,0.748144805793575,0
True,2.36002034099815,0
True,1.45018115584375,0
True,1.04560096463385,0
True,1.31152443179647,0
True,2.4371385110973,0
True,2.02967628475142,0
True,1.8266656885634,0
True,2.30318976089813,0
True,2.10340772149404,0
True,1.6067755428157,0
True,1.51055917497731,0
True,1.3855157370609,0
True,0.946043142338743,0
True,1.34145660867453,0
True,1.21537950600708,0
True,1.10440954163615,0
True,1.24088974423128,0
True,2.36852086816311,0
True,2.4167319586001,0
True,0.929598237255456,0
True,1.16071427000854,0
True,2.16394339542945,0
True,2.65139927676022,0
True,2.5708378249742,0
True,2.20761921287249,0
True,1.49534632761287,0
True,2.95879548027477,0
True,1.92277836073877,0
True,2.87463800518056,0
True,3.02459152753025,0
True,1.09293612941914,0
True,1.82825173449878,0
True,2.03312901341258,0
True,1.97034952574018,0
True,1.0949146825009,0
True,1.04892581866442,0
True,1.85408809819966,0
True,2.4229356381848,0
True,1.78518718317753,0
True,1.23770835558973,0
True,1.03363245792278,0
True,2.91295610528115,0
True,2.38299817782311,0
True,1.67591707352689,0
True,2.06076787704383,0
True,1.53057421078666,0
True,3.80695061183901,0
True,1.25273003185453,0
True,1.01952048298186,0
True,0.552535369221781,0
True,1.05164866122852,0
True,0.878677568428041,0
True,0.675981834421316,0
True,0.970209602383688,0
True,1.33819352885826,0
True,1.17270897443479,0
True,1.76392687919409,0
True,1.15839311199547,0
True,1.5268053468641,0
True,1.03503743099824,0
True,1.1315702353188,0
True,1.36495420449596,0
True,0.889582112212367,0
True,2.52285279541322,0
True,1.21216991019444,0
True,2.47215968576956,0
True,1.64145844605739,0
True,2.39246122441762,0
True,1.92285992567278,0
True,1.36165649777265,0
True,0.928525522777136,0
True,3.11090271522028,0
True,0.979460957611724,0
True,2.44286463922086,0
True,2.18317897215784,0
True,0.894348437170645,0
True,3.10678453439722,0
True,1.51069457927709,0
True,1.98229051420428,0
True,1.43218490956497,0
True,1.68606388016351,0
True,1.99366568760462,0
True,2.21311829653683,0
True,1.98035445002126,0
True,1.05696811539258,0
True,2.07349627583734,0
True,2.89680696203142,0
True,2.10871314623316,0
True,1.35162435671729,0
True,2.04547932878327,0
True,2.38336908587019,0
True,1.7593852878069,0
True,3.35812228018234,0
True,1.94707619800498,0
True,1.86063464285591,0
True,1.7711225127156,0
True,1.4582849357031,0
True,2.49840143683851,0
True,2.02860290552922,0
True,1.87781652705512,0
True,1.95199602313911,0
True,2.47525851890622,0
True,1.50212421018141,0
True,2.32493992201735,0
True,4.15088598425117,0
True,1.39814310379697,0
True,1.72927571826675,0
True,2.21381918590158,0
True,2.71958325804463,0
True,1.23910177757728,0
True,2.32454949442124,0
True,2.16584987448372,0
True,1.95969176272096,0
True,1.31187035265067,0
True,3.77156038467307,0
True,1.74724647439318,0
True,1.12767271253099,0
True,2.22036419705779,0
True,2.37540008251128,0
True,0.963744743730406,0
True,1.5238558563858,0
True,1.41774484834707,0
True,1.15240445233918,0
True,1.82702821118206,0
True,1.12775954596555,0
True,2.82758682545117,0
True,0.60424041678243,0
True,1.79338916807751,0
True,3.25628940168483,0
True,3.11104341430511,0
True,2.42042381484252,0
True,1.39534640007438,0
True,2.44648120017032,0
True,2.03172440859901,0
True,1.75610898570312,0
True,1.19265164048034,0
True,1.38355178797986,0
True,2.56825252391051,0
True,4.71266083828712,0
True,2.59381157920326,0
True,2.06704437821566,0
True,1.85168752094075,0
True,1.38295487551093,0
True,0.843016815153397,0
True,1.21002799047557,0
True,1.15921350247939,0
True,1.30602302934221,0
True,1.22062400063158,0
True,2.01486952079384,0
True,1.71971332595639,0
True,4.10182888463263,0
True,0.935900134936818,0
True,1.11746074335038,0
True,1.74072684916651,0
True,1.82022304999955,0
True,1.90530938643039,0
True,0.839311812670727,0
True,1.79677863527455,0
True,1.75078961831513,0
True,1.2767086436552,0
True,1.0795947711905,0
True,1.09996031834806,0
True,1.72193191981395,0
True,1.37431980868166,0
True,3.39504310371786,0
True,1.64027331617465,0
True,2.04064683048093,0
True,1.69382863873321,0
True,2.36221410525327,0
True,2.41841613536375,0
True,2.17939435284575,0
True,1.00237266719085,0
True,1.33812874787723,0
True,1.15477243936923,0
True,0.826995817523053,0
True,1.16879166905234,0
True,1.91767234225767,0
True,1.09708786480402,0
True,2.06066400523387,0
True,0.903177249358296,0
True,0.753429573490216,0
True,0.956419298303368,0
True,0.754917492121496,0
True,1.74447113569043,0
True,1.66909395077671,0
True,1.39584288390658,0
True,2.17423689847158,0
True,1.30916262745516,0
True,1.42704983591128,0
True,0.80929740049459,0
True,1.64923969683418,0
True,3.55842450722914,0
True,1.49826802449267,0
True,1.24984398584502,0
True,2.2033985381699,0
True,2.58150635671795,0
True,0.951689881362773,0
True,1.89477130265247,0
True,1.95109078543083,0
True,1.72957412109073,0
True,1.28311211425224,0
True,0.636070124939893,0
True,1.08505737826783,0
True,1.96349921491541,0
True,1.46058009956121,0
True,1.12994079218408,0
True,2.0575197671735,0
True,2.63437524185011,0
True,3.02362472632934,0
True,0.804674790894632,0
True,2.03141872911501,0
True,3.61128050828132,0
True,3.25721077007981,0
True,1.42369864130457,0
True,1.83420888607886,0
True,1.17545234993515,0
True,1.3775608005734,0
True,1.17553966796643,0
True,4.17406935732561,0
True,2.58144882589017,0
True,3.19720858712434,0
True,4.32572167189917,0
True,1.12752659453551,0
True,0.821551129518436,0
True,1.41196265118175,0
True,3.80160477564158,0
True,0.609202154014541,0
True,2.38901958026252,0
True,3.51364156947014,0
True,2.50079453055464,0
True,4.16756542220078,0
True,2.13360147029475,0
True,2.68016975710596,0
True,0.945684194551402,0
True,1.90759640881267,0
True,1.42786764131737,0
True,2.8465441696699,0
True,1.06980177032773,0
True,1.96611695836946,0
True,1.67560429616773,0
True,2.30608948135087,0
True,2.0477005043416,0
True,2.10382816178273,0
True,2.78699575232382,0
True,1.37607511041575,0
True,2.72090098298246,0
True,3.35268017311111,0
True,3.66765586057711,0
True,2.19169574124589,0
True,1.86518399903836,0
True,1.57435030682995,0
True,1.06773817966128,0
True,2.99612138188017,0
True,3.80043866722297,0
True,2.91928595447985,0
True,1.82670006280041,0
True,0.609684205055165,0
True,2.43940810532782,0
True,1.73995366201776,0
True,0.629073877861998,0
True,3.25046979370019,0
True,1.52433286238699,0
True,2.09909533268323,0
True,1.30182768071204,0
True,2.53279520574946,0
True,2.06014854689551,0
True,1.47502505981129,0
True,0.906457515431949,0
True,3.06793197075826,0
True,3.69648998389249,0
True,2.12720327626036,0
True,1.77983099717048,0
True,1.27160362656153,0
True,1.41887734217668,0
True,1.88097553938215,0
True,0.798911327114174,0
True,1.66428508356569,0
True,1.59789180670065,0
True,3.85129703023763,0
True,3.1142170745027,0
True,2.7146561211732,0
True,0.958264529337978,0
True,1.69703325924606,0
True,2.9446941589851,0
True,2.30021629684159,0
True,3.21319557520428,0
True,0.917623822961265,0
True,1.88218415443683,0
True,2.55092891848974,0
True,1.0914244561158,0
True,1.45937135445045,0
True,1.01644021410987,0
True,2.08262349717372,0
True,2.03071807797323,0
True,1.89596731040869,0
True,1.59297589334976,0
True,2.78696989850721,0
True,2.33141014112457,0
True,3.0575693944728,0
True,1.41442299986027,0
True,2.00958278785538,0
True,2.38560770648355,0
True,1.41917697990864,0
True,2.96451180913837,0
True,2.52306830168065,0
True,1.63570869834663,0
True,1.99778834367334,0
True,1.39423071202078,0
True,1.45512296883647,0
True,2.33298265012828,0
True,2.36675844428678,0
True,2.08869690686065,0
True,0.699698097192801,0
True,1.03521548937257,0
True,2.06165546752742,0
True,2.2381477529728,0
True,0.727266462704386,0
True,2.55959396762556,0
True,1.57775053074026,0
True,1.38374562253081,0
True,3.12471204896561,0
True,1.15604362350457,0
True,1.86148725555319,0
True,1.97089880102741,0
True,2.96388625089764,0
True,2.6067252854197,0
True,2.7359771584797,0
True,2.88633176771255,0
True,2.7625288458281,0
True,1.36264723237978,0
True,2.45235006656917,0
True,0.691026215675872,0
True,3.11962416587618,0
True,2.37865934547581,0
True,2.77621805816285,0
True,1.20602204845336,0
True,1.61587113387472,0
True,4.17722699944759,0
True,2.29201259394078,0
True,3.49605467434646,0
True,1.48128163113646,0
True,1.57273583507965,0
True,2.70126274940539,0
True,1.20931146778802,0
True,1.10518021566116,0
True,1.44120033720431,0
True,1.36802242067282,0
True,2.90793382030357,0
True,2.60400350840809,0
True,2.63872635477758,0
True,3.16313876482719,0
True,2.35182994851829,0
True,2.05275580956756,0
True,2.05384872036505,0
True,1.28027495409907,0
True,2.92847482530717,0
True,1.40550059459961,0
True,2.12594279449622,0
True,1.78244157656304,0
True,2.72321055729207,0
True,1.50377280852759,0
True,1.14110090555288,0
True,1.07119814525043,0
True,1.0593204776831,0
True,1.84510987732133,0
True,1.88352900849788,0
True,1.2441448734544,0
True,1.3171042841413,0
True,1.90636914631159,0
True,1.77838581054712,0
True,2.48228473179575,0
True,1.87465680567052,0
True,3.03027189001293,0
True,3.26298612515738,0
True,1.24295716317725,0
True,2.55538145646979,0
True,2.37468076423378,0
True,3.78777279038299,0
True,2.02525635642029,0
True,0.848206772895045,0
True,0.858371835296338,0
True,1.26011009373727,0
True,2.63734482470999,0
True,2.37206474665621,0
True,2.74877995215114,0
True,1.04027513134447,0
True,1.25038413841354,0
True,2.53539571860113,0
True,1.88126426969261,0
True,1.67552614557978,0
True,4.46258075336381,0
True,1.14294924393334,0
True,2.0271214494669,0
True,2.56219051359791,0
True,2.23268015214455,0
True,1.74210629162196,0
True,1.66846021686928,0
True,1.31151077625238,0
True,3.36565327962358,0
True,2.65411103659004,0
True,2.28589032557078,0
True,1.99793255329645,0
True,1.66295947805225,0
True,2.86311978796836,0
True,1.03659664089723,0
True,2.39134988710992,0
True,2.59418570308322,0
True,3.07963626994873,0
True,1.35528374293384,0
True,0.76668104163911,0
True,0.993483373865032,0
True,2.88996157346291,0
True,2.07925531198926,0
True,1.77877213664361,0
True,1.73282968146482,0
True,2.14011502158746,0
True,1.20679552044731,0
True,1.04790742817575,0
True,1.41931891998334,0
True,1.379169286285,0
True,1.20898662009321,0
True,1.44994478991331,0
True,1.05609702422117,0
True,1.01909211269135,0
True,1.82966134762083,0
True,3.54913125017247,0
True,2.59140411698349,0
True,3.16136269319398,0
True,1.50227698108049,0
True,2.81135337736656,0
True,2.36090412354233,0
True,3.30876444398918,0
True,1.25635268115125,0
True,1.94671341391919,0
True,1.05481600457651,0
True,1.73241030624228,0
True,1.68940501158802,0
True,2.61199035386195,0
True,2.32007321607715,0
True,2.26675671721063,0
True,1.42880993936684,0
True,1.28499897729307,0
True,2.75722678460093,0
True,2.27381333973419,0
True,4.50096229013608,0
True,2.21312742264882,0
True,1.18440747265019,0
True,2.47087404575162,0
True,0.96306554193512,0
True,2.99405053315991,0
True,1.83508047430215,0
True,3.78200717746977,0
True,1.87043886408023,0
True,3.35260134236029,0
True,1.10467827255064,0
True,1.72772562658358,0
True,1.72838886822402,0
True,2.31938981871865,0
True,2.72184423331214,0
True,2.33079596397919,0
True,3.11585858084008,0
True,1.43917760306128,0
True,1.43354620132721,0
True,1.6863393326094,0
True,1.23111557836905,0
True,1.48382168924684,0
True,1.07028447822283,0
True,1.97393867162024,0
True,2.92811128224255,0
True,3.4328356684415,0
True,2.96008570221087,0
True,2.33419301061914,0
True,3.16300056916162,0
True,2.66785035940027,0
True,2.6319024623803,0
True,1.9532416052557,0
True,1.59137281153224,0
True,2.75082333082112,0
True,1.97392543219019,0
True,0.985930601615339,0
True,2.49219428619073,0
True,0.906009157681096,0
True,3.59020027951692,0
True,1.72611127416729,0
True,1.9603633316305,0
True,1.26780580992503,0
True,1.29410122234361,0
True,1.86579828539851,0
True,3.09987372624641,0
True,3.33572780887193,0
True,2.82533865317339,0
True,2.09722346635053,0
True,1.80355070683164,0
True,2.72986064658454,0
True,1.38905873425244,0
True,1.10289784420681,0
True,1.13316651302291,0
True,1.76009455798364,0
True,1.94776831114017,0
True,1.68896194406469,0
True,1.75260867613807,0
True,1.25312776721925,0
True,1.53144164263639,0
True,2.25470478932438,0
True,1.47753279447874,0
True,2.38938408702895,0
True,0.862208678250688,0
True,2.18072576205975,0
True,1.72432840044925,0
True,1.15742640231454,0
True,1.5227623337855,0
True,2.0292093631913,0
True,1.31580548073609,0
True,0.722851159377874,0
True,4.28731669238141,0
True,2.37428176979077,0
True,2.23819056174085,0
True,1.9891663965578,0
True,1.38541632438691,0
True,1.02333467442619,0
True,0.632972578569414,0
True,1.26425985439376,0
True,1.28837791019219,0
True,2.82460353408803,0
True,1.3398033312886,0
True,3.35092318814748,0
True,1.01338800713852,0
True,1.43638082422944,0
True,2.24115691440553,0
True,1.73187211763307,0
True,1.24635840274161,0
True,1.74778657129675,0
True,3.71816460005059,0
True,1.58027269267723,0
True,2.82941034230889,0
True,2.11496948895105,0
True,2.62878721926625,0
True,1.25487737707435,0
True,2.61819616804418,0
True,1.79865002925955,0
True,1.85741938290528,0
True,2.47889374300129,0
True,1.76524599557291,0
True,2.43919873755069,0
True,0.868827688773471,0
True,2.82475061973438,0
True,1.17369372160629,0
True,1.57813186538104,0
True,2.03273880258215,0
True,2.62811040658166,0
True,2.03326781011161,0
True,1.61267622228983,0
True,2.1087759010145,0
True,1.48461273543866,0
True,1.34702208243157,0
True,1.50740590821916,0
True,2.29674113041551,0
True,4.02746252092241,0
True,1.19514139601533,0
True,3.41540440699765,0
True,2.47478162122362,0
True,3.14842836672149,0
True,1.00594223661635,0
True,3.1931171892243,0
True,1.0447317405605,0
True,1.4418584384799,0
True,1.16027550012484,0
True,0.844410595453555,0
True,1.19650688148528,0
True,1.04496432573172,0
True,1.67624802051732,0
True,1.83269467810494,0
True,0.863262246837876,0
True,0.937872797267856,0
True,0.74903398816276,0
True,1.54388142070406,0
True,4.42762968543294,0
True,3.05116674526312,0
True,2.25779935233823,0
True,2.53535316039638,0
True,1.02715993268689,0
True,1.88747144596671,0
True,1.17200908604187,0
True,1.0887532226833,0
True,1.59018736641612,0
True,2.3840165332504,0
True,1.94244659242741,0
True,1.1874126062247,0
True,1.73807309172439,0
True,2.75966556638186,0
True,3.19764315025418,0
True,1.89224594120418,0
True,1.50413949429756,0
True,1.13421932956874,0
True,2.38491967757824,0
True,3.2458361315294,0
True,1.4173453403123,0
True,1.7586026571604,0
True,3.28123594683589,0
True,1.62923092301652,0
True,2.64581810331909,0
True,1.57447396355749,0
True,1.35623922882132,0
True,4.21981313212062,0
True,1.21193376378158,0
True,1.19301413089856,0
True,3.46030564809856,0
True,1.15685950365292,0
True,3.94560783624385,0
True,1.16016946291134,0
True,3.78358400101443,0
True,2.85729081381208,0
True,2.40085732738192,0
True,1.66476386635857,0
True,1.3635456705383,0
True,1.87203352827219,0
True,1.86335897538728,0
True,1.50461723504822,0
True,1.25732288157487,0
True,1.32742740053339,0
True,1.15727424562225,0
True,3.06258107678314,0
True,0.79469490988011,0
True,2.40768296555729,0
True,2.63308232634669,0
True,0.852861798928272,0
True,2.43214281915187,0
True,1.81589731198079,0
True,2.180355878681,0
True,1.26078240802972,0
True,1.66793887353019,0
True,1.3136287014122,0
True,1.02205882062929,0
True,1.44645593982569,0
True,1.47166515449243,0
True,1.76814992344398,0
True,0.755177498052368,0
True,2.45209241542775,0
True,1.07835031300485,0
True,1.62370651810974,0
True,1.44224539955677,0
True,2.28175119036499,0
True,1.64863754841056,0
True,1.1029852345398,0
True,2.4087013817293,0
True,1.89195489238528,0
True,1.54413941032762,0
True,1.16668957493044,0
True,1.55510300463259,0
True,3.46107766083746,0
True,2.77152633540725,0
True,0.868528168086865,0
True,2.17071641356565,0
True,2.66950065414614,0
True,1.43968641913212,0
True,2.13543904686619,0
True,3.3736140667238,0
True,2.62532805116419,0
True,1.07457640758501,0
True,1.79673035015013,0
True,1.73524887181792,0
True,1.07599873637794,0
True,1.31075350114989,0
True,1.20576553579465,0
True,1.91568066841064,0
True,3.59289768744151,0
True,1.7957278686917,0
True,1.65098236657383,0
True,1.45627022265001,0
True,1.91395685509922,0
True,1.46274347568735,0
True,1.56278381734378,0
True,1.08106034782882,0
True,0.999325655745252,0
True,1.6703003172687,0
True,1.13542657560886,0
True,1.44899200545068,0
True,2.36053611845511,0
True,0.829024843527146,0
True,1.07900788922958,0
True,0.985408268047666,0
True,2.63289391753354,0
True,2.35397068713313,0
True,2.22040012682217,0
True,2.48765633434409,0
True,2.37937558824156,0
True,1.82834711078097,0
True,3.08800690212438,0
True,2.4442924206542,0
True,1.65439516449873,0
True,0.635268803251196,0
True,1.93074157030456,0
True,1.67170784190642,0
True,2.1559366560978,0
True,1.07019270851493,0
True,1.839688919162,0
True,1.57401916502398,0
True,1.66258082132483,0
True,2.09690464195528,0
True,3.29068497200055,0
True,2.77192962790214,0
True,1.68790043507795,0
True,1.89786832931186,0
True,0.907521386260601,0
True,1.2649556101337,0
True,2.56555612408328,0
True,2.31793286210601,0
True,1.59709605719088,0
True,3.33906786808516,0
True,1.50029892629047,0
True,1.03525724623561,0
True,1.832370786041,0
True,2.32198508037209,0
True,1.78839706147595,0
True,1.81856594521795,0
True,3.07011995018307,0
True,2.6930375745178,0
True,1.21028036676329,0
True,0.780167906531672,0
True,1.0065281934569,0
True,1.93349479510913,0
True,1.89034557633709,0
True,1.13913730683394,0
True,2.31768536796237,0
True,1.49788476608962,0
True,1.77176170527264,0
True,1.0424351577453,0
True,1.11723017165188,0
True,1.36885688163733,0
True,2.31595989730828,0
True,2.21566670264066,0
True,1.14143944912286,0
True,2.39592089006087,0
True,2.34034657376966,0
True,2.47319719942898,0
True,1.45954066892762,0
True,1.63318890364293,0
True,2.3138457771263,0
True,1.27033712771263,0
True,1.11968692740962,0
True,2.34082923662943,0
True,1.95398058610479,0
True,2.13195047392848,0
True,0.943831066177985,0
True,1.40992782273567,0
True,1.27996013604278,0
True,2.19793621861259,0
True,3.23934363530495,0
True,2.01983273152085,0
True,1.75805183346601,0
True,1.66323928944308,0
True,2.01113985595798,0
True,1.86689719678599,0
True,0.84990795811153,0
True,1.38882026269822,0
True,1.20250508488874,0
True,2.11579475336108,0
True,1.64396788424109,0
True,1.05455843413242,0
True,2.97116846547872,0
True,0.95533199970144,0
True,3.04079153096933,0
True,3.20716020058531,0
True,2.64373192743864,0
True,3.33278905719868,0
True,1.26744707756388,0
True,1.30423472393138,0
True,1.90973656920436,0
True,3.44522666592558,0
True,1.39037778690351,0
True,2.01549183738923,0
True,1.54550025810533,0
True,4.13522800525728,0
True,4.41206021904658,0
True,2.86421695784434,0
True,1.77422911451593,0
True,0.84946928538083,0
True,2.01223643100788,0
True,1.45838810923588,0
True,3.06760594382844,0
True,1.72613694791836,0
True,0.95290871869984,0
True,1.00248706032416,0
True,3.51725885604248,0
True,2.97144615472526,0
True,1.20855788480902,0
True,3.30660535486856,0
True,2.85982135537621,0
True,2.85008778771232,0
True,1.10671689945022,0
True,1.72310358288171,0
True,2.95870289653444,0
True,1.49655607867869,0
True,0.654342911551385,0
True,1.75244511280149,0
True,1.00442062797893,0
True,0.964282595726329,0
True,0.902228107658434,0
True,3.11568586422735,0
True,3.68973899800334,0
True,2.23209580749353,0
True,2.42540035106392,0
True,3.32596130211946,0
True,1.9435213530138,0
True,1.69256129212052,0
True,3.76865118473353,0
True,2.73888773989886,0
True,3.20916418439443,0
True,3.93155745731811,0
True,0.981493728460137,0
True,3.11720198294865,0
True,2.61701845112764,0
True,1.25586734448041,0
True,0.565235889285107,0
True,1.94962940336073,0
True,0.899886123721514,0
True,2.69070584546742,0
True,0.800268700603053,0
True,1.14797458480087,0
True,3.5800182494563,0
True,2.96321341223784,0
True,2.75052589497542,0
True,1.87772770909872,0
True,0.935644291964435,0
True,1.96148857294138,0
True,1.69257987774198,0
True,1.90057435048815,0
True,2.42424636560928,0
True,1.64050206929039,0
True,1.48943452115139,0
True,0.336081320534036,0
True,1.94527985640373,0
True,0.863507411239826,0
True,1.36029653468982,0
True,1.2341583943982,0
True,4.36178438100495,0
True,1.31675093943759,0
True,1.62423297284835,0
True,1.21653880411981,0
True,3.65808338083574,0
True,2.45408332899888,0
True,1.04599658109587,0
True,1.54268305250387,0
True,1.70590639508291,0
True,0.985680740622729,0
True,1.09984764109907,0
True,2.06081879022438,0
True,2.0271953150828,0
True,1.84997784559523,0
True,2.40044109061991,0
True,2.23848321243807,0
True,1.42092812686266,0
True,0.899690782703189,0
True,1.47792047094669,0
True,2.20963693257821,0
True,1.88099405052348,0
True,2.88013557768131,0
True,1.63750123541545,0
True,2.690931753541,0
True,2.00684236177648,0
True,2.50373596500693,0
True,2.07086924800776,0
True,2.1417598737495,0
True,1.54361519814858,0
True,2.23281967926372,0
True,3.92252950563524,0
True,2.19917639979363,0
True,2.11643337914908,0
True,2.15262504336592,0
True,1.57918425700549,0
True,1.2229699768571,0
True,2.44701906924977,0
True,2.99102679433848,0
True,3.54971378698853,0
True,1.61684589249783,0
True,0.881956875054992,0
True,2.17728328913785,0
True,3.06459592511833,0
True,1.11768820166463,0
True,2.14329554199618,0
True,2.88834498867074,0
True,1.18147354437271,0
True,2.44942189509403,0
True,2.08948506815393,0
True,1.82243433861287,0
True,2.23978142903725,0
True,1.77229086097645,0
True,1.87477731105394,0
True,1.95380847093466,0
True,1.32206578796013,0
True,1.64153828293664,0
True,1.86902853801951,0
True,1.35301194755138,0
True,0.958808664165181,0
True,2.83882979710294,0
True,1.80390445964975,0
True,0.711745513603075,0
True,3.61740899105489,0
True,4.08052406536191,0
True,1.61086473743627,0
True,0.94971070931556,0
True,1.04817111642448,0
True,0.78001840782826,0
True,1.54766419648469,0
True,1.51370301081236,0
True,2.35424415878135,0
True,2.76487748033141,0
True,3.41867642805383,0
True,3.28890858047497,0
True,1.47016768696672,0
True,3.46321760581034,0
True,1.43421833550206,0
True,3.10773164529617,0
True,1.94723883566146,0
True,1.62452282195846,0
True,1.95816001645428,0
True,1.45123518936687,0
True,2.31199620378794,0
True,1.60005540441056,0
True,1.51127174144092,0
True,1.73207331401797,0
True,2.72008763266547,0
True,3.436304102065,0
True,1.98859274172735,0
True,1.76678524570305,0
True,2.22842743484947,0
True,1.64297838719205,0
True,2.33810717741806,0
True,2.83174152979801,0
True,1.42103936461308,0
True,2.06505465173431,0
True,2.47091125268309,0
True,3.53439702201073,0
True,3.01459603326273,0
True,1.61511555974795,0
True,2.28173705663823,0
True,1.64875429353821,0
True,1.75918574034086,0
True,2.97617966779457,0
True,0.746327752175964,0
True,1.67748636509492,0
True,1.80990920892836,0
True,1.05944065037226,0
True,2.98771947784724,0
True,1.9518161390065,0
True,1.64783763548732,0
True,1.52312847579597,0
True,0.464094090135589,0
True,0.780452187852353,0
True,1.32390655890192,0
True,1.41098585869584,0
True,1.86112368904395,0
True,2.65570150321766,0
True,2.14552287072322,0
True,1.90899750121422,0
True,2.27011802019285,0
True,1.7311527783578,0
True,1.75976183831589,0
True,1.61036387540945,0
True,2.2763082236798,0
True,1.68374903036625,0
True,1.20188177621821,0
True,1.0518406441231,0
True,1.67896694140721,0
True,2.89567570515336,0
True,2.74220514821275,0
True,4.57049876581417,0
True,1.94458278141906,0
True,0.935122503580749,0
True,1.88616195580516,0
True,1.67737204926485,0
True,2.88411354838049,0
True,1.18910025970291,0
True,2.54676181222448,0
True,1.85662088392334,0
True,1.49550305523897,0
True,1.72726730755555,0
True,1.26220110934285,0
True,1.10365016812145,0
True,1.65899364387457,0
True,1.1016542133074,0
True,0.510677248747886,0
True,1.52639204285859,0
True,3.54213335872515,0
True,2.02436774502028,0
True,1.19964481246955,0
True,1.49677799266768,0
True,1.37260962678638,0
True,1.56147462907628,0
True,1.80241755151486,0
True,2.09775596419967,0
True,1.4473854832034,0
True,1.93274789243133,0
True,2.35612905777097,0
True,2.10498060723106,0
True,1.69036374119047,0
True,2.28076965888702,0
True,1.3031481679994,0
True,1.81317627431088,0
True,1.40786989723611,0
True,1.04999670012682,0
True,2.16623889913865,0
True,1.87074069965765,0
True,2.78118365420322,0
True,2.31971084640668,0
True,2.57145265632896,0
True,1.26211752435446,0
True,1.35519622046832,0
True,2.01974696206701,0
True,2.04406588005585,0
True,1.22190585629121,0
True,2.79574942983445,0
True,3.98545360075798,0
True,1.31904152204225,0
True,0.711772174220365,0
True,2.63111776612217,0
True,1.39587644607082,0
True,3.86370571088997,0
True,1.84067295213763,0
True,1.19563322035127,0
True,1.12820276266146,0
True,3.08142493209109,0
True,2.23332139780788,0
True,2.29149036769538,0
True,1.27308361962992,0
True,2.14841190203121,0
True,1.7625034961293,0
True,1.40911902089671,0
True,0.955410858001984,0
True,1.20473180530203,0
True,2.42717075073658,0
True,0.977618299662995,0
True,2.87688949900558,0
True,2.34894061283543,0
True,1.43296431067383,0
True,1.49423769561203,0
True,1.76535851471281,0
True,0.973626506981394,0
True,1.11600218880221,0
True,2.98277575855054,0
True,1.70568084949079,0
True,2.81218253348166,0
True,4.5245324633878,0
True,2.00060238489727,0
True,1.41678662203574,0
True,1.15659705524361,0
True,1.98146438579991,0
True,1.52452247391234,0
True,3.15478012727441,0
True,1.27824578530544,0
True,2.01998529832424,0
True,0.914276894708181,0
True,2.18970529176426,0
True,0.870674612247055,0
True,1.63475459862125,0
True,1.39873322695031,0
True,0.975988180834516,0
True,1.90294658027238,0
True,3.97778680974554,0
True,2.39760543838972,0
True,1.0689196028707,0
True,0.969256720427769,0
True,2.39674217590261,0
True,1.9533818363371,0
True,1.57844416598324,0
True,1.27773710293065,0
True,3.09536097466997,0
True,1.39748268674282,0
True,1.89177866754297,0
True,1.93968056726775,0
True,1.10319539292518,0
True,2.69543241950434,0
True,2.54009695156906,0
True,2.40084186606598,0
True,2.21571491057058,0
True,3.41889412878047,0
True,0.556370465538666,0
True,1.80031353069665,0
True,3.15412430671408,0
True,1.66221666528659,0
True,1.76160303123537,0
True,1.48260550006707,0
True,3.13599070552897,0
True,1.33888558766319,0
True,1.35563554735445,0
True,2.76416371700864,0
True,3.02712875969681,0
True,2.70837329474792,0
True,2.56734538901041,0
True,3.64189395761852,0
True,3.06823727227501,0
True,2.95536123606976,0
True,1.29446963856861,0
True,2.27202460592077,0
True,1.36550214291844,0
True,1.97592295058723,0
True,1.11875090077956,0
True,1.84452820835557,0
True,0.724834810639777,0
True,1.40777438457728,0
True,1.43434342234493,0
True,1.13757895610938,0
True,1.28763249856242,0
True,2.18019517100709,0
True,2.97858527235101,0
True,2.84623395952932,0
True,0.870268033477456,0
True,2.82351206892469,0
True,1.941127727954,0
True,0.871222620110765,0
True,2.33356276521347,0
True,2.85946559607264,0
True,1.82152604202379,0
True,1.46410610900816,0
True,3.38634817733529,0
True,1.61099646949159,0
True,2.76543653084673,0
True,3.80787901520296,0
True,2.68703482623531,0
True,2.50382646878392,0
True,2.06102115842122,0
True,1.05984329231635,0
True,1.37114580457088,0
True,2.85609363064726,0
True,2.71191442752242,0
True,1.94296651025665,0
True,1.02312596031066,0
True,1.19281679521259,0
True,1.34034826024602,0
True,1.30790070063012,0
True,2.03486894070061,0
True,1.02075925592249,0
True,1.03296738969809,0
True,3.72350052693947,0
True,2.34429180429217,0
True,1.55353551603392,0
True,2.33120870901005,0
True,1.37442968894149,0
True,1.41342609863713,0
True,2.98765171133821,0
True,1.70667868925568,0
True,1.56079830985192,0
True,1.96631615547419,0
True,1.8895002363911,0
True,1.16869601361715,0
True,0.787542982646112,0
True,1.10586587482905,0
True,1.17141933387807,0
True,1.68949140068221,0
True,2.23260856509952,0
True,1.69337236228941,0
True,2.42267463506834,0
True,1.83496422543162,0
True,1.54629785238201,0
True,2.17614997642965,0
True,1.06508328030523,0
True,2.00833650240025,0
True,2.55047066035464,0
True,2.90757190123725,0
True,2.06004181665045,0
True,1.49190623474609,0
True,1.49117994094455,0
True,0.995456034535792,0
True,1.44672050063114,0
True,2.82924928454193,0
True,1.54877716692404,0
True,1.15860488203126,0
True,0.770107271564489,0
True,2.20760013218631,0
True,3.26570157113688,0
True,1.26557275616437,0
True,1.62563419707688,0
True,1.26464007741301,0
True,2.32161784409566,0
True,1.88251528328956,0
True,1.05345929931893,0
True,1.97977250825402,0
True,1.2275208512373,0
True,1.90334057415755,0
True,2.46581348535998,0
True,0.96067552726618,0
True,1.88035348578998,0
True,2.6851452391158,0
True,1.57686373949177,0
True,1.17348355530039,0
True,3.29579326632404,0
True,1.97772549444185,0
True,1.01176068191251,0
True,2.04156740378596,0
True,1.51227924226138,0
True,3.13183867497377,0
True,1.06866384901117,0
True,2.67137602805162,0
True,2.7797125364411,0
True,2.28454816282174,0
True,2.01405867043808,0
True,2.04656942462917,0
True,1.53271762830282,0
True,2.22823040921735,0
True,4.00469514723531,0
True,2.67545092359706,0
True,4.18757743762392,0
True,3.57827257419901,0
True,0.883854148758401,0
True,0.935048374214037,0
True,2.59171780752956,0
True,3.42761860695179,0
True,1.28703602950038,0
True,3.51681151220697,0
True,1.59861443619763,0
True,2.37406778452116,0
True,1.33268814084131,0
True,2.20845082965825,0
True,1.73241919565739,0
True,1.45757946404545,0
True,2.14444517615143,0
True,1.46844886000108,0
True,3.85729079332154,0
True,2.96024273867478,0
True,0.916212673654642,0
True,1.95422161797961,0
True,1.80640752930357,0
True,1.21810769437068,0
True,2.3446482333813,0
True,2.58669673794588,0
True,1.44349832705984,0
True,2.83429168468186,0
True,2.03650344163,0
True,2.57097775796861,0
True,2.94891878144298,0
True,3.22955015022339,0
True,0.9305617307705,0
True,3.42087778470287,0
True,3.41020138305942,0
True,1.29569015784889,0
True,0.987910581523187,0
True,1.93292786050148,0
True,2.54137220304142,0
True,2.48596955607745,0
True,1.77783939733724,0
True,1.68830235413139,0
True,2.17688628697339,0
True,1.51703574430792,0
True,1.04822225512685,0
True,1.99719150335918,0
True,1.35020753257231,0
True,1.23249683773244,0
True,0.940018374468713,0
True,0.959127768474886,0
True,1.5279283611225,0
True,2.58007175536264,0
True,0.909463091981568,0
True,1.17494739841603,0
True,1.8571331947261,0
True,1.18248690152726,0
True,0.584060860432623,0
True,2.084949865709,0
True,2.66980118466113,0
True,3.87389603867835,0
True,1.66060131213796,0
True,1.29623550173085,0
True,1.35134783622128,0
True,2.30562710295376,0
True,2.23966033223964,0
True,1.78418593246123,0
True,1.03879555575789,0
True,1.81842468456087,0
True,1.68143426574876,0
True,2.00761905947966,0
True,1.0702684870682,0
True,2.44616961751976,0
True,2.54990178989878,0
True,1.80845964769864,0
True,2.42163054016626,0
True,1.70479774043511,0
True,2.74416447386835,0
True,2.14985026364605,0
True,1.97039595584078,0
True,3.81681650138511,0
True,2.84136973404416,0
True,2.43552991981341,0
True,1.38981692392875,0
True,1.00848938100582,0
True,2.53070094841139,0
True,3.15539086722525,0
True,2.07170799427458,0
True,2.7964510056749,0
True,1.41191307585324,0
True,1.96605407122113,0
True,1.95242282998334,0
True,2.88517483437257,0
True,1.0784162668233,0
True,2.00275268178822,0
True,1.10199282828141,0
True,1.71606753575876,0
True,0.652101729348452,0
True,2.26968729385382,0
True,2.23245604291536,0
True,3.0218062505425,0
True,1.96206040992995,0
True,1.45963309884751,0
True,1.48167966034353,0
True,1.42208816251682,0
True,1.62909293838121,0
True,2.10311647921971,0
True,2.64069642756838,0
True,3.88661189937913,0
True,1.16964788507388,0
True,1.07674031231869,0
True,0.846622145576644,0
True,2.37344195490258,0
True,1.21949748627631,0
True,0.697291702934459,0
True,2.30327818168302,0
True,1.57474899946057,0
True,1.47910933723398,0
True,1.64261475649269,0
True,2.71407604037849,0
True,0.826359619155825,0
True,1.3770302613867,0
True,2.25250861807095,0
True,1.12965329979994,0
True,2.99876744480915,0
True,2.39179060608897,0
True,3.38792845141368,0
True,1.50840447513817,0
True,2.87392176801513,0
True,2.07819872771443,0
True,2.95146003994285,0
True,2.15962863171117,0
True,1.82852706480932,0
True,1.21143868037885,0
True,1.28015474677931,0
True,2.3792791417571,0
True,3.85521912039185,0
True,1.42534431735555,0
True,1.74647316845381,0
True,2.80292027865626,0
True,1.22603160775626,0
True,1.8576755211016,0
True,0.976076807366022,0
True,1.63756183182492,0
True,3.39114166088823,0
True,2.53008617704952,0
True,1.14250914991486,0
True,1.62461188261614,0
True,2.35260123645215,0
True,1.35347269741591,0
True,2.81756237962166,0
True,2.0144412453646,0
True,0.933467093418179,0
True,1.54137247672695,0
True,1.61737610774726,0
True,1.07121923781904,0
True,0.944391743647121,0
True,2.08665261727469,0
True,2.33275391767441,0
True,1.03302624798969,0
True,1.16922772369317,0
True,1.63547857180384,0
True,1.50934241816495,0
True,2.7908868832836,0
True,3.43685388664336,0
True,3.29009036846046,0
True,1.21098612525744,0
True,2.57248200431321,0
True,1.66611337038204,0
True,1.78618578238821,0
True,3.86521482707899,0
True,1.42745196491949,0
True,3.39531598840634,0
True,2.45155141959948,0
True,2.00760037600778,0
True,3.03439842106269,0
True,2.54316504991208,0
True,1.05424833723432,0
True,1.04445699253557,0
True,2.09475151980283,0
True,3.33998026803352,0
True,1.43185234346349,0
True,2.69990904127894,0
True,1.82996053768072,0
True,1.00567098289199,0
True,1.8043643568149,0
True,2.19563025747591,0
True,2.57973310901191,0
True,1.1633549586687,0
True,2.58122827469421,0
True,3.44800579177991,0
True,1.70210393093438,0
True,2.50281366992045,0
True,0.378563849269498,0
True,3.08059429969145,0
True,2.80314113382573,0
True,1.19120084072158,0
True,2.82642847580052,0
True,2.40833080240647,0
True,1.89354117056432,0
True,1.24071626398344,0
True,1.66645091499072,0
True,1.60684334917292,0
True,1.18681215900745,0
True,1.46469228112379,0
True,2.48805195328814,0
True,2.40845731926239,0
True,2.71477871347191,0
True,3.43401104659494,0
True,2.78548386441797,0
True,1.78403282997888,0
True,1.40281646519417,0
True,1.3657499826711,0
True,2.25457485089026,0
True,3.01587606606741,0
True,3.92059768295245,0
True,1.54721430759901,0
True,3.92346327280399,0
True,3.71138753267718,0
True,2.94438377826035,0
True,2.68066873708626,0
True,1.15463418093342,0
True,0.992977681015077,0
True,1.99795217207346,0
True,1.00475730558628,0
True,1.34191105324638,0
True,3.42632839534651,0
True,3.09166041493343,0
True,3.37318390455629,0
True,2.08488845914559,0
True,3.01124642503836,0
True,2.15903358020707,0
True,0.906372554106436,0
True,1.01585121627298,0
True,2.80231571345112,0
True,3.67283280687833,0
True,2.62388818234325,0
True,2.5381792953756,0
True,2.14610623960838,0
True,1.20423300823108,0
True,0.718954894536658,0
True,1.51103006475982,0
True,2.40913788323788,0
True,1.95659617809595,0
True,1.92959593392391,0
True,1.85046586710301,0
True,1.84315099314663,0
True,2.28079967320441,0
True,2.2158790854327,0
True,1.12768349802604,0
True,1.68588767789396,0
True,1.31343889632049,0
True,3.48448403982382,0
True,1.90836524254914,0
True,1.42912448346783,0
True,1.30140647783652,0
True,1.50885296462689,0
True,1.29683855883862,0
True,1.9266626538296,0
True,1.40531373342421,0
True,0.922126234109314,0
True,1.57547058467588,0
True,0.597909921848249,0
True,1.08500348757486,0
True,1.95776358875057,0
True,1.40156310507243,0
True,0.872357492517663,0
True,2.27627137555388,0
True,2.48159503631052,0
True,1.10138879885818,0
True,2.4092712893387,0
True,1.65444417697662,0
True,3.04205797976037,0
True,1.00377212442834,0
True,2.80134704989913,0
True,1.91607991821814,0
True,1.46073459661177,0
True,1.18132293974383,0
True,1.61784525919497,0
True,2.35288698018798,0
True,1.4837127856356,0
True,2.89432849772317,0
True,3.64148689697204,0
True,1.43784341165418,0
True,1.19758020202053,0
True,1.12111173282158,0
True,1.26020637583846,0
True,1.10624799720904,0
True,0.633334308406913,0
True,1.72430024484739,0
True,2.64368333822582,0
True,1.27283294889529,0
True,1.59646244993633,0
True,2.81489831793906,0
True,3.29336692679908,0
True,0.833810004197104,0
True,1.60996811479796,0
True,2.01490535191612,0
True,1.40071780119413,0
True,1.14111632798563,0
True,0.988157448387921,0
True,2.08100095956788,0
True,3.96237286127144,0
True,1.53058689702044,0
True,1.29056069193895,0
True,1.31532948690234,0
True,1.42277788494824,0
True,1.98690169361774,0
True,4.46046553307782,0
True,1.81765314218211,0
True,1.60627961312424,0
True,0.921714386236516,0
True,1.23521707273986,0
True,2.3308734896044,0
True,1.29944837438932,0
True,2.73211327800862,0
True,3.66930231431438,0
True,2.78122239677832,0
True,1.73380118214973,0
True,4.22122324375584,0
True,1.29701178228719,0
True,1.42893850076567,0
True,3.84389894980082,0
True,0.919311781722895,0
True,1.29713034790957,0
True,1.90188171434682,0
True,2.55306834004823,0
True,2.96893024990187,0
True,1.15928677029842,0
True,0.905755434336126,0
True,1.46757213825125,0
True,1.83267704233963,0
True,1.28700305271646,0
True,1.12610568639467,0
True,3.44111778208114,0
True,0.834715281396034,0
True,1.40899402166621,0
True,1.88585289897049,0
True,3.19525598265154,0
True,3.6599305905658,0
True,3.65515539210171,0
True,1.51207425426499,0
True,2.73713860621721,0
True,0.700959750379007,0
True,3.47624304738918,0
True,3.93511682005286,0
True,1.53380430699211,0
True,1.88411598096867,0
True,2.4758303368102,0
True,1.70395594707227,0
True,2.3758470665237,0
True,0.846442874472123,0
True,3.07834410241185,0
True,1.26653601800759,0
True,2.18491187282636,0
True,0.889740024662327,0
True,0.581195066081154,0
True,1.86874915103566,0
True,1.79530431733445,0
True,0.942609384820428,0
True,3.86248506626987,0
True,1.42673318109923,0
True,2.87807818244276,0
True,2.12088556417245,0
True,1.25496353856822,0
True,2.36645095036917,0
True,2.65467487428797,0
True,2.69199863869999,0
True,2.91835028207698,0
True,2.38147028292147,0
True,1.52294374891717,0
True,0.732989534066749,0
True,1.31331559138551,0
True,2.19923114474031,0
True,1.85881620562012,0
True,2.34291139377369,0
True,1.6192980804005,0
True,1.06721654800804,0
True,1.45916077842245,0
True,1.2772465593893,0
True,2.38096222145655,0
True,3.08817619875388,0
True,1.13556344001489,0
True,1.80816106269687,0
True,1.22961636360821,0
True,2.15474024845587,0
True,2.15723730431742,0
True,1.56909077517905,0
True,0.779330916830948,0
True,2.66460092206745,0
True,2.39829919027328,0
True,0.926435905306269,0
True,4.21065697390338,0
True,2.486439626771,0
True,2.32244514666094,0
True,3.73896887628751,0
True,1.02801688448388,0
True,3.08762105844126,0
True,1.50578313965384,0
True,1.27142207220642,0
True,0.983797185628232,0
True,0.645066409894274,0
True,3.24907317688691,0
True,2.19984991176006,0
True,1.58389042112321,0
True,3.19993910265149,0
True,2.13015916565816,0
True,1.00575879723555,0
True,2.38698837677197,0
True,3.66544625731133,0
True,1.81174926408543,0
True,1.7844971268183,0
True,2.04449656286567,0
True,1.99902098318763,0
True,1.36243760002632,0
True,0.81921576099459,0
True,1.70063528219017,0
True,3.25339063437905,0
True,1.13223448676366,0
True,2.23427958724876,0
True,1.61015766543935,0
True,1.51901345894878,0
True,1.42741483114115,0
True,1.64478828398939,0
True,1.31586655629159,0
True,1.26612751436261,0
True,1.15937387508232,0
True,1.82531253994821,0
True,1.51951064224317,0
True,1.95741057600739,0
True,3.89914205268915,0
True,2.40860036533869,0
True,1.56880064110307,0
True,2.02799325027735,0
True,1.16102066670228,0
True,1.26888281440091,0
True,2.4027066148335,0
True,3.72074142837746,0
True,2.22023460082692,0
True,1.65903197179489,0
True,2.42045928179009,0
True,3.21508005999075,0
True,4.48349028781257,0
True,2.24764483512674,0
True,1.18153517571055,0
True,1.39415623268998,0
True,1.09361435001993,0
True,2.16164771784755,0
True,2.27805850319385,0
True,1.46036009941697,0
True,2.78115242035674,0
True,1.06839966559335,0
True,1.95582437753431,0
True,3.94026067200488,0
True,2.32877482203534,0
True,0.872260519315514,0
True,1.57135524191369,0
True,1.87304477076993,0
True,1.87322894445096,0
True,3.11260867821075,0
True,2.67906809184377,0
True,1.92885227638044,0
True,3.22312496880352,0
True,3.39837710388372,0
True,1.75664363733719,0
True,2.68288676275349,0
True,3.83266005284936,0
True,2.86333606641788,0
True,1.77192683175178,0
True,1.24991060895235,0
True,2.41201225852943,0
True,2.76309761575762,0
True,1.66287083389384,0
True,2.19481147797687,0
True,3.04467386067521,0
True,2.07655849910041,0
True,1.16563075370407,0
True,1.96420647157431,0
True,1.73243714380118,0
True,2.61081576599358,0
True,2.90832136504487,0
True,2.31964624354963,0
True,1.17338249438868,0
True,1.44863317336764,0
True,0.424665073112336,0
True,1.36875838662033,0
True,1.63072322827266,0
True,1.95308899005557,0
True,2.01922670450363,0
True,0.82686312088746,0
True,3.94809771967566,0
True,1.5148729937591,0
True,2.13814845127108,0
True,0.885157944944739,0
True,1.4955839689178,0
True,1.00783793544792,0
True,1.26082613811043,0
True,1.86471285048592,0
True,2.13402176200829,0
True,1.66962384033019,0
True,1.52737970132773,0
True,1.61351559674995,0
True,2.27110314562776,0
True,2.26873362731953,0
True,2.58585958193488,0
True,1.45186304021246,0
True,2.82916425726404,0
True,3.91420689725328,0
True,2.60422575394446,0
True,0.912622443301131,0
True,2.25134581619996,0
True,1.04370086445654,0
True,2.50289195117938,0
True,4.37936459823187,0
True,3.06999744542111,0
True,1.11943888993979,0
True,1.88695990408526,0
True,1.54845294966742,0
True,0.788298885879422,0
True,2.1173694656996,0
True,2.88559869659124,0
True,3.4945164568832,0
True,1.86472331919399,0
True,1.67111759845829,0
True,2.35528936363675,0
True,0.472475145832899,0
True,0.870057839025285,0
True,2.22674564934907,0
True,2.18440780090316,0
True,1.23203429030424,0
True,1.14768237931011,0
True,1.3842790249473,0
True,1.76154721624625,0
True,2.82675965241389,0
True,3.58195184101814,0
True,2.1396645815438,0
True,1.45138884049576,0
True,2.56692124674326,0
True,1.30798608806088,0
True,1.669501722247,0
True,2.08913779674414,0
True,1.78439396669754,0
True,1.23716302077253,0
True,2.38730627412416,0
True,1.49737015405831,0
True,2.48878484140212,0
True,1.90333731205223,0
True,1.36535539964923,0
True,1.17118412785607,0
True,2.52144754229898,0
True,1.99483258027251,0
True,1.24655321532875,0
True,2.20079328216679,0
True,1.42513228242376,0
True,1.41817395004599,0
True,2.56954800425247,0
True,2.21966241537533,0
True,2.24444766120336,0
True,1.09723861768118,0
True,2.04066111238531,0
True,2.48043480061753,0
True,2.00634564397706,0
True,2.40790048459959,0
True,1.37468178995475,0
True,1.49385596005116,0
True,1.03518431884916,0
True,1.75957410366323,0
True,1.48164091543504,0
True,2.6699994381473,0
True,1.60116521776859,0
True,2.83505885715449,0
True,1.76913493671182,0
True,1.62585838764822,0
True,1.17724743778152,0
True,0.737729206007363,0
True,0.798093566473381,0
True,1.85830841414892,0
True,0.930318502287754,0
True,3.1790462651333,0
True,2.06659147279497,0
True,1.58359911612716,0
True,1.09246158740757,0
True,1.25959005831228,0
True,1.72748809671639,0
True,1.01673121030508,0
True,1.42349520975482,0
True,3.9327091881977,0
True,3.00873907759888,0
True,1.1994147252883,0
True,1.57614470949599,0
True,1.2007601528406,0
True,3.26559197655851,0
True,2.33265028487737,0
True,2.25697502795119,0
True,1.43735259086107,0
True,1.0737922991363,0
True,2.20371974815996,0
True,1.68898359659302,0
True,2.59562238876001,0
True,1.16380666270419,0
True,2.52190006664289,0
True,1.4941152077013,0
True,1.1352693635751,0
True,2.28921006373361,0
True,2.80193592937228,0
True,2.30809485640002,0
True,0.849826081952452,0
True,0.852165420253613,0
True,1.12248136963884,0
True,0.74887838916668,0
True,1.15415811919139,0
True,1.35377818491238,0
True,1.33641418905669,0
True,1.35336707476768,0
True,2.87690338270974,0
True,1.53370264411257,0
True,1.3810698082694,0
True,2.43170597110627,0
True,0.834421558600374,0
True,1.93148100050936,0
True,1.2078795582959,0
True,1.57821225998958,0
True,2.42166158088286,0
True,1.93320845566689,0
True,1.82705612036879,0
True,1.93349305194886,0
True,2.2596679310761,0
True,3.11696398348841,0
True,1.40386872729222,0
True,2.56833840489031,0
True,1.62075392452091,0
True,2.45545950668397,0
True,2.28209316497706,0
True,1.30007194439282,0
True,1.99471046142203,0
True,1.22050743265336,0
True,1.53617206520007,0
True,2.4429108037424,0
True,1.11549409191797,0
True,2.15749042531112,0
True,2.68965799043813,0
True,0.845657306163185,0
True,0.894423782906962,0
True,2.63746994038625,0
True,1.64084027589872,0
True,1.15650315940308,0
True,0.889158960820466,0
True,2.00985876910706,0
True,3.89714228458663,0
True,3.59831610668744,0
True,1.19772630778746,0
True,3.48878756433169,0
True,1.78582346913368,0
True,2.35742664933353,0
True,1.35698005020882,0
True,1.9022455439687,0
True,2.10290236791714,0
True,1.38625861923242,0
True,1.26733758948028,0
True,1.36827054182961,0
True,0.775684815683496,0
True,1.55275229354225,0
True,1.99392045527478,0
True,2.32786504881285,0
True,2.05133377389743,0
True,2.91841150486671,0
True,1.4825190616809,0
True,1.60300311315751,0
True,1.43358718079008,0
True,4.0857401767201,0
True,1.3901282215044,0
True,4.1120953892389,0
True,1.40819551096852,0
True,3.53041467187039,0
True,1.05466749138118,0
True,1.1536935647566,0
True,1.47148205280776,0
True,0.75114329098609,0
True,3.66677660145766,0
True,1.59868231076649,0
True,3.02458732799676,0
True,2.11123854032918,0
True,2.3841161287671,0
True,3.1972469687882,0
True,2.12300928069533,0
True,2.12337147968751,0
True,1.26656416171014,0
True,1.23024519123922,0
True,2.95459249794761,0
True,1.76469728325396,0
True,3.37096120247144,0
True,1.138989886474,0
True,1.2588463371811,0
True,3.43043372828959,0
True,1.94800958105825,0
True,3.52790493722674,0
True,2.94147320351641,0
True,1.70200302086516,0
True,1.10100626149005,0
True,1.23017413259949,0
True,1.69008039759131,0
True,1.78563666502963,0
True,1.68076615390319,0
True,2.52374614422081,0
True,1.12164608066929,0
True,1.34032054142205,0
True,1.42558572446597,0
True,1.40633190364315,0
True,0.861035830480639,0
True,1.29202758859953,0
True,1.46583838598937,0
True,1.27009132110222,0
True,1.88288577338031,0
True,1.98753426934897,0
True,1.39883288892781,0
True,1.55800755369015,0
True,1.86777776534941,0
True,1.87634827102301,0
True,2.67442769027888,0
True,1.87644156035894,0
True,1.73901617456504,0
True,1.86485204642851,0
True,2.31473904141442,0
True,2.0009929799267,0
True,0.56164022943846,0
True,1.50252310895607,0
True,1.03181784172247,0
True,3.29841673694723,0
True,1.49300393961794,0
True,3.89192584021985,0
True,2.85827003972596,0
True,2.6740836248211,0
True,1.18852580343122,0
True,2.15394768923392,0
True,2.41632972106206,0
True,2.67166593513264,0
True,2.24019566483964,0
True,2.63863723805651,0
True,2.90083592684769,0
True,3.66680887780186,0
True,2.53812206698266,0
True,1.13397121261685,0
True,2.32139659109923,0
True,3.30102741328767,0
True,1.6286775747951,0
True,2.37914005213054,0
True,3.33317095780857,0
True,2.51375581816065,0
True,2.36959329131004,0
True,2.23314190370072,0
True,0.744343341755494,0
True,1.55717721541035,0
True,2.08792542552156,0
True,1.62151247258824,0
True,2.39570082618777,0
True,1.06928985105052,0
True,1.11021570697089,0
True,1.25589818416392,0
True,2.67669384019624,0
True,2.58885168601474,0
True,1.07448137227169,0
True,2.51900582105091,0
True,1.70420388082403,0
True,1.06684711671925,0
True,1.30054242212515,0
True,2.39903972522425,0
True,2.44585040671475,0
True,2.63225888793276,0
True,2.1385573796693,0
True,3.70538832281519,0
True,2.29904198348859,0
True,2.99525673558078,0
True,1.66001098203839,0
True,1.28050386616893,0
True,1.82617728752273,0
True,1.37586033954054,0
True,1.68272162295879,0
True,1.14228209884459,0
True,2.16476973239108,0
True,0.433622310732559,0
True,2.20134380210468,0
True,1.43311470025418,0
True,1.43309552433737,0
True,1.95084768242439,0
True,2.38869629664799,0
True,1.87947348586427,0
True,4.11954498206874,0
True,1.55327055003511,0
True,2.4845109230684,0
True,2.73871067748987,0
True,1.81895698314935,0
True,1.15578861150346,0
True,2.00599948455573,0
True,3.02011046619601,0
True,1.18011338848421,0
True,1.02319650845231,0
True,1.35918126196882,0
True,1.14142467630342,0
True,1.56574176876467,0
True,2.80795297043481,0
True,1.79010989452067,0
True,1.94171011471881,0
True,3.06235865791295,0
True,2.58256325122939,0
True,3.17508992079195,0
True,1.58899549994661,0
True,1.36189765654553,0
True,1.76160789994933,0
True,1.35731213728123,0
True,3.38049612217007,0
True,3.42825659501789,0
True,1.69601815848513,0
True,1.39547179515965,0
True,3.86858488292848,0
True,2.00940377916251,0
True,2.82837883280515,0
True,2.99503105134785,0
True,2.42010574354646,0
True,2.1668941581355,0
True,3.532047566244,0
True,0.909496488933788,0
True,1.00307606040545,0
True,1.62267197669481,0
True,2.11839902433721,0
True,1.71829580146839,0
True,2.11230091734078,0
True,2.83317112950866,0
True,1.70649351448158,0
True,1.23721357875013,0
True,0.707095310116542,0
True,2.38281829520727,0
True,1.78929961647901,0
True,2.17441878082425,0
True,1.21409371466649,0
True,1.01383069854459,0
True,3.5919649077649,0
True,1.61309382007219,0
True,2.63983955069779,0
True,2.07331802246577,0
True,1.34501311641571,0
True,1.31156684587228,0
True,2.09846839531917,0
True,1.53043313249369,0
True,1.07110313219513,0
True,1.4188588036514,0
True,1.40148500561661,0
True,1.72784416485174,0
True,0.733211573814098,0
True,0.936252060735412,0
True,1.52864506936074,0
True,2.16437454947516,0
True,1.62233078347332,0
True,0.953181138323506,0
True,0.745616794744863,0
True,1.50676772848968,0
True,2.32398053497986,0
True,1.57523955294203,0
True,1.17292160761197,0
True,1.42958329295945,0
True,0.789624601939102,0
True,0.804629117143401,0
True,1.66081826905385,0
True,2.1843753481935,0
True,2.12813290016476,0
True,1.11420314776218,0
True,1.32885312853349,0
True,1.75392718334263,0
True,2.87704501580442,0
True,2.92013853000023,0
True,1.58418749508763,0
True,3.99373150637701,0
True,2.03441353981251,0
True,2.46404898199838,0
True,0.886836651126753,0
True,3.04578630341131,0
True,1.63553045687631,0
True,2.0811103868554,0
True,0.993163362999813,0
True,1.81015854243554,0
True,1.4185698551127,0
True,2.61802145008721,0
True,1.47545903659582,0
True,1.4667953944758,0
True,1.56083486295185,0
True,4.18355431963104,0
True,2.3957150857397,0
True,3.11820809946493,0
True,1.26912577617379,0
True,1.25922894414908,0
True,2.87640630703857,0
True,1.83628057447857,0
True,2.93300879507126,0
True,1.30925961303566,0
True,2.04086260023312,0
True,1.804455893547,0
True,1.47358794313717,0
True,2.11480746256869,0
True,1.31003601382264,0
True,1.85265598100682,0
True,2.91382651753477,0
True,1.08153393710435,0
True,1.94750019942226,0
True,3.22711035155705,0
True,2.39746893441009,0
True,1.84606914194361,0
True,1.84281627274173,0
True,1.68975232186737,0
True,1.54127579351969,0
True,1.25713471816024,0
True,1.62479853089104,0
True,2.24893425336902,0
True,2.93499241474484,0
True,1.49240225359044,0
True,2.35169356057539,0
True,0.826990933296578,0
True,2.45030529044565,0
True,1.30902229606766,0
True,2.19447386225424,0
True,1.06646689234477,0
True,1.65969431447687,0
True,1.18718890003894,0
True,1.02944868695593,0
True,0.87213497852999,0
True,2.25565145754185,0
True,1.24061248611622,0
True,1.39893203422058,0
True,4.13391659779838,0
True,1.12391218663739,0
True,3.37775511534214,0
True,1.66057208884945,0
True,1.97419061164931,0
True,1.57921615356024,0
True,1.47614897099657,0
True,1.6778572584108,0
True,1.05517156655716,0
True,1.41472664787352,0
True,3.64546766989215,0
True,2.00385933647001,0
True,3.17346162335084,0
True,2.39336190823086,0
True,1.34187043277463,0
True,2.24626330955506,0
True,3.81351141301196,0
True,0.819986078170121,0
True,1.65455228282656,0
True,2.31689410009965,0
True,1.09797725775791,0
True,1.3585731369253,0
True,2.14690159259487,0
True,0.751533206702974,0
True,1.74353415660707,0
True,1.06517800751376,0
True,1.68431782146649,0
True,3.16898744472767,0
True,3.24877197161116,0
True,1.36415826543045,0
True,0.955636981573628,0
True,1.61668682818684,0
True,1.4913887083712,0
True,1.02540157956525,0
True,1.84921138568687,0
True,2.69988244553985,0
True,2.57625124049675,0
True,1.36497648907774,0
True,2.52887761046744,0
True,1.19464096289358,0
True,0.783756334532629,0
True,3.15388322509841,0
True,2.6439106314007,0
True,3.95770582390986,0
True,1.40063932286122,0
True,2.10586150212908,0
True,2.54546628248576,0
True,1.50668234385132,0
True,1.07828691731112,0
True,4.67466728289923,0
True,3.29555289640787,0
True,1.43207129756929,0
True,0.924223286525327,0
True,1.86719136058658,0
True,1.07880100169027,0
True,0.690041178306717,0
True,1.84946536103218,0
True,2.3360295851212,0
True,2.48027521258508,0
True,3.12635127657993,0
True,2.31801817641279,0
True,1.54599634350911,0
True,1.15231362419351,0
True,0.99805564881796,0
True,1.08184404956715,0
True,0.800039904956408,0
True,1.83009648952319,0
True,1.82318375444372,0
True,1.59179323529238,0
True,1.26782993640735,0
True,0.911925239220341,0
True,1.29949251022751,0
True,1.54437848989758,0
True,1.72336303867104,0
True,3.32274867738416,0
True,3.47862453165077,0
True,2.12933558953957,0
True,1.98900949253719,0
True,1.51926033481175,0
True,3.08057594910812,0
True,1.29659049162343,0
True,2.661700156236,0
True,3.26307070757889,0
True,1.16286773703767,0
True,2.67358944864296,0
True,2.07039191971238,0
True,1.67858441364548,0
True,1.43265826636707,0
True,2.08697669693316,0
True,1.10422555416288,0
True,1.95184229038488,0
True,2.08828122831213,0
True,2.38122475171732,0
True,2.19316489337095,0
True,2.31120966612631,0
True,1.21713141636514,0
True,1.28851288326286,0
True,1.76405543746912,0
True,2.36783889699959,0
True,1.20771364585262,0
True,1.71037375573046,0
True,1.10488287695229,0
True,2.14546373414698,0
True,2.0438270740896,0
True,1.12661306604238,0
True,1.5429896731498,0
True,2.03140441116051,0
True,1.56002642686405,0
True,2.04424245571864,0
True,1.81333297087075,0
True,1.23507294333185,0
True,2.58293827078674,0
True,1.04417998594513,0
True,1.91613746437246,0
True,1.51109184291205,0
True,3.65837718315955,0
True,2.64748537394272,0
True,2.70343062620653,0
True,1.8995218782762,0
True,1.47406330763861,0
True,1.9904818744843,0
True,3.81167659441545,0
True,2.09469124797798,0
True,1.10102555375507,0
True,2.00353403945327,0
True,2.59896548163072,0
True,1.58290397297006,0
True,1.05783589768204,0
True,3.52850699080217,0
True,2.34338591957017,0
True,1.2124934368756,0
True,1.28437158238974,0
True,1.78347647717356,0
True,0.827420201166005,0
True,1.44629518596948,0
True,2.77442192361072,0
True,1.58167656638352,0
True,2.06346108549377,0
True,1.71108853554467,0
True,0.975843409558882,0
True,2.18743630266032,0
True,2.6221943808544,0
True,0.970473662780521,0
True,1.79038582346647,0
True,2.9427013448881,0
True,1.34537153345046,0
True,2.75014427350525,0
True,2.7121862527379,0
True,1.98721889850181,0
True,2.29714786585059,0
True,0.81599661797461,0
True,1.96608635571047,0
True,1.38282018947906,0
True,1.70151783911195,0
True,1.28394981204776,0
True,3.19689859778136,0
True,1.21417679462778,0
True,0.797339182719079,0
True,2.29587421592243,0
True,2.49593558112148,0
True,2.22821978514805,0
True,1.41918144299992,0
True,2.19504775768724,0
True,1.72587551522826,0
True,2.42373960239969,0
True,1.06771839914319,0
True,2.19639647394952,0
True,1.4355646356611,0
True,0.753583083900592,0
True,0.545725891153886,0
True,2.35420770277216,0
True,1.42274001584577,0
True,1.05451494403645,0
True,3.93605698754882,0
True,0.848278702313889,0
True,2.84943689380798,0
True,2.65450042390263,0
True,1.96364679595378,0
True,0.821946801096199,0
True,2.07624036158329,0
True,1.42613362251842,0
True,1.58346372693124,0
True,2.3473242525209,0
True,3.85610185772287,0
True,1.49014240412762,0
True,2.20231461796994,0
True,2.02901909426612,0
True,0.988882266936313,0
True,0.819626232014071,0
True,1.2587617625591,0
True,2.33009526712388,0
True,2.44741448161568,0
True,1.73405056003899,0
True,2.55984301223822,0
True,1.4757147221098,0
True,1.74713126370346,0
True,1.24604427932794,0
True,1.55202977903122,0
True,4.35164992199696,0
True,1.50084649246352,0
True,3.61852752147468,0
True,3.68755429777227,0
True,2.11054100184369,0
True,2.92710899238592,0
True,1.75783592317503,0
True,0.972949366094573,0
True,1.18421085123259,0
True,0.942591420885995,0
True,2.41781423287594,0
True,1.77651344984169,0
True,3.27667914183625,0
True,1.55342260708782,0
True,2.40454903873555,0
True,2.27967444269456,0
True,1.67019635240506,0
True,1.82093127079511,0
True,1.77088920795039,0
True,2.2434359743415,0
True,1.77854994292177,0
True,1.37012584353806,0
True,0.889423779999155,0
True,2.27691078955489,0
True,1.13512894672227,0
True,2.81325545791518,0
True,1.65506747609969,0
True,2.19935265568036,0
True,1.00303595251104,0
True,1.23952597507749,0
True,2.0857563705414,0
True,1.23546067918449,0
True,1.02869217958949,0
True,1.75801894034219,0
True,2.60772721646188,0
True,2.45240694177662,0
True,1.76346834191271,0
True,1.85840943873873,0
True,1.39080680250682,0
True,3.47788949046243,0
True,1.71605349001053,0
True,1.0239594139353,0
True,1.29627986647609,0
True,1.76522670696571,0
True,0.957532133190255,0
True,1.52357433101679,0
True,2.43523756889443,0
True,1.01193876823165,0
True,2.3882148325576,0
True,2.61797480159643,0
True,2.07056672370469,0
True,2.69626394204363,0
True,4.04291409454071,0
True,1.24593539391662,0
True,1.31487504293191,0
True,2.41706708002823,0
True,2.83320365049841,0
True,0.710707516364562,0
True,2.94670567471857,0
True,3.26749327314543,0
True,1.2739356405039,0
True,2.07358499151336,0
True,2.6038858020015,0
True,0.988765610287671,0
True,1.74611724300222,0
True,2.81757655532195,0
True,2.24917705203751,0
True,1.90804914941576,0
True,1.78258335384229,0
True,1.47079681309751,0
True,1.89767165034,0
True,0.817013170243494,0
True,2.01025396139634,0
True,1.35558766246405,0
True,2.00508931264184,0
True,1.18397269809371,0
True,2.60583421274264,0
True,2.95681712439728,0
True,2.53759104298428,0
True,2.71871920530726,0
True,4.214469617393,0
True,1.75725390041026,0
True,1.7354244316462,0
True,1.31930391612444,0
True,1.02686964879216,0
True,1.58747356666356,0
True,2.75200640570024,0
True,1.37577759365684,0
True,3.13565183225371,0
True,1.33418947941316,0
True,3.6135508238715,0
True,2.20313758344252,0
True,1.79202148843905,0
True,0.856520046733785,0
True,1.95028275123884,0
True,1.69794276873642,0
True,1.72127801134935,0
True,0.908341682026727,0
True,1.80620593108104,0
True,3.38583016682342,0
True,3.23449347843646,0
True,3.92217790961929,0
True,1.07870628459164,0
True,1.10024109635077,0
True,1.62231470731717,0
True,1.27657901761439,0
True,1.2262909159936,0
True,1.48054758640131,0
True,1.51211614573717,0
True,2.25720048840411,0
True,1.8029693592201,0
True,1.18890346243245,0
True,1.07162961840593,0
True,1.73156797314559,0
True,1.2747714402224,0
True,1.64957449325925,0
True,1.93924284796364,0
True,3.49207937466509,0
True,1.51033192013912,0
True,2.61339601533814,0
True,2.71181740982938,0
True,2.38809779998876,0
True,1.81695228459815,0
True,1.30538445288852,0
True,3.4546217540803,0
True,1.52389206239889,0
True,1.23590492517669,0
True,1.65154403358742,0
True,1.27410100064637,0
True,2.05134957778704,0
True,1.96227711967206,0
True,2.04686317498983,0
True,2.93379762755422,0
True,1.64261325970962,0
True,3.73271782065181,0
True,1.18702044532745,0
True,1.20991933727972,0
True,1.31438263532052,0
True,1.55775646297421,0
True,1.14732901637508,0
True,2.02769153754238,0
True,1.46883724799985,0
True,0.978330753895285,0
True,1.85414343551629,0
True,0.930205224654073,0
True,1.1227934416763,0
True,2.14639490482714,0
True,1.69165296245189,0
True,2.01413500893527,0
True,2.89249731985205,0
True,1.37881529044136,0
True,2.08623723584952,0
True,1.10801594994919,0
True,0.85269448359649,0
True,1.21414441365663,0
True,2.95885726895765,0
True,2.48736761455531,0
True,3.19885526971307,0
True,2.87451979065117,0
True,2.5328157304803,0
True,2.44391840220201,0
True,3.39524861790824,0
True,3.66572121799116,0
True,2.68472162952593,0
True,3.48916978853754,0
True,1.89359523609283,0
True,1.28316922244329,0
True,3.07605109271298,0
True,1.43877608763274,0
True,3.68645646955062,0
True,2.4361579363498,0
True,2.11006538016721,0
True,3.01574090551948,0
True,3.22428625574358,0
True,1.38390340803123,0
True,3.53587827572052,0
True,2.24832572247131,0
True,2.00652336268933,0
True,1.57453150077048,0
True,1.18436352895444,0
True,0.765572729402088,0
True,2.47590947248953,0
True,1.13468859013167,0
True,1.42838426627067,0
True,1.11327752471949,0
True,0.923985860825475,0
True,1.94055989188351,0
True,0.721689673905506,0
True,1.32310356507285,0
True,2.30687854434777,0
True,2.0537956793822,0
True,3.238881095721,0
True,1.3251158809552,0
True,1.86585788487802,0
True,3.06314063974933,0
True,2.83314676641631,0
True,3.04454380413748,0
True,1.90313482023453,0
True,0.944055204992159,0
True,1.16006905079043,0
True,1.2309158782468,0
True,2.03272014601162,0
True,3.56832345487291,0
True,1.40321089323936,0
True,3.2253599616914,0
True,1.19700358350094,0
True,0.803952938895061,0
True,2.29717722744298,0
True,0.859409222950409,0
True,3.37700013402592,0
True,3.33885041338704,0
True,1.23600447773883,0
True,3.71017784454747,0
True,4.36446078548818,0
True,1.29002606114381,0
True,3.06625795454955,0
True,1.13479688968946,0
True,2.89364095425279,0
True,2.90146777371864,0
True,1.91920907109836,0
True,2.01846066631847,0
True,1.06204122276279,0
True,0.703518624587753,0
True,3.46525653028432,0
True,3.47164073648793,0
True,2.46403208574457,0
True,1.11922506788677,0
True,2.19304315939518,0
True,1.1623146773187,0
True,1.4497385914369,0
True,3.47139387551258,0
True,1.63256427371453,0
True,1.60595069858609,0
True,1.79783614007608,0
True,1.38251363760468,0
True,1.22741869770945,0
True,2.08337555488971,0
True,0.602468982102085,0
True,1.89655352716259,0
True,1.53832874666252,0
True,1.65911777338929,0
True,3.43012676667963,0
True,1.4798079943088,0
True,2.11077968317166,0
True,2.67060883885918,0
True,1.47684449337011,0
True,1.84768037618581,0
True,1.6496120967803,0
True,1.29838925116599,0
True,3.89407486319575,0
True,2.53097309535377,0
True,2.16892481090352,0
True,1.11426780803394,0
True,3.12331663078406,0
True,3.32309971235171,0
True,0.899821841646312,0
True,1.91686141309178,0
True,2.77742521822519,0
True,1.65437200491634,0
True,0.929130250342816,0
True,2.91686918204575,0
True,2.24701912370873,0
True,4.15725910008445,0
True,2.26935023696968,0
True,1.96045384489808,0
True,1.20755853397903,0
True,2.92931798983631,0
True,2.15692303148041,0
True,3.51642751920871,0
True,2.5297551833774,0
True,4.7051221847529,0
True,2.34851123884169,0
True,1.52400708211195,0
True,3.84347629903774,0
True,4.22785209229465,0
True,2.09489438296947,0
True,2.56599069534333,0
True,1.53532465153454,0
True,1.63342227353486,0
True,1.05666445040608,0
True,2.38230357591998,0
True,1.78833447864925,0
True,1.86273722911231,0
True,2.18651028705575,0
True,2.19244627945734,0
True,1.92841509202248,0
True,0.917080233096417,0
True,3.35594304281183,0
True,3.0064987588389,0
True,1.97364214696529,0
True,0.903573229834185,0
True,2.13133613641916,0
True,0.98124818368525,0
True,2.31496499303324,0
True,1.55236536352952,0
True,2.95939220359525,0
True,2.65433864023494,0
True,2.96453557088035,0
True,3.57472406473736,0
True,1.67553316452759,0
True,2.10316931732618,0
True,1.86989202559193,0
True,0.818047009217566,0
True,1.54849320607294,0
True,2.1438195027033,0
True,2.40610466640994,0
True,1.50110372205067,0
True,2.4554138853041,0
True,2.76449961558888,0
True,3.08938793932377,0
True,3.97952660364626,0
True,3.2300366965863,0
True,1.58225595243885,0
True,1.36258353872799,0
True,1.11445891011602,0
True,0.877929956440958,0
True,1.94300816826987,0
True,1.81327368375319,0
True,1.64608933283006,0
True,3.50018663797556,0
True,0.918381247267266,0
True,1.41650796927185,0
True,1.74262184771473,0
True,1.23014621614181,0
True,1.52000649255534,0
True,1.22300727983401,0
True,1.08230310310954,0
True,1.07348573246986,0
True,1.21686167588113,0
True,3.07879077940543,0
True,2.21838934717603,0
True,4.05272067312456,0
True,2.21395347417215,0
True,1.58045242190542,0
True,1.69726904260914,0
True,2.06866455295172,0
True,2.24865336777192,0
True,2.886661984292,0
True,1.15655806324104,0
True,1.91558909056637,0
True,1.49796087071239,0
True,1.41349682633064,0
True,1.62313014313185,0
True,1.41921325745434,0
True,2.20163078983202,0
True,0.962895063226611,0
True,0.807049570637942,0
True,1.82834026351196,0
True,1.28133088619143,0
True,1.15623449731351,0
True,1.76492734346206,0
True,1.45512331219258,0
True,3.48479079653013,0
True,3.33054665688304,0
True,1.07275511053496,0
True,2.07039455428809,0
True,2.10389852530398,0
True,2.88993645512259,0
True,1.81323329362277,0
True,3.52333510788666,0
True,2.6252494426519,0
True,1.85362610577272,0
True,2.28544518769884,0
True,1.11498115492874,0
True,1.18654254067266,0
True,1.92150518431602,0
True,1.1681534879465,0
True,2.03319057665923,0
True,1.66933412913687,0
True,1.3095145492764,0
True,1.18653872260401,0
True,1.99437970425734,0
True,2.98386536647014,0
True,0.614363453686832,0
True,2.12998336760463,0
True,2.26800782636021,0
True,1.77001562484161,0
True,1.07931103451607,0
True,1.09206017550619,0
True,1.39038221608361,0
True,1.75504573205619,0
True,1.15319943426271,0
True,2.07150580298968,0
True,2.23990465430381,0
True,1.55927897009676,0
True,2.78630290729479,0
True,1.88876797861791,0
True,3.9321212982262,0
True,2.57520349402057,0
True,2.57831987585657,0
True,0.994875752753155,0
True,1.25844188818098,0
True,1.01089219162347,0
True,1.62228810297378,0
True,1.38014044853436,0
True,2.18377038378187,0
True,2.06165178499384,0
True,1.88482074794889,0
True,1.6835422101198,0
True,1.95522070997907,0
True,2.92171892201104,0
True,3.41580516811827,0
True,1.53724940920916,0
True,1.32078890383744,0
True,3.12799836912136,0
True,2.34853363690306,0
True,1.04228873216119,0
True,1.85554813818722,0
True,1.88854547115891,0
True,1.28797214754431,0
True,2.83384273742534,0
True,1.15998859221277,0
True,1.20508503940399,0
True,1.39957274012207,0
True,2.90748447251861,0
True,4.29242665596226,0
True,2.67822801049421,0
True,1.79441365903984,0
True,1.33726849039314,0
True,3.12454984466529,0
True,3.40898668813624,0
True,1.73922107739533,0
True,1.90311596730655,0
True,1.39049916211912,0
True,2.60581698958793,0
True,2.85349337044373,0
True,1.20394938758323,0
True,1.5750719094107,0
True,2.2162131210224,0
True,1.27031241590856,0
True,1.99193824024759,0
True,3.35190320370876,0
True,1.84093409018188,0
True,1.34227216904293,0
True,3.23648805821342,0
True,1.6362646735565,0
True,1.12657075156541,0
True,2.62043290431736,0
True,1.59488835913575,0
True,1.24586511570616,0
True,3.14657099483972,0
True,3.26324481668217,0
True,0.949520502724581,0
True,1.9500537012314,0
True,3.44050136614711,0
True,1.62322738541335,0
True,1.83176371826956,0
True,2.0500212465537,0
True,1.94996607029372,0
True,2.9999103663891,0
True,1.77836555399629,0
True,2.62260226444373,0
True,1.88543693619107,0
True,1.67328094436635,0
True,1.1017976618868,0
True,1.32684556955577,0
True,1.43493064164161,0
True,0.611787611642692,0
True,1.30113947195437,0
True,1.73501592229347,0
True,1.72481851720879,0
True,1.00460116300792,0
True,1.43852305790348,0
True,2.68055044382172,0
True,0.874974450302717,0
True,3.69618746718286,0
True,2.94171025952042,0
True,1.18547008864604,0
True,1.67322610120969,0
True,1.3054618086428,0
True,1.24298602537022,0
True,1.04891919446404,0
True,2.25049427260108,0
True,1.16750558588707,0
True,1.20480495463685,0
True,2.83387354971152,0
True,2.62850807372827,0
True,1.80540542590213,0
True,1.92596832340097,0
True,1.3634587249899,0
True,2.89601250355126,0
True,3.08619780587927,0
True,1.47440888926667,0
True,1.28642898374504,0
True,3.34868974143596,0
True,1.76832821016004,0
True,1.09308667657345,0
True,2.39322270358725,0
True,1.57041035648942,0
True,0.793186491611348,0
True,2.09286108158623,0
True,1.82045618850853,0
True,2.55207306111595,0
True,1.14514424003285,0
True,1.57917007638712,0
True,0.901857596159712,0
True,1.53157345423785,0
True,1.07261873057511,0
True,0.861453707176737,0
True,2.03218612780172,0
True,1.88681263041093,0
True,3.71556003391144,0
True,4.70434798968452,0
True,2.05557419779574,0
True,1.08923882986126,0
True,1.60234767339217,0
True,1.8608474151794,0
True,1.44719646355367,0
True,1.97928467516145,0
True,1.60952425328626,0
True,1.93273417168804,0
True,1.22515868784028,0
True,2.06100450424263,0
True,2.97252995366435,0
True,1.02272220141068,0
True,2.45005323945297,0
True,3.63222357478736,0
True,1.77450770986079,0
True,2.87253854791041,0
True,3.57781997995384,0
True,3.20091418174779,0
True,1.16838851042818,0
True,1.40914307918311,0
True,3.26009957213834,0
True,3.4042743105543,0
True,2.18198487652967,0
True,0.897011476784301,0
True,3.53756051538185,0
True,1.15726326710239,0
True,2.06284378624333,0
True,1.82432985767318,0
True,2.72667326281695,0
True,3.79969459343371,0
True,2.28813789000635,0
True,1.8533257720925,0
True,3.54541317746247,0
True,3.07449749998623,0
True,0.989545317912921,0
True,2.32604387520105,0
True,0.774329365773854,0
True,0.86378879350022,0
True,1.47928412658114,0
True,3.38061398847816,0
True,2.11975678323074,0
True,2.8741760710679,0
True,1.54721711381026,0
True,3.41322877002377,0
True,1.90755933297012,0
True,2.06961131895407,0
True,0.908015201242553,0
True,1.40038007959007,0
True,1.40210355674683,0
True,1.72649197467666,0
True,1.31147437143522,0
True,2.88139987315133,0
True,2.96828725453128,0
True,1.76235165003584,0
True,3.07007419897628,0
True,2.22149269436247,0
True,1.59545043205455,0
True,3.34171111850568,0
True,1.91677692940885,0
True,1.81458366962251,0
True,2.60666458584664,0
True,1.67627786627192,0
True,2.0668576923058,0
True,4.1966059296161,0
True,4.52388924420612,0
True,1.97942680369597,0
True,1.3276235817142,0
True,1.81786496557547,0
True,2.15714135080712,0
True,1.33022433992064,0
True,2.26525238473249,0
True,1.34466457768417,0
True,1.43649484256775,0
True,2.0337509883028,0
True,3.90438435786916,0
True,1.23187865686424,0
True,0.891041866720464,0
True,1.56100036328992,0
True,2.17152214524109,0
True,1.90629393186106,0
True,4.11392009647908,0
True,2.73055820414219,0
True,3.63525144508665,0
True,3.51314458271024,0
True,1.64283910966135,0
True,2.0147044139771,0
True,1.06503785599515,0
True,2.7454189407502,0
True,2.61435092105393,0
True,2.15776368229322,0
True,3.19521145388067,0
True,1.82498232777248,0
True,1.37275446973688,0
True,2.15173003437203,0
True,2.4273635215203,0
True,1.19781338282766,0
True,2.12927169847188,0
True,1.50770400811385,0
True,0.991809180479666,0
True,2.90967729090655,0
True,2.02991311515499,0
True,3.03039920328225,0
True,1.62360416999302,0
True,1.82422676863978,0
True,0.663462455710989,0
True,0.637703567084159,0
True,1.4570335449063,0
True,1.34361050587131,0
True,1.86601829185197,0
True,2.3123676598789,0
True,1.37535851095622,0
True,1.01882294062281,0
True,1.31629308604934,0
True,3.81129723238717,0
True,3.08195764735288,0
True,1.15124972071515,0
True,1.0655734544322,0
True,1.67300722870351,0
True,1.26007457184233,0
True,1.07742702898016,0
True,0.941904322277026,0
True,1.19130355586195,0
True,3.62579471395062,0
True,1.43453255637697,0
True,1.67282357683615,0
True,1.16348798146843,0
True,1.98444863275346,0
True,3.57613115516558,0
True,3.15171153596191,0
True,1.79077578206406,0
True,1.84110703593115,0
True,2.23987372311082,0
True,0.872434218251701,0
True,2.51763631109387,0
True,3.05506957070984,0
True,1.03094335534161,0
True,3.01969436308818,0
True,0.677928902698197,0
True,1.8587922337226,0
True,1.7885960232083,0
True,2.40406328472975,0
True,1.74194222723731,0
True,1.76543028102581,0
True,1.76990984603284,0
True,2.31639818069648,0
True,1.61762507446655,0
True,2.22222426817341,0
True,1.65346420631341,0
True,3.47302894790291,0
True,1.79463302437111,0
True,2.00320317419231,0
True,1.37754809926555,0
True,4.41798836011796,0
True,2.45018422930342,0
True,0.704001241534967,0
True,1.31181917562016,0
True,1.61543104190065,0
True,1.7675895554478,0
True,1.86623211870603,0
True,2.82605878390387,0
True,2.42858464452852,0
True,1.18469196347963,0
True,1.65698410780956,0
True,0.97574997153445,0
True,1.77649511920869,0
True,2.44150182795642,0
True,1.89265392011277,0
True,0.850822983266429,0
True,1.36353508509594,0
True,1.58998036612937,0
True,1.83414413264849,0
True,2.80118891421234,0
True,1.98685066268085,0
True,0.805906742276667,0
True,4.24743021609255,0
True,1.37609150565815,0
True,2.39275057447198,0
True,2.30646736919784,0
True,2.70334727714723,0
True,1.37298710067217,0
True,1.51296793728957,0
True,1.21479226834169,0
True,1.23508565345083,0
True,2.39790172079504,0
True,2.28146733457216,0
True,0.699706825519736,0
True,1.86517898186565,0
True,1.78510736550411,0
True,2.06537094702232,0
True,2.49510562428683,0
True,1.39365878661767,0
True,3.71487734556954,0
True,3.24025110361278,0
True,2.58261804971727,0
True,2.83222731952105,0
True,2.22382733641002,0
True,1.09155996003456,0
True,1.42792105067851,0
True,2.31813558498908,0
True,1.36828795769287,0
True,1.03804170618929,0
True,2.15801502521169,0
True,1.17717203332004,0
True,2.25215811027564,0
True,3.18428131618879,0
True,1.83691258665157,0
True,1.5433235605267,0
True,1.72215003890632,0
True,0.996215442250758,0
True,2.13724097348408,0
True,2.92812498907114,0
True,3.7238395231508,0
True,1.73872262062344,0
True,0.892377161171768,0
True,1.35289282386256,0
True,2.13240663602156,0
True,2.51360181437822,0
True,2.42915830842307,0
True,2.16827552997331,0
True,1.46920196059004,0
True,2.01548588693176,0
True,1.51957960060064,0
True,1.47018560974919,0
True,2.37555005693069,0
True,1.68031298361049,0
True,1.45572350274163,0
True,0.981483036997345,0
True,3.56017432171131,0
True,3.76682028359974,0
True,1.52329393271466,0
True,1.17171784762112,0
True,1.82263416492928,0
True,2.84676864710706,0
True,1.75875113012207,0
True,1.589277834508,0
True,3.65237661730557,0
True,2.74756675481185,0
True,2.2037532317836,0
True,2.12578312794916,0
True,1.62220659961937,0
True,2.04113837233281,0
True,3.60108700154928,0
True,1.57775869296781,0
True,1.5000580131697,0
True,0.886551151142961,0
True,1.36636719686665,0
True,0.929287484616506,0
True,1.57671362550125,0
True,1.18526029898171,0
True,2.65446738562508,0
True,2.79419643993027,0
True,1.36644171836178,0
True,1.91954814973059,0
True,1.56566920360359,0
True,3.23184023843637,0
True,1.15075466248693,0
True,1.06327848503075,0
True,1.85401833247524,0
True,2.03450948304778,0
True,2.37208819114432,0
True,1.15515426611522,0
True,2.23516982600619,0
True,2.0283491723432,0
True,1.92395820238827,0
True,1.61742331535562,0
True,3.36045836547645,0
True,2.13887503481056,0
True,1.06360489459902,0
True,3.23904737981712,0
True,2.54187133493781,0
True,1.44869870286582,0
True,1.59588170282765,0
True,3.79255539155586,0
True,1.78799276395433,0
True,2.4118872750601,0
True,2.25249630599805,0
True,0.826329906154244,0
True,0.997060937511494,0
True,1.46328645877265,0
True,1.42804648448779,0
True,3.46517208899444,0
True,2.50353823589006,0
True,1.75512488485292,0
True,2.12143771360155,0
True,1.19843756401319,0
True,1.40532588215641,0
True,1.21134519349525,0
True,1.55865873037062,0
True,1.767666714092,0
True,2.37777134456665,0
True,1.77184881096796,0
True,1.58910342021618,0
True,1.31307151768708,0
True,1.84066196908903,0
True,1.8438837733271,0
True,2.5894376820235,0
True,1.2522509718163,0
True,3.11231313123337,0
True,4.70948122622481,0
True,1.58163065882302,0
True,2.43879562548915,0
True,1.20445791837537,0
True,1.32748099625742,0
True,1.57617763660027,0
True,2.17640561301861,0
True,2.49588035038121,0
True,2.57957389820845,0
True,2.75925605771213,0
True,1.23396341988322,0
True,1.14460036453759,0
True,2.39135706228564,0
True,2.80404067666001,0
True,1.47701649316506,0
True,2.31535360289304,0
True,2.07562304781781,0
True,1.07495063935175,0
True,2.03283536466883,0
True,1.70495361639786,0
True,1.04171033642084,0
True,2.70365324968222,0
True,1.52977965145285,0
True,1.53689779292491,0
True,1.42186402801728,0
True,0.851384214117727,0
True,4.02864804243491,0
True,4.16386319728578,0
True,2.99801649424752,0
True,2.91198657729076,0
True,1.50841020307837,0
True,1.69998561084391,0
True,1.84944387726979,0
True,1.90710763899712,0
True,2.53619457133349,0
True,2.43856620501406,0
True,2.15874960772559,0
True,2.6523614272989,0
True,2.63757695595012,0
True,2.61045078737815,0
True,2.35004551097676,0
True,2.35280248486919,0
True,1.26992868917909,0
True,1.74260018601152,0
True,2.25932178125371,0
True,3.11351639212109,0
True,2.59859931411816,0
True,1.63144131347007,0
True,2.39381320030437,0
True,1.76900742251825,0
True,1.0786640129588,0
True,1.40155457575703,0
True,1.1052978854679,0
True,0.565711535135909,0
True,1.32045135968346,0
True,3.39786676873307,0
True,1.1245897286934,0
True,1.75517223017558,0
True,2.39714213917042,0
True,4.47606873748233,0
True,1.79036595263313,0
True,1.43491696190051,0
True,2.55522340531267,0
True,2.76368433609001,0
True,3.4608974367256,0
True,2.34434023160267,0
True,1.06208393691051,0
True,0.934122754865992,0
True,2.5243666233336,0
True,1.56232399166145,0
True,1.14225921797215,0
True,2.16996527714377,0
True,0.962739273142969,0
True,0.949000127871534,0
True,2.1373799555231,0
True,3.50480578641877,0
True,1.42685973331837,0
True,3.74515287906861,0
True,2.6612383185496,0
True,2.96449052831093,0
True,1.76760921473065,0
True,0.92503497210774,0
True,1.76620586657878,0
True,1.2573012131317,0
True,1.80674276105219,0
True,1.91743882698872,0
True,1.99866657334975,0
True,1.70444215439169,0
True,2.69841808363114,0
True,1.96274923147095,0
True,1.49622339320259,0
True,0.864150675508346,0
True,2.94294665945252,0
True,1.07839362325624,0
True,3.11826502923659,0
True,1.01891668465132,0
True,1.77327809275127,0
True,1.21127052403288,0
True,1.88218653567516,0
True,3.02911041580321,0
True,2.9617217144596,0
True,3.90461778724701,0
True,1.8112250103089,0
True,1.29250752403845,0
True,1.97205879246972,0
True,1.69906251006036,0
True,1.86937676290453,0
True,0.822905238578696,0
True,0.565889746604603,0
True,0.787671424684237,0
True,0.964574091836735,0
True,1.11766041770054,0
True,0.894942591515178,0
True,2.82503607638051,0
True,2.81740602579786,0
True,1.3308319027429,0
True,2.32553063577069,0
True,1.48512338245632,0
True,1.5602136522636,0
True,1.91543245251784,0
True,1.35268872603004,0
True,2.13011067013898,0
True,2.59664204272035,0
True,1.5641894179903,0
True,2.60000673252073,0
True,1.96564743784683,0
True,1.19393022295419,0
True,1.3222645935643,0
True,3.32180588407112,0
True,0.739732200699995,0
True,1.94603943465465,0
True,2.18869375643002,0
True,2.12811337115409,0
True,2.12717558143272,0
True,1.91507835974842,0
True,1.23859449470295,0
True,1.61337326292299,0
True,1.97470235512882,0
True,2.08826004107483,0
True,2.06704097421152,0
True,2.26424572571135,0
True,1.88272756129994,0
True,1.76821453740606,0
True,0.98959895361414,0
True,1.53899330205838,0
True,0.981575107885783,0
True,2.40426421760798,0
True,1.60121945208748,0
True,1.58581395453097,0
True,1.32972245064993,0
True,1.96806217489618,0
True,3.04721400907643,0
True,0.810848100074391,0
True,1.4131528550215,0
True,1.96214300127721,0
True,2.76903731041734,0
True,1.76204325054415,0
True,1.439866228492,0
True,2.69500768686491,0
True,1.26442101067248,0
True,1.78758853632361,0
True,1.19105094468215,0
True,3.84064138762658,0
True,2.13240544388886,0
True,3.50097502992715,0
True,3.44362534716593,0
True,3.77436639882632,0
True,2.21754583644968,0
True,1.27097092286077,0
True,1.73976667148499,0
True,4.05299415933053,0
True,4.15006822062115,0
True,1.78860273513587,0
True,1.39429921766409,0
True,1.75150235398536,0
True,2.11539087148816,0
True,1.87199139934472,0
True,0.911130512643838,0
True,1.78924438366304,0
True,2.07248310541663,0
True,1.24387383638888,0
True,2.09772320829491,0
True,3.55984587656724,0
True,3.46567965141891,0
True,3.52492564590673,0
True,1.35857385413031,0
True,1.53030860924288,0
True,2.24132735819187,0
True,0.846712460305558,0
True,2.70816084089626,0
True,0.984595090297776,0
True,0.801651424939557,0
True,1.96200605720616,0
True,2.29468410522569,0
True,2.26052459376351,0
True,2.00874729104993,0
True,1.69921181579621,0
True,2.63656029493376,0
True,1.03825857692412,0
True,0.877242533369459,0
True,0.623630327760303,0
True,1.61331770206349,0
True,2.76394206744346,0
True,3.05968940572623,0
True,2.45396647034734,0
True,2.29103740905012,0
True,1.95231442248781,0
True,2.51282001754441,0
True,2.03490372334066,0
True,1.94387429412337,0
True,0.953374621886576,0
True,0.854704456465752,0
True,1.83889650991614,0
True,1.18753345904759,0
True,3.22823400080969,0
True,1.98087402447399,0
True,1.09610160934854,0
True,1.8861497765386,0
True,1.14020381747426,0
True,1.73803161793633,0
True,1.83657231953631,0
True,3.92963117334856,0
True,2.87228167826353,0
True,2.262010382828,0
True,2.02158994464017,0
True,3.27843841025125,0
True,1.78555494359466,0
True,1.01674842890306,0
True,3.39589599790565,0
True,1.85660630773426,0
True,2.18645495765779,0
True,2.18909812350066,0
True,1.17681759296711,0
True,1.32068367448591,0
True,1.51798825737254,0
True,1.61565642321531,0
True,3.3357492637063,0
True,2.60282580502708,0
True,3.49465294146174,0
True,3.17813846307156,0
True,1.3708652614975,0
True,2.33135594399369,0
True,1.75353799565658,0
True,1.9321900284279,0
True,1.7410056184755,0
True,3.1158176713909,0
True,2.31410132280695,0
True,1.40745591936966,0
True,1.07343544334417,0
True,1.82456220390292,0
True,1.44154970171662,0
True,1.36055197128352,0
True,2.32595494303052,0
True,1.89826283247245,0
True,1.15669122548946,0
True,0.988205718886116,0
True,2.04669236998102,0
True,1.51566328485973,0
True,1.50795938206735,0
True,2.69902465885371,0
True,1.42272883223282,0
True,2.56002221616506,0
True,1.45400535359434,0
True,1.71386523060285,0
True,1.15094222522931,0
True,2.12656725559601,0
True,2.83808292690662,0
True,1.2271471699788,0
True,1.52994106463762,0
True,1.16662709640145,0
True,1.06323238901421,0
True,0.747862044999395,0
True,2.06987907643903,0
True,2.15179280330702,0
True,2.2639016902667,0
True,3.99214598149121,0
True,2.20397007646531,0
True,2.92573835261557,0
True,1.34047237711523,0
True,2.23657937011406,0
True,3.53354064308134,0
True,1.17783547964554,0
True,1.65249368888015,0
True,3.22753691924805,0
True,3.73660954742908,0
True,3.71013837952723,0
True,3.92930286536953,0
True,1.39946577111198,0
True,1.55131968925327,0
True,1.19126783135428,0
True,1.45126245160953,0
True,0.844084970610315,0
True,2.32301625822977,0
True,2.18864882192016,0
True,2.76196020761727,0
True,2.37865965571721,0
True,1.05604726845927,0
True,1.51740847795125,0
True,2.3122805910791,0
True,2.12707405343119,0
True,1.62919459837431,0
True,2.22431792632476,0
True,1.23599561921437,0
True,1.90865540244927,0
True,1.50437165542135,0
True,1.38141036798216,0
True,1.0742782445893,0
True,2.22807837189264,0
True,2.03842134916749,0
True,0.905950526068321,0
True,3.4866711872979,0
True,1.31146267325825,0
True,3.59984216551633,0
True,1.08004079528734,0
True,1.85050486534259,0
True,1.338400801582,0
True,1.91983729721749,0
True,1.05368497777057,0
True,1.2330661962796,0
True,1.44300840106353,0
True,1.93220765959203,0
True,1.6317605849905,0
True,1.53483588085571,0
True,2.33797209540701,0
True,2.26229064600282,0
True,1.26610899498481,0
True,1.66909111698761,0
True,1.2913611404083,0
True,1.44405505717285,0
True,1.93132588280251,0
True,1.48571462400439,0
True,1.66598296401943,0
True,2.02846786995246,0
True,2.90369306182811,0
True,4.00039437999779,0
True,2.39586701334105,0
True,1.52919361739462,0
True,1.35944368047304,0
True,1.4788756950396,0
True,2.87015920382747,0
True,3.39772158587717,0
True,1.24680415386607,0
True,4.12530016714328,0
True,1.69196155333797,0
True,0.809607386784351,0
True,0.76725524537384,0
True,1.20607328719384,0
True,2.9835070986773,0
True,2.00069166607167,0
True,1.3232975907616,0
True,1.79881259164187,0
True,0.921316845265953,0
True,2.23243747633474,0
True,1.926028531214,0
True,2.18852284479773,0
True,1.66721754753111,0
True,0.713840016370376,0
True,1.33211750618862,0
True,1.59625763549138,0
True,1.67779627557506,0
True,1.72393521297008,0
True,2.59945362175023,0
True,2.43449594856613,0
True,2.1784075465157,0
True,1.02231616580364,0
True,2.04657488539013,0
True,2.08152951313316,0
True,1.19252157218592,0
True,1.4275496052354,0
True,2.10531777967874,0
True,2.02729173368476,0
True,3.27920006494405,0
True,2.67187392636384,0
True,1.53890245977235,0
True,2.43294267492446,0
True,1.01872719971809,0
True,1.09702630368939,0
True,2.8031258035102,0
True,2.46375005075792,0
True,1.78739656118194,0
True,2.83680667349625,0
True,2.10988952456879,0
True,1.72487758565787,0
True,1.35171255774276,0
True,2.15877725679228,0
True,1.68089255374192,0
True,1.91819958598841,0
True,1.61381506109851,0
True,0.918620241069384,0
True,1.90584128103371,0
True,2.57983206309459,0
True,0.814865707928342,0
True,3.71557607012269,0
True,3.99703602417375,0
True,3.55299792225053,0
True,1.2452451808414,0
True,0.900933513337933,0
True,2.3479509772014,0
True,2.36179671647552,0
True,1.09988378569203,0
True,1.17669228472194,0
True,1.04438643349512,0
True,1.66473432292215,0
True,2.43734389011164,0
True,2.56175436262551,0
True,4.38387168007787,0
True,1.82871856105247,0
True,3.05667013235044,0
True,1.30977087205511,0
True,0.695768488502328,0
True,3.00108936777895,0
True,4.06826415627135,0
True,2.8628252280171,0
True,1.41738204014325,0
True,1.54830509061318,0
True,0.99321295853381,0
True,0.74027163599325,0
True,0.89862706260309,0
True,1.6448907081329,0
True,3.31001718619298,0
True,2.03446635538965,0
True,0.675191105749546,0
True,1.74673128251035,0
True,1.01722948274706,0
True,1.11607038507111,0
True,1.55320749927124,0
True,2.02281368330538,0
True,1.32220619406276,0
True,2.01493851564658,0
True,1.08141075972433,0
True,2.26638639354514,0
True,1.14954732134763,0
True,0.711299445112752,0
True,1.43301999737724,0
True,2.44398605537879,0
True,3.61010714790746,0
True,3.2951993869974,0
True,2.20044790710694,0
True,0.427781619549049,0
True,3.58879785834391,0
True,2.08384008715898,0
True,1.38753664320628,0
True,2.22399421925308,0
True,1.81501985268876,0
True,1.6481782988835,0
True,0.89455729381479,0
True,3.25184354251617,0
True,1.91010020659824,0
True,0.907761673919649,0
True,1.2523403270172,0
True,2.25221443059378,0
True,1.84328673960605,0
True,1.79699163843633,0
True,0.678495237542542,0
True,1.62241898137519,0
True,1.63743603275027,0
True,3.18812209349504,0
True,1.06711418636712,0
True,2.02202245935636,0
True,1.49178550192091,0
True,2.74448560981306,0
True,2.51843241586571,0
True,1.59109329769674,0
True,1.53797377298804,0
True,1.55491931888372,0
True,1.91028835974549,0
True,2.20000038416841,0
True,1.55550426485638,0
True,1.89593081315143,0
True,3.28706544706761,0
True,3.0364545975965,0
True,0.872626018653529,0
True,1.02289201884852,0
True,2.52743154099057,0
True,2.82526551212354,0
True,1.18987002173898,0
True,3.61420282274079,0
True,2.19932609159881,0
True,0.947445953221137,0
True,1.90357016874524,0
True,2.30588503402981,0
True,0.969835509699531,0
True,1.73689929826331,0
True,4.04031781638147,0
True,1.96487874573263,0
True,2.2951484097518,0
True,2.38872565932054,0
True,1.63755866478282,0
True,0.879681536462507,0
True,1.44416829402867,0
True,1.57820071243878,0
True,1.80958024926722,0
True,1.88345273719108,0
True,2.76859470810105,0
True,1.49475103747463,0
True,2.74440676325842,0
True,1.62369897060336,0
True,0.792914918102935,0
True,1.67971400935591,0
True,3.35718545256725,0
True,2.43398704676229,0
True,2.06738257645353,0
True,1.67895814815527,0
True,2.83668446477974,0
True,2.33250024352898,0
True,3.19397383100018,0
True,2.24542229039151,0
True,2.18041308566493,0
True,0.802664544711679,0
True,2.58957150719432,0
True,2.56512876253405,0
True,2.19351165346482,0
True,1.09813053724594,0
True,1.43366403465175,0
True,2.12648954833939,0
True,1.96170903531134,0
True,1.11437719681086,0
True,2.87955967739724,0
True,2.36872180772233,0
True,2.65738462266121,0
True,1.98715472398687,0
True,0.847844825874156,0
True,1.85490251324645,0
True,2.6531367698247,0
True,2.74995581306602,0
True,1.92153095347865,0
True,1.62136677408352,0
True,1.50128153334913,0
True,3.25847909971015,0
True,1.7998940139118,0
True,2.7405210313437,0
True,1.70085293673616,0
True,1.31813203559596,0
True,1.19892553917239,0
True,1.14250966380366,0
True,0.662557826454097,0
True,2.06532249735057,0
True,0.93119513398186,0
True,2.40279890532746,0
True,1.65219657270269,0
True,2.46216726541238,0
True,0.974025004012094,0
True,2.05864399591412,0
True,2.58731937018467,0
True,3.91377019908313,0
True,2.86578731653969,0
True,1.2152628688456,0
True,2.9680440411577,0
True,2.09432131378387,0
True,1.93608157638156,0
True,1.30993106034333,0
True,1.36252094016087,0
True,1.67503244234302,0
True,1.30996689429924,0
True,2.16912107812892,0
True,2.65849531088928,0
True,2.04593525268031,0
True,1.72509347117436,0
True,1.2152236250102,0
True,1.2614828380809,0
True,1.01284143464881,0
True,2.26501596516888,0
True,2.40624418031341,0
True,1.37174054904262,0
True,0.767113467920866,0
True,1.80092724748251,0
True,1.80420870467177,0
True,1.92798667882942,0
True,1.21669634050548,0
True,1.44311955779636,0
True,1.64930757207882,0
True,2.22175700948468,0
True,1.45182673542748,0
True,1.04426724488021,0
True,3.48918145403845,0
True,2.83493805270652,0
True,2.2511168814092,0
True,1.20601556650886,0
True,1.14147833437064,0
True,2.08699137854622,0
True,2.68980184447221,0
True,2.01393817852182,0
True,1.77404753862626,0
True,1.26109728310726,0
True,1.38412167732011,0
True,2.38116421238164,0
True,3.41763684152417,0
True,4.53766065475252,0
True,3.71383039803179,0
True,2.24645720572757,0
True,1.31566725351446,0
True,2.78099158030936,0
True,1.19852283682855,0
True,2.17337818608694,0
True,0.931264437265071,0
True,1.86676795862192,0
True,1.15200467914458,0
True,1.60653865968442,0
True,3.46805791025108,0
True,2.03069177930897,0
True,2.91590214219231,0
True,1.25366278888585,0
True,1.01844920606027,0
True,2.31537591199874,0
True,2.87493244739005,0
True,0.838015566510506,0
True,1.22482944310788,0
True,1.42051438176372,0
True,1.77456411873766,0
True,2.99872978215605,0
True,2.76329915960691,0
True,1.0008390984433,0
True,2.75569414224876,0
True,2.7176555172847,0
True,1.42894514199159,0
True,3.81213068720768,0
True,2.21171534634651,0
True,0.966715859193979,0
True,2.9174117735308,0
True,0.588659270216961,0
True,1.88548587711486,0
True,2.04691507371165,0
True,2.14342452859336,0
True,1.26664769045277,0
True,2.13719281038593,0
True,1.89455468305812,0
True,3.82126985420113,0
True,2.63969281034784,0
True,1.8662979443888,0
True,1.19506358842876,0
True,2.46574093591448,0
True,1.41591918012937,0
True,2.70020383260078,0
True,0.816623992473319,0
True,1.67897653302689,0
True,1.39926016230819,0
True,1.34772007370297,0
True,1.61643141466484,0
True,1.95547182883157,0
True,2.32173371132789,0
True,0.97166754769087,0
True,3.83717215191081,0
True,0.888603207506672,0
True,1.91382147491545,0
True,1.03177032774233,0
True,1.55382166285783,0
True,0.863269470499958,0
True,1.09588017515406,0
True,1.89608901376781,0
True,1.67247813936883,0
True,1.61858397299827,0
True,1.50612485274668,0
True,1.43259499671797,0
True,1.3604375282521,0
True,1.50126509378115,0
True,1.206834522865,0
True,1.26967354534798,0
True,1.60361713150595,0
True,0.973729734878084,0
True,1.68755341157953,0
True,1.10080146033083,0
True,1.65989628226154,0
True,2.27541352753544,0
True,0.998474346938254,0
True,2.43354860010702,0
True,0.998059898503092,0
True,1.41026209169691,0
True,3.27478658720185,0
True,4.10370617869233,0
True,2.54754658100063,0
True,1.29797259739671,0
True,2.11210967281909,0
True,2.54864081746984,0
True,1.4922610744704,0
True,0.759783885921003,0
True,1.96286601884183,0
True,1.95170778496161,0
True,2.52562233114495,0
True,1.209744035417,0
True,2.5993480720349,0
True,3.39660851270655,0
True,1.12052645579837,0
True,1.25937583519701,0
True,0.82801706679112,0
True,1.93036116128241,0
True,1.06160574513217,0
True,1.34876346088053,0
True,0.911924034448018,0
True,1.46478422404832,0
True,1.53933159875956,0
True,2.44385961884051,0
True,3.92651362005248,0
True,2.68773166774772,0
True,3.11430594126136,0
True,2.41129526819194,0
True,1.5476817588856,0
True,3.83435880135921,0
True,2.74981887971164,0
True,0.954252754609894,0
True,1.7089559581084,0
True,2.93883800881226,0
True,0.9148366001851,0
True,1.16939123058628,0
True,1.06168494798547,0
True,1.27697737129806,0
True,2.45954898144377,0
True,2.4461750577803,0
True,1.54659400771815,0
True,1.75095822730315,0
True,2.48737607877643,0
True,1.02310208861741,0
True,1.84003067933924,0
True,1.51026229074765,0
True,1.86365206509642,0
True,1.26346112211224,0
True,2.076607435449,0
True,1.93667191932069,0
True,1.47609940585106,0
True,1.91943229271627,0
True,3.83436625454578,0
True,3.56263665804013,0
True,4.10712529472137,0
True,3.42250317254936,0
True,3.09076522959264,0
True,2.03994063143617,0
True,1.65426976855507,0
True,0.999195780670784,0
True,0.393945985536543,0
True,2.26435874524962,0
True,2.73437736297395,0
True,2.21502323642937,0
True,0.858062413268186,0
True,1.71223802464103,0
True,1.50136852145872,0
True,2.28134197810328,0
True,1.17342162479036,0
True,1.32220912947787,0
True,1.34967873388819,0
True,1.74810789116871,0
True,2.29356163530344,0
True,2.06826929687015,0
True,1.69886921264545,0
True,1.74262771236221,0
True,1.17023120737587,0
True,1.84459369590103,0
True,1.34454045011049,0
True,0.59567977216022,0
True,1.06982875882956,0
True,3.65933485179223,0
True,3.44157006594752,0
True,0.762118004141173,0
True,1.19904755635606,0
True,1.70623359180687,0
True,3.65674511284058,0
True,3.08373788601192,0
True,1.26963333963187,0
True,2.34255486065008,0
True,0.896011535980845,0
True,2.0056536448533,0
True,1.56936205996513,0
True,2.01552219093844,0
True,2.69922632996367,0
True,2.32664476480154,0
True,1.14849094720199,0
True,1.17673185747062,0
True,3.41795210630747,0
True,0.934937667499249,0
True,2.32045295512054,0
True,1.54885904121102,0
True,2.61670726331438,0
True,0.898935002034738,0
True,2.053054266011,0
True,2.41051531755126,0
True,2.10048686723445,0
True,3.03236472131116,0
True,1.25821911433632,0
True,1.70226921851559,0
True,0.852282900245997,0
True,1.80408461936006,0
True,2.56131933437563,0
True,2.36690055633904,0
True,1.81657195925417,0
True,0.865561378928443,0
True,1.95599739145236,0
True,2.75282832926459,0
True,2.4486908771476,0
True,0.934014283707488,0
True,3.25919261507579,0
True,0.999369840349726,0
True,1.27948601409574,0
True,2.69639391113146,0
True,2.91630619235061,0
True,1.09506806375225,0
True,1.1567687848355,0
True,2.94474973176549,0
True,1.931909122177,0
True,2.24001335770853,0
True,1.5815095819951,0
True,2.77976753433605,0
True,1.20074021754324,0
True,3.21910335597947,0
True,2.34679772992529,0
True,1.51950885914235,0
True,2.01789457686391,0
True,2.55749402499632,0
True,1.75377904340559,0
True,1.71957380847471,0
True,1.02344199901081,0
True,1.43560082966788,0
True,2.6031038043354,0
True,3.75185993889478,0
True,3.09244241894617,0
True,2.35662799364938,0
True,2.2760373319017,0
True,1.46420246873752,0
True,1.00960048877487,0
True,1.41994488844188,0
True,1.80488908517553,0
True,1.0775732327758,0
True,2.91781659219651,0
True,2.59456304837476,0
True,3.39964443289582,0
True,1.97093410880351,0
True,1.63486477967485,0
True,1.77104904681291,0
True,2.28533356067788,0
True,2.21541711881229,0
True,2.94381721634021,0
True,2.5596017888035,0
True,2.14288359880938,0
True,2.40638801256158,0
True,1.03176746805162,0
True,1.56440778765195,0
True,1.50949396810934,0
True,0.767994559513964,0
True,1.02045905354847,0
True,2.47754075819551,0
True,2.30140444804531,0
True,3.74378230537652,0
True,2.94264092612517,0
True,2.59380384644178,0
True,1.06298320108142,0
True,1.79516674186765,0
True,0.744491056026837,0
True,1.40120425381539,0
True,3.75396664424433,0
True,3.30617612310051,0
True,2.54173157517809,0
True,1.89671517572768,0
True,1.15685952755811,0
True,2.3313249677757,0
True,3.68547524094091,0
True,1.28765722294791,0
True,1.55997307215563,0
True,0.770958376253518,0
True,4.13496950112809,0
True,2.43655527184644,0
True,1.31599877395379,0
True,1.12942990835733,0
True,2.59292695598489,0
True,2.11122805414124,0
True,1.84904475582789,0
True,0.966171791478749,0
True,0.750020984040943,0
True,0.85534602913453,0
True,1.57690019040167,0
True,2.30734354412596,0
True,1.51642546345577,0
True,2.18387286960591,0
True,1.13536408640213,0
True,2.46017361542254,0
True,1.91060328657095,0
True,1.96352292974827,0
True,1.11314296491012,0
True,2.76448608083594,0
True,2.64949491812954,0
True,1.49368403358422,0
True,1.66232700244236,0
True,0.749368502464263,0
True,2.45989782653108,0
True,2.98778764677236,0
True,3.30462575960057,0
True,0.897571956614115,0
True,1.29183987083114,0
True,1.56374468096523,0
True,1.62324301158738,0
True,2.32919257446597,0
True,1.57511415297278,0
True,1.9407242714393,0
True,2.35276719284804,0
True,1.65892137105131,0
True,1.33641837831259,0
True,2.35936423694382,0
True,1.92962862090186,0
True,1.65720642998136,0
True,2.73156290765206,0
True,1.04347304268688,0
True,1.2248467974198,0
True,1.84260498407807,0
True,1.61677223520897,0
True,1.07721923589817,0
True,1.82172139233863,0
True,4.04390621325299,0
True,2.56128829779766,0
True,1.37253365537079,0
True,3.49404651606987,0
True,0.92889381457562,0
True,3.29728010881201,0
True,1.47096855973069,0
True,1.17169509042939,0
True,1.83699280970474,0
True,2.41212478232959,0
True,2.36096039009225,0
True,2.10381836968273,0
True,1.93241499049969,0
True,1.5524783806881,0
True,1.03499622173817,0
True,1.67181559670133,0
True,1.31727714506177,0
True,1.53831054936456,0
True,1.27863760613514,0
True,3.28907831889211,0
True,1.7811376603265,0
True,2.28560481816883,0
True,1.94075512755402,0
True,2.35006197672712,0
True,2.3346730310702,0
True,0.973823258590347,0
True,1.66601751411613,0
True,2.5860374789301,0
True,1.7450704017874,0
True,3.66523523843804,0
True,1.38445754588537,0
True,2.31154587375115,0
True,1.83635346397366,0
True,1.21253069670814,0
True,1.49676769818174,0
True,0.978655238338319,0
True,2.14710604863054,0
True,0.947851402481561,0
True,3.47692753119708,0
True,1.78885854892165,0
True,1.31586176960718,0
True,1.18005818117824,0
True,1.025099168213,0
True,3.65155821834185,0
True,2.00063815599597,0
True,1.00375664705929,0
True,1.25341646774169,0
True,2.01043562241984,0
True,1.95728790277723,0
True,1.75910619729783,0
True,3.54201656398547,0
True,3.07138406446911,0
True,2.3038928553812,0
True,1.06455693222496,0
True,3.25914085957411,0
True,0.607284237636863,0
True,1.10612983833369,0
True,1.82928697080578,0
True,3.31840068520671,0
True,1.66034747794527,0
True,1.60277478124099,0
True,2.32549131315144,0
True,1.2723044820921,0
True,3.49040088626472,0
True,2.75190427984479,0
True,0.47947404888012,0
True,1.74737341250491,0
True,1.69416918687681,0
True,1.71071429360552,0
True,1.82419532104468,0
True,0.984808346295498,0
True,3.73803836954692,0
True,2.90799214762921,0
True,2.64482656119256,0
True,2.02636211703516,0
True,2.2196252855949,0
True,1.3313841428204,0
True,1.75171216995585,0
True,2.04280502706338,0
True,1.2353155890342,0
True,1.45610923660869,0
True,1.43647176601212,0
True,0.870217103728166,0
True,1.20661238473231,0
True,3.00193177936281,0
True,4.42350501075618,0
True,1.31546034495258,0
True,2.29375959888948,0
True,1.99648201271272,0
True,1.51677211835092,0
True,1.89516281955592,0
True,1.7736275018083,0
True,1.79826046286016,0
True,2.52982224169999,0
True,1.60808019956607,0
True,2.89021351995803,0
True,2.16017303572339,0
True,3.61031697534666,0
True,1.07003913093111,0
True,2.18698478886632,0
True,1.93877358686039,0
True,2.68866450136087,0
True,1.18554609953376,0
True,1.06495443466272,0
True,1.93763969476098,0
True,2.1963076846358,0
True,0.952922304360017,0
True,0.623491939262561,0
True,0.675474594786073,0
True,2.37634888466888,0
True,3.4869578894103,0
True,0.976363253707267,0
True,2.02088686009322,0
True,3.28059813592234,0
True,3.14432413705552,0
True,1.15699644764194,0
True,0.925259543136113,0
True,3.75614893562841,0
True,1.67107524490093,0
True,1.67760421369866,0
True,2.28251392833667,0
True,1.4338182808738,0
True,1.92347055060615,0
True,2.22238860787871,0
True,1.09896034709064,0
True,1.36483620428999,0
True,2.75998004980351,0
True,1.04794502504206,0
True,1.98525576343466,0
True,1.65909110824808,0
True,2.57131782259984,0
True,1.76993531926048,0
True,1.41642216215361,0
True,2.44110543368497,0
True,2.24130466200944,0
True,0.905035187713725,0
True,2.50010065765135,0
True,3.43227421682158,0
True,1.75345182990993,0
True,3.94173795680118,0
True,2.06620554665638,0
True,1.14717125041415,0
True,1.57711714504397,0
True,2.10048968519209,0
True,1.21776292692354,0
True,1.46299937654555,0
True,0.790454889258547,0
True,1.30044968383436,0
True,1.99751514167084,0
True,2.9340499182419,0
True,0.905277103266494,0
True,1.55145117042901,0
True,2.25795713435091,0
True,1.25818309453396,0
True,1.89475319846984,0
True,1.13551094430271,0
True,1.45134165482164,0
True,1.29959924916703,0
True,2.81343503994032,0
True,1.2592077497814,0
True,1.51776006692456,0
True,1.94129065845395,0
True,2.84894930101484,0
True,0.838790590297153,0
True,2.87713699694173,0
True,1.53896516716194,0
True,0.96357213124587,0
True,1.57924795956609,0
True,2.08289668330691,0
True,1.66397242395974,0
True,2.09484178452513,0
True,1.00834508038678,0
True,2.33548063643155,0
True,3.35983029715681,0
True,1.58896126958602,0
True,2.00802909316614,0
True,1.54351249611811,0
True,0.829728234369956,0
True,1.00779337971978,0
True,2.19002903420922,0
True,1.33421479544944,0
True,1.70794226064081,0
True,1.54953994044215,0
True,3.17951368792171,0
True,4.01741807998657,0
True,1.0410803173962,0
True,1.43009628470233,0
True,2.89514720220733,0
True,1.21914900911329,0
True,0.497699950916236,0
True,1.03854691834091,0
True,2.54378321669138,0
True,1.2928402221213,0
True,1.78522310338598,0
True,1.87256488405679,0
True,0.65490944271516,0
True,1.32281179962919,0
True,1.35830697763359,0
True,2.2514320152064,0
True,1.78241165732134,0
True,2.49667990907247,0
True,1.75118861969389,0
True,1.67070940354833,0
True,1.41265801388695,0
True,1.35495133244577,0
True,2.02386728960488,0
True,1.98773708783869,0
True,1.55009755962655,0
True,3.46580454600552,0
True,3.59860983755481,0
True,0.617349885731345,0
True,1.41025045313198,0
True,2.4192476596139,0
True,2.26425575710911,0
True,1.38355666952869,0
True,2.62544475669058,0
True,3.30287950243965,0
True,1.25192713014828,0
True,3.45401495538772,0
True,4.31699892618368,0
True,1.06551518039187,0
True,1.07401751223715,0
True,1.72314866974929,0
True,1.39901000083627,0
True,1.69820443088651,0
True,4.30269865631716,0
True,3.66587243398229,0
True,3.51093146668048,0
True,2.17580719929588,0
True,2.94287523497106,0
True,1.78737497250156,0
True,1.6333992057924,0
True,2.75152650756862,0
True,2.08235984542803,0
True,4.32515072552254,0
True,1.12392019704279,0
True,0.896811290839656,0
True,1.37611937185764,0
True,0.353043812123848,0
True,1.21847620198565,0
True,1.5048061399266,0
True,1.21359748038353,0
True,1.11197495953164,0
True,4.10709273734011,0
True,1.93626669613752,0
True,2.33748823635637,0
True,1.7779941903882,0
True,1.70843646925231,0
True,1.11189244886121,0
True,2.51346312777947,0
True,2.06217065844394,0
True,2.8483987396595,0
True,3.26857577148119,0
True,3.3199288763583,0
True,2.1562100416407,0
True,2.76691621208602,0
True,1.57248534584556,0
True,3.97205794319395,0
True,1.46412385959163,0
True,1.18630803952192,0
True,4.02886816003559,0
True,1.72255755126656,0
True,2.59309035234427,0
True,4.0024594042282,0
True,0.962724187302102,0
True,0.794533893156514,0
True,1.39097547001882,0
True,2.37600356754194,0
True,1.61304915491332,0
True,2.33848233084433,0
True,0.993892585082365,0
True,1.98616027289662,0
True,1.79319694455592,0
True,1.29195027852145,0
True,4.13733766444135,0
True,3.6555012879546,0
True,2.04551050310526,0
True,1.69335667737456,0
True,0.986004697751452,0
True,1.04327514483378,0
True,1.19465728152641,0
True,1.28710232647445,0
True,1.8693264738003,0
True,0.928702989350798,0
True,1.4436441431481,0
True,2.23922065194447,0
True,1.99547427130628,0
True,2.48697259556409,0
True,3.02398534940622,0
True,2.50171455567698,0
True,1.74011230550636,0
True,2.51727490848002,0
True,2.98019333272703,0
True,3.00043054435834,0
True,1.75214213588024,0
True,2.11457931322464,0
True,1.28960740652921,0
True,2.39658855511727,0
True,1.87694746942786,0
True,1.80677006046962,0
True,3.01239602465863,0
True,1.42614925993656,0
True,1.16592867760408,0
True,2.79228964166282,0
True,0.879916043644246,0
True,1.07855173285065,0
True,1.39433085679749,0
True,1.59175553065895,0
True,1.19621196998654,0
True,1.38383281304218,0
True,2.89676123261472,0
True,2.96901700085976,0
True,1.5093715297967,0
True,1.21284493414404,0
True,1.32843355530206,0
True,3.69449006022727,0
True,2.7843840520916,0
True,1.45961349790704,0
True,4.0530011060777,0
True,1.9553959018604,0
True,0.696737603226495,0
True,1.37744873772253,0
True,3.02549435145603,0
True,1.50858966073684,0
True,2.54998435701279,0
True,1.69152280039222,0
True,2.18590512919404,0
True,3.31387067438591,0
True,0.424833881284669,0
True,2.29801308543786,0
True,1.36760915904943,0
True,1.88744291047782,0
True,2.71834908867739,0
True,1.67423331814504,0
True,1.61511254330167,0
True,3.78838733114309,0
True,1.28206454607501,0
True,1.24125855040936,0
True,2.77370955575677,0
True,1.12071811135269,0
True,1.81625521510273,0
True,0.830296166582262,0
True,2.12292419429051,0
True,2.05267050787051,0
True,4.08522461173395,0
True,2.28387966843213,0
True,2.49133292398288,0
True,2.44388260859278,0
True,1.34566458094239,0
True,2.54064694626797,0
True,2.57042868910518,0
True,1.85103659202244,0
True,2.17002002026494,0
True,1.40550717527886,0
True,0.732680592722905,0
True,2.53507609466155,0
True,1.38761647920845,0
True,2.53523365278497,0
True,1.79773827030419,0
True,2.81130083881101,0
True,2.59868578888971,0
True,0.959557756892103,0
True,1.33287290787058,0
True,1.14592007423943,0
True,0.649764270452756,0
True,2.11504575889946,0
True,1.66893396170829,0
True,1.44399241079774,0
True,1.38825168887499,0
True,1.43929191271024,0
True,1.49257147706679,0
True,2.08592787936887,0
True,1.85405073847536,0
True,1.61871196329883,0
True,2.92035345328011,0
True,2.71600268871943,0
True,3.14631537694445,0
True,0.994926703126349,0
True,2.24693969855443,0
True,1.97609415591259,0
True,0.537298542241185,0
True,1.07833946811173,0
True,1.77376214200794,0
True,1.78198081982603,0
True,2.13335804593413,0
True,1.58734239541597,0
True,1.31522976400646,0
True,2.8644512200515,0
True,1.65112539051514,0
True,1.46437250285682,0
True,1.21899751006351,0
True,0.947781355455875,0
True,2.34424695032838,0
True,1.33596271864426,0
True,1.31760540389446,0
True,0.767124311154177,0
True,1.44922562166063,0
True,2.37683141111233,0
True,0.540079146868024,0
True,2.19689743066848,0
True,2.59265009822727,0
True,0.825145587220769,0
True,0.809678767963744,0
True,1.09992271576785,0
True,1.81105328339357,0
True,3.09697096343669,0
True,4.43654321654491,0
True,1.60887499483947,0
True,1.05496809319668,0
True,3.01289746413601,0
True,3.56807079415071,0
True,3.05552089486766,0
True,2.66668416405879,0
True,1.10203537091995,0
True,1.62311265648321,0
True,2.00399597719915,0
True,1.73666519844783,0
True,2.46898692027148,0
True,1.98057027529898,0
True,2.85110626498684,0
True,4.21920644490668,0
True,2.95553295723037,0
True,1.20870045501725,0
True,1.47366048295173,0
True,2.05031673183534,0
True,1.02169040518521,0
True,1.31370207078449,0
True,2.16366132307685,0
True,1.18001897572863,0
True,1.09788100503142,0
True,1.37222175634452,0
True,0.576875908822877,0
True,0.922465404676458,0
True,1.66487219484165,0
True,0.578620763533406,0
True,3.16414933139713,0
True,1.98687495678465,0
True,2.19088670144678,0
True,1.37977406925201,0
True,1.58330976468251,0
True,1.02556413461707,0
True,2.00609101927272,0
True,1.64393508398583,0
True,0.962392869568224,0
True,2.47955178663631,0
True,3.20151292398413,0
True,2.22285135661605,0
True,2.21609901492243,0
True,0.888878390404153,0
True,1.92067246230234,0
True,1.21944107947537,0
True,1.76540848048322,0
True,2.46211682822257,0
True,1.94620051869413,0
True,2.40938926249198,0
True,0.955972086688243,0
True,0.920253281696697,0
True,3.64843578967582,0
True,1.67879568570085,0
True,3.82807212309465,0
True,3.26405696853022,0
True,2.40336317699345,0
True,1.68741802643174,0
True,1.44063770600488,0
True,1.47601214332179,0
True,1.01932939400567,0
True,2.64659806185111,0
True,2.86121334366086,0
True,2.75795297960569,0
True,1.87238360635148,0
True,3.03292389891165,0
True,2.13774097279523,0
True,1.13433629770873,0
True,1.61243940213178,0
True,1.51943574652197,0
True,0.613491160105669,0
True,2.01843433980736,0
True,1.46592208611384,0
True,1.6833569725504,0
True,1.90089616659778,0
True,2.30030160916802,0
True,3.34355537806102,0
True,2.77460609109419,0
True,1.48016038733792,0
True,1.8664091661131,0
True,1.42305720806601,0
True,1.49112031401187,0
True,3.33643700338766,0
True,2.4675210961165,0
True,1.42344074599624,0
True,3.98307661818465,0
True,1.20195180721678,0
True,2.206891983508,0
True,1.55660423986245,0
True,1.38277850800253,0
True,1.0274503775168,0
True,2.71259695512139,0
True,2.14384794864263,0
True,2.07857317623142,0
True,1.11126271187815,0
True,1.38473283342053,0
True,1.49075341043938,0
True,0.540603899160009,0
True,1.48764805953087,0
True,1.9842232063052,0
True,1.60858000593062,0
True,1.32689799464993,0
True,1.82790735340151,0
True,2.14926749468728,0
True,2.49942143243817,0
True,1.11421868125132,0
True,1.22512493590818,0
True,1.39742339199388,0
True,0.527539268144737,0
True,1.01517300669517,0
True,4.19303787912998,0
True,1.48525977296195,0
True,2.74009387854355,0
True,1.23273279336685,0
True,2.62782192970254,0
True,3.23431707769,0
True,1.31271411497042,0
True,1.08817500324578,0
True,1.74976269161474,0
True,4.25288202339645,0
True,3.80971910417553,0
True,0.993189003494288,0
True,2.91916658792903,0
True,2.99114242764949,0
True,2.1965729148426,0
True,0.96601171542065,0
True,0.983592809089007,0
True,1.36476818038627,0
True,1.63400302003198,0
True,1.56305889873801,0
True,1.20847763932809,0
True,0.868810860786875,0
True,1.41007807275593,0
True,1.57959929448523,0
True,1.42682964929565,0
True,1.73888620849793,0
True,2.32392687968802,0
True,2.81820732738912,0
True,2.84972385477435,0
True,1.72549591312731,0
True,2.36786286404933,0
True,1.79245239029645,0
True,0.853377740404046,0
True,2.05678312036494,0
True,1.32837595811002,0
True,2.45202002494281,0
True,3.07402896790929,0
True,2.82595684226297,0
True,2.50955178507539,0
True,3.31148918907287,0
True,1.75817261856109,0
True,1.07112100866173,0
True,1.87946059700406,0
True,2.44138034726709,0
True,1.91682941705462,0
True,1.61658130222159,0
True,3.5474900677977,0
True,1.89800572543615,0
True,1.17312045142288,0
True,1.79108174564054,0
True,1.54464121548435,0
True,1.74563005940554,0
True,2.48740716036226,0
True,1.6337724549827,0
True,0.91285659807402,0
True,1.95790682958937,0
True,1.34846281531895,0
True,2.83473161942248,0
True,3.49020399158006,0
True,2.77166524715025,0
True,2.25584792776666,0
True,1.46515188303995,0
True,1.36922472091522,0
True,3.00093026440598,0
True,1.47845405647078,0
True,1.96563294945531,0
True,3.22154292427307,0
True,3.89855470966992,0
True,4.321220718232,0
True,2.13299801727908,0
True,1.21638415693832,0
True,1.43685727182835,0
True,1.39102093177599,0
True,1.82555712691465,0
True,1.60252956487066,0
True,1.16455352145105,0
True,2.244893618388,0
True,1.58557637256031,0
True,2.62814524569491,0
True,1.2762414325548,0
True,1.08668396233511,0
True,1.44979587529962,0
True,0.887993141337417,0
True,1.15516583234735,0
True,0.615048282894821,0
True,1.80461183092369,0
True,1.35595870314097,0
True,0.643441194706591,0
True,0.805386566022135,0
True,1.87298945221785,0
True,0.849421724618982,0
True,2.6006435918685,0
True,2.15887167736678,0
True,2.48452522759719,0
True,3.48268387510866,0
True,2.88278819288145,0
True,0.549341288395424,0
True,2.54498649646223,0
True,2.30490941890167,0
True,2.01284878487847,0
True,1.59042002993564,0
True,2.37571274825214,0
True,1.86763172086118,0
True,2.37736909213793,0
True,1.09396214384068,0
True,1.43571324089542,0
True,1.86538932713222,0
True,1.26050719572772,0
True,1.78981741963672,0
False,0,7.33601670574622E-05
True,1.00937521553957,0
True,3.10244088345634,0
True,1.39365017980096,0
True,3.53652403258975,0
True,1.33189967449397,0
True,2.79707134523929,0
True,1.77638800765568,0
True,2.59418637649431,0
True,1.08552466258921,0
True,1.31411037548084,0
True,1.25354183952492,0
True,3.25417718840812,0
True,1.24154306407023,0
True,4.29695161512487,0
True,1.12987916610973,0
True,1.39893700572804,0
True,2.2496991835361,0
True,3.66856399703681,0
True,2.09698146935712,0
True,3.99416426978394,0
True,3.07046566337613,0
True,2.33468712429858,0
True,2.47647185551973,0
True,1.25645158899641,0
True,1.23972174856958,0
True,4.51198013154719,0
True,1.11023698295853,0
True,3.96582401073572,0
True,1.3136153952168,0
True,1.7466928701573,0
True,1.84431189429323,0
True,1.39384707861221,0
True,2.64171874834208,0
True,2.38549277079467,0
True,3.41886996702261,0
True,2.80512164498678,0
True,2.1295737693015,0
True,1.81488678360754,0
True,2.11696612327229,0
True,1.632418309522,0
True,1.72477963292704,0
True,0.904563374375508,0
True,3.50863175350244,0
True,3.28892102364793,0
True,3.86263534493164,0
True,1.66881415352329,0
True,1.60798219952812,0
True,1.38751973189504,0
True,1.14697140015004,0
True,3.41538035860202,0
True,2.09698460580117,0
True,1.96187658133429,0
True,1.73342951062882,0
True,2.41655663863473,0
True,2.76952491933588,0
True,1.14564731648928,0
True,2.79392620947947,0
True,2.04791245002366,0
True,1.4239220897259,0
True,1.84114356236283,0
True,1.07460369739147,0
True,1.23974918913818,0
True,2.99487488746061,0
True,3.35366963647391,0
True,1.23665720740331,0
True,2.23308446962468,0
True,2.17119977783932,0
True,2.16297613563991,0
True,2.08861208280551,0
True,1.19736388439492,0
True,1.11072741528067,0
True,1.19884225757201,0
True,1.68548591958514,0
True,2.71982910869549,0
True,2.46281522455099,0
True,2.04141637992724,0
True,1.18899858676418,0
True,1.24682633847964,0
True,1.13961872105422,0
True,4.33675861449814,0
True,2.16411608637166,0
True,1.46628675547704,0
True,1.27643398052993,0
True,3.95084572416268,0
True,1.64340420348802,0
True,0.85742564196777,0
True,1.38924497979498,0
True,1.98038604779983,0
True,2.15702445028372,0
True,1.58025308660581,0
True,1.85187284289626,0
True,1.24978538703116,0
True,1.82578787748722,0
True,1.74766727932724,0
True,1.64673226002346,0
True,0.963480175064488,0
True,1.48855827745059,0
True,2.63506141755023,0
True,2.66230554818024,0
True,3.07091913703023,0
True,3.57201740130314,0
True,2.36031487013234,0
True,2.62910466824896,0
True,1.60662145531255,0
True,1.79388899787677,0
True,1.01304268792603,0
True,2.29910069694241,0
True,1.25952467618782,0
True,3.1950737103731,0
True,1.26653022593731,0
True,1.00786588761069,0
True,1.51346837499652,0
True,0.906678173917943,0
True,1.66168165892969,0
True,1.41970002081796,0
True,2.12488378188944,0
True,1.38138621519327,0
True,2.20845888283754,0
True,1.52093966761515,0
True,1.31872600128418,0
True,1.67291811883954,0
True,2.7138488203567,0
True,1.45918436839899,0
True,2.27412899827084,0
True,2.5640606011244,0
True,1.504916101172,0
True,2.62984176391858,0
True,1.56431785891671,0
True,2.22314835179934,0
True,1.24020882070348,0
True,2.07706951325166,0
True,2.84618635439359,0
True,1.49648213348564,0
True,1.24864553333356,0
True,4.06800952064822,0
True,1.73038639951618,0
True,2.27889527091833,0
True,1.97585145484837,0
True,1.02068799137348,0
True,1.15061113242774,0
True,4.04726561598012,0
True,2.48883796635574,0
True,2.20304559356006,0
True,2.57296949273674,0
True,1.6389809848538,0
True,2.03871544355249,0
True,1.31214490629731,0
True,1.39101518377082,0
True,3.82121647440971,0
True,3.26762904240505,0
True,1.79445991035728,0
True,1.82234879800484,0
True,2.43409996859204,0
True,1.87140804803032,0
True,3.05713949004222,0
True,2.42568985023118,0
True,3.54982032283664,0
True,3.16313894764573,0
True,1.44215841193404,0
True,1.22075901366637,0
True,1.68884736516548,0
True,1.70106607700956,0
True,1.09200166600092,0
True,3.37530472594148,0
True,1.66877848922894,0
True,1.06604250325874,0
True,0.604760673854623,0
True,1.25683589229712,0
True,1.88826348887829,0
True,1.18622469496393,0
True,2.34212484888665,0
True,3.40118983866586,0
True,1.43544951975891,0
True,3.36661081003787,0
True,1.90549160863682,0
True,1.93832251822738,0
True,2.19622575426617,0
True,1.78583691864496,0
True,1.05573845321425,0
True,1.46480655939839,0
True,1.34782216021112,0
True,1.64274169307813,0
True,1.75379776184122,0
True,1.05083767186651,0
True,1.45246064673496,0
True,2.81570238560067,0
True,1.89838925491543,0
True,1.62590565229014,0
True,2.25104905357948,0
True,2.14812053920355,0
True,1.40434634789284,0
True,4.07583190090195,0
True,1.32820065726684,0
True,2.32279097715568,0
True,2.74127295450609,0
True,1.17799405920698,0
True,3.72425657229638,0
True,2.31866927841744,0
True,4.06049802757596,0
True,0.991334875714303,0
True,1.40899304827363,0
True,1.70737154816736,0
True,1.99508857493233,0
True,2.07792158683729,0
True,2.97822184361488,0
True,2.31863793047558,0
True,2.11338308003331,0
True,1.60290935442343,0
True,0.752097264348778,0
True,1.76711938622874,0
True,2.17412612246284,0
True,2.12680017057695,0
True,2.6704721656632,0
True,2.14666007189064,0
True,1.49449232901265,0
True,1.53289352572542,0
True,1.75179841364493,0
True,4.47004520232879,0
True,3.19571024800442,0
True,1.22853231275878,0
True,1.55206425385678,0
True,1.70054886555274,0
True,1.03897387933871,0
True,1.4845919058529,0
True,1.85007669847441,0
True,1.90712993562768,0
True,1.12140386144313,0
True,1.58854199161017,0
True,1.69918610384476,0
True,4.22013499831373,0
True,1.10474914572838,0
True,4.0515045832415,0
True,1.20883612048959,0
True,1.64612562813535,0
True,2.93045442522314,0
True,1.42145435358565,0
True,1.71785831573109,0
True,1.28791797698418,0
True,1.99778891216499,0
True,3.06094032592982,0
True,1.19086947289695,0
True,1.34687181329729,0
True,1.75178607455356,0
True,2.57021799097997,0
True,1.78896191035149,0
True,2.60768411754892,0
True,1.35280742958085,0
True,1.27935301594031,0
True,1.68598340365354,0
True,2.25629041558099,0
True,1.78037306410214,0
True,1.31353397542558,0
True,1.6521066603553,0
True,2.58128984960689,0
True,2.16615529431097,0
True,3.14293054700002,0
True,2.75053203967086,0
True,2.02251485846852,0
True,2.21309948031715,0
True,2.05882115969327,0
True,3.23984348679584,0
True,1.81024090278434,0
True,0.862492381591636,0
True,1.36506771580992,0
True,2.03308735132702,0
True,1.07782980580623,0
True,2.18209425293795,0
True,1.51376780266569,0
True,0.96469074617574,0
True,2.00087442427058,0
True,1.82066124698854,0
True,2.3811277051283,0
True,1.35836290821378,0
True,3.07894168946014,0
True,2.01700358933255,0
True,3.09161084482175,0
True,2.02404713314814,0
True,1.2958101061473,0
True,0.886205201394758,0
True,1.46632811186899,0
True,1.49229460404331,0
True,1.85868202557224,0
True,1.7918381415044,0
True,2.88031687955911,0
True,3.72321050596787,0
True,3.19045702449499,0
True,2.46292176030927,0
True,1.08355938272228,0
True,1.24031131928309,0
True,1.28663356856245,0
True,1.19614978088442,0
True,0.842877583002847,0
True,1.48476615219354,0
True,1.39699284270195,0
True,1.13085194706475,0
True,2.45269552936035,0
True,2.37777156601614,0
True,1.00221845631985,0
True,1.42955392671524,0
True,1.37771746750851,0
True,2.96769696785291,0
True,3.17208152360097,0
True,1.84871762284386,0
True,1.98695227671059,0
True,1.73110874691763,0
True,2.30895273717942,0
True,2.28702679892302,0
True,4.23323334713615,0
True,1.54416797900441,0
True,1.4156851372008,0
True,1.31763492674993,0
True,3.32582848098378,0
True,1.17054935738998,0
True,1.54944437807061,0
True,1.88363901648006,0
True,1.26745174956817,0
True,1.59985333535315,0
True,1.80180523424093,0
True,3.1046548960338,0
True,1.7756534305369,0
True,2.60337664668242,0
True,2.31331002048867,0
True,1.51921758978044,0
True,2.1380524932447,0
True,2.36293409307303,0
True,3.26833842817613,0
True,2.12321185125114,0
True,1.20945763288911,0
True,1.24419886195752,0
True,2.84584895147909,0
True,3.81871155852401,0
True,2.11920509247802,0
True,1.56831839102903,0
True,2.36141652495085,0
True,3.44850457334915,0
True,0.844584475080199,0
True,2.88827419955602,0
True,1.39998946758066,0
True,2.12705227342423,0
True,3.21154506114621,0
True,1.58778581340448,0
True,2.20021169678824,0
True,1.7811463151616,0
True,3.3953471269763,0
True,1.18305257267682,0
True,1.65158417310488,0
True,0.912247567292212,0
True,1.40341895797912,0
True,1.14120895664558,0
True,1.50870221200585,0
True,0.823600099813183,0
True,1.60050100649924,0
True,2.37589370052631,0
True,1.45494509679924,0
True,1.24613267227663,0
True,1.75858368084075,0
True,0.853642818277197,0
True,0.785176411488984,0
True,2.16203978920405,0
True,2.45742672909803,0
True,0.822125844752429,0
True,1.45966966130859,0
True,1.03952116730769,0
True,1.16946900484007,0
True,1.21847654050654,0
True,2.33923796842974,0
True,2.29585888505414,0
True,2.20986486633112,0
True,2.44777057594706,0
True,2.08354501486376,0
True,1.59380919599343,0
True,1.95904914745644,0
True,1.36069628275748,0
True,1.36223970672111,0
True,2.17804960674775,0
True,2.45997562650188,0
True,1.41110461013611,0
True,1.44569577898225,0
True,0.657004057547267,0
True,1.02528363289694,0
True,1.37156117341924,0
True,1.59954015257023,0
True,1.04969266845993,0
True,2.52214248984113,0
True,2.16997785345405,0
True,1.68668719887808,0
True,1.0482102404563,0
True,1.97906640243011,0
True,0.998258596541231,0
True,1.33238797658553,0
True,1.82955687153484,0
True,0.847168631266973,0
True,2.55671647883421,0
True,1.69625540800515,0
True,1.48398036067691,0
True,2.59901419873514,0
True,2.26038355256473,0
True,1.74105657070377,0
True,3.3509175396884,0
True,2.15655819631283,0
True,1.26666225859627,0
True,1.96780368114893,0
True,1.68511246924776,0
True,1.1363104388517,0
True,1.57159327602951,0
True,1.48172842642498,0
True,0.949939501029962,0
True,0.972510225121807,0
True,1.89551133444258,0
True,0.609049200973551,0
True,3.4916167814032,0
True,1.58802194018861,0
True,1.80741100263035,0
True,1.83868722784458,0
True,2.00095286652763,0
True,0.874668265820704,0
True,1.41543272060927,0
True,1.58345158966733,0
True,2.12861012828717,0
True,1.71685974838313,0
True,1.92571592416736,0
True,4.32657510565167,0
True,1.42312898010275,0
True,3.74489988686188,0
True,2.61211372037055,0
True,1.78229168953712,0
True,2.23631772310335,0
True,2.14339786524713,0
True,1.01860596435402,0
True,1.23065650584931,0
True,2.10189700532215,0
True,2.46024140931966,0
True,0.800677323278633,0
True,3.27030789747629,0
True,0.906159144444015,0
True,2.4963397774427,0
True,1.25979384755858,0
True,3.24975855960208,0
True,3.31289891583984,0
True,1.7895644378209,0
True,1.9866319653817,0
True,2.22033113445099,0
True,1.33160370457637,0
True,2.29789384094793,0
True,2.61785370438077,0
True,2.09534142702637,0
True,2.36931231312045,0
True,3.0710266964293,0
True,1.63597389571055,0
True,1.23916915759269,0
True,2.66414292878045,0
True,1.67521770952733,0
True,1.13047159811747,0
True,3.36689816542849,0
True,1.8765230005062,0
True,1.78652840753006,0
True,1.92350797364337,0
True,0.98905527674343,0
True,2.63703754504641,0
True,3.38704628920319,0
True,1.98062738754131,0
True,0.895410137989363,0
True,1.47651241085839,0
True,1.35615583252331,0
True,2.97292500898664,0
True,1.68494634610681,0
True,1.50859244942134,0
True,4.06290693832407,0
True,1.84303919928732,0
True,2.2182774203996,0
True,0.922932089767015,0
True,2.60506037547599,0
True,1.79858396137754,0
True,1.99534702772553,0
True,2.51684564026679,0
True,2.18110422524402,0
True,1.07976356181519,0
True,0.7811632735727,0
True,2.36085309139209,0
True,1.68276450139009,0
True,2.57508043290561,0
True,0.882301918775981,0
True,0.781892680169778,0
True,3.15436796190198,0
True,2.55379201329711,0
True,2.12880235930463,0
True,1.62753469275079,0
True,0.676336542939601,0
True,1.13012580156473,0
True,1.80463747967283,0
True,1.67775441650214,0
True,1.34356787413304,0
True,1.8621125195722,0
True,2.41907126528358,0
True,2.39600220772966,0
True,3.69833021571811,0
True,2.31664485191026,0
True,1.47566128633917,0
True,1.38758627047304,0
True,1.01583027957677,0
True,2.09074011012726,0
True,2.71804367623892,0
True,1.18053588562721,0
True,2.70348562727944,0
True,2.44775861747846,0
True,1.34434790760699,0
True,0.959355745870859,0
True,3.09019317072921,0
True,2.64631987817898,0
True,3.16324495007119,0
True,0.825946375901655,0
True,3.39763335270181,0
True,1.57041462283248,0
True,4.04789947397573,0
True,1.52334233986845,0
True,1.55058585848648,0
True,1.69289490715333,0
True,0.48941086405468,0
True,3.65595844975193,0
True,0.537479842618884,0
True,1.31958934507369,0
True,2.26305338492463,0
True,1.97024951659093,0
True,3.84321179552106,0
True,2.51345957015354,0
True,2.11902365867904,0
True,1.02145484334787,0
True,2.1595222332893,0
True,0.903942375350654,0
True,4.01089729138454,0
True,3.24369302850668,0
True,1.52567781715554,0
True,2.26979340660552,0
True,1.46361290582,0
True,2.8660930553777,0
True,1.89688023872214,0
True,2.09608702427868,0
True,1.43574112793488,0
True,2.13508234119283,0
True,2.63166335183116,0
True,1.56730199596702,0
True,1.02414521367748,0
True,1.43943635171361,0
True,2.11392991890116,0
True,2.75404894316174,0
True,1.47034375044358,0
True,1.05168821022336,0
True,3.39535948416861,0
True,1.94113181653883,0
True,1.12100639634439,0
True,1.05465395396357,0
True,1.77159013043408,0
True,0.818924387409812,0
True,3.54117901675237,0
True,1.85498484367427,0
True,1.45649080757366,0
True,2.21592645312401,0
True,2.12130689314409,0
True,1.77939419269202,0
True,3.4426745079394,0
True,3.42022458750314,0
True,4.25537548678123,0
True,1.4017085805665,0
True,1.89016532925682,0
True,2.07965459361268,0
True,1.40292169730171,0
True,1.23695780947268,0
True,1.55072834215519,0
True,1.31878908118921,0
True,4.27831330649937,0
True,2.93515623171815,0
True,2.59256078624808,0
True,0.877811220480181,0
True,2.05026222677345,0
True,1.29982248217697,0
True,3.739791967935,0
True,2.55040606071308,0
True,2.63073816407608,0
True,2.16563899790252,0
True,1.6381471420879,0
True,2.43793664595605,0
True,1.25771623595849,0
True,2.16765529106104,0
True,2.52554368033241,0
True,1.32972777140636,0
True,1.20367238190273,0
True,2.39433958788264,0
True,1.57911192041796,0
True,1.64758633339545,0
True,0.914145896581037,0
True,1.27077065577967,0
True,0.801098501058206,0
True,1.78105994905232,0
True,2.32715812131088,0
True,1.5112317012061,0
True,1.40987235181102,0
True,3.76371713166013,0
True,2.84613362863153,0
True,1.69030106053206,0
True,1.10328969370825,0
True,0.958402767075793,0
True,0.352984079742362,0
True,1.89328061281631,0
True,2.36068543937803,0
True,3.4162891861691,0
True,1.6364124828584,0
True,2.29970577815961,0
True,3.28883046571928,0
True,1.17345883994848,0
True,1.21018940978831,0
True,0.722297449685483,0
True,1.63836648329228,0
True,1.08392328426564,0
True,1.62414786257188,0
True,3.23522100623256,0
True,2.28372313949634,0
True,1.43056240105113,0
True,1.71241496839373,0
True,1.35182517871502,0
True,1.98444956339316,0
True,1.64315426847083,0
True,1.01355231637334,0
True,1.31649889031598,0
True,0.709219744551183,0
True,2.64441051130311,0
True,0.947317889290611,0
True,3.0229652626247,0
True,3.02577129182978,0
True,1.60988723573006,0
True,1.09463417617318,0
True,3.22349414021415,0
True,1.02368790353316,0
True,2.02393467635075,0
True,2.73557669643481,0
True,1.4776365474502,0
True,1.50615111549064,0
True,1.29398092582501,0
True,3.59386711783813,0
True,3.55731415626754,0
True,2.10052542836497,0
True,1.85378176876683,0
True,3.99813770408174,0
True,3.70706844309622,0
True,1.73295434042562,0
True,1.77740292609155,0
True,2.08357410281828,0
True,1.5930414523506,0
True,1.3375418493922,0
True,1.92369572620719,0
True,2.41520889132453,0
True,1.66163170457047,0
True,1.76652861009751,0
True,0.977802062999872,0
True,3.19470706983905,0
True,3.98251979775266,0
True,2.49255938067036,0
True,2.21380467695621,0
True,4.06268812859593,0
True,4.26620339385037,0
True,2.34927595396526,0
True,1.85687485946191,0
True,1.29278566359572,0
True,2.75231763252291,0
True,1.6343997628344,0
True,4.1562200747224,0
True,0.971577696774882,0
True,1.22175250511453,0
True,1.62722484849732,0
True,1.69753720722485,0
True,2.07259801955987,0
True,1.77106387206543,0
True,2.17813500306914,0
True,2.49149523435086,0
True,1.5476686328043,0
True,2.47336671560591,0
True,1.20654942553094,0
True,0.907883232536938,0
True,1.49879987543788,0
True,3.70665011727472,0
True,1.84211833357322,0
True,3.10916470792739,0
True,2.2656077210088,0
True,1.22480933684861,0
True,2.27285048278214,0
True,1.21060918372927,0
True,2.00844332764348,0
True,1.29773762734123,0
True,1.11681448714102,0
True,0.854054224587115,0
True,2.57516625587653,0
True,2.71083885295657,0
True,2.37713550331722,0
True,1.28109470856978,0
True,0.877921468109509,0
True,2.19494560048639,0
True,1.2951084166975,0
True,1.85542962152606,0
True,1.56820883153248,0
True,1.43489125926785,0
True,0.980022698776316,0
True,2.05425724568812,0
True,1.13067158101712,0
True,1.39002953198818,0
True,0.863905468435651,0
True,3.50174170802427,0
True,2.54167475843521,0
True,0.838684603540052,0
True,1.97079774447451,0
True,2.7784940148408,0
True,1.51649634091736,0
True,1.43121082912293,0
True,1.38421349096532,0
True,0.927802066966751,0
True,1.30570536230376,0
True,1.6772638618915,0
True,1.49602463430844,0
True,2.73698951795176,0
True,1.07382057280984,0
True,2.52656925500985,0
True,1.94397945076679,0
True,2.24484619291938,0
True,2.02661635121892,0
True,0.984431609354949,0
True,1.07069800838869,0
True,2.26771089213361,0
True,2.35372874655134,0
True,1.42272390251009,0
True,0.998361389244379,0
True,2.62702088818604,0
True,0.862264442409572,0
True,2.5265966634617,0
True,0.601855403248492,0
True,1.16680962754536,0
True,0.774738956312982,0
True,1.6171980993865,0
True,0.784897443383915,0
True,3.52870028673489,0
True,1.00525388782467,0
True,2.06383111896857,0
True,1.62998036595744,0
True,2.03866622886336,0
True,3.30269656116583,0
True,2.08939304620368,0
True,2.72107150925904,0
True,2.55167236012904,0
True,1.56461817395978,0
True,2.38563222715633,0
True,2.19649170629712,0
True,1.61460321853348,0
True,1.11831453059942,0
True,2.97580985063791,0
True,1.76792693273948,0
True,2.32142553998299,0
True,1.79272641215398,0
True,2.55827694381285,0
True,2.38800661208995,0
True,2.3561189910135,0
True,0.898884700367143,0
True,2.32652789658376,0
True,3.77231924789008,0
True,3.60190646452574,0
True,2.37521237102947,0
True,2.85150251246476,0
True,1.99123036290924,0
True,1.38816135260119,0
True,1.56664209138971,0
True,2.79170204189531,0
True,1.04911400614008,0
True,2.40481124758832,0
True,1.50331485573951,0
True,2.24828171337873,0
True,4.01895887382224,0
True,2.02662417651838,0
True,1.0564788319328,0
True,1.14851460108732,0
True,1.26663383623859,0
True,2.16837161420332,0
True,1.17919706926688,0
True,1.95900907104662,0
True,1.55646812189966,0
True,1.41610125739095,0
True,1.9469487384741,0
True,3.57792331699987,0
True,3.67013129122045,0
True,3.1064175069339,0
True,2.14275354266019,0
True,1.1915986688861,0
True,1.91245475486868,0
True,1.50694403260798,0
True,1.30311198164827,0
True,0.818843787961018,0
True,2.29856065179779,0
True,1.71097582369305,0
True,2.44196265050451,0
True,0.467049576567205,0
True,2.17164349882774,0
True,1.66535102064372,0
True,1.75676456200339,0
True,1.70436752977412,0
True,2.15828742992537,0
True,1.7665911832766,0
True,2.07240983542444,0
True,2.47026997211563,0
True,2.20452684421703,0
True,1.93314903476339,0
True,1.40012876949694,0
True,1.77727565656037,0
True,1.72754891871844,0
True,2.03582573340934,0
True,1.33087981747467,0
True,1.76847255240347,0
True,3.38609165778481,0
True,2.44781462534691,0
True,1.16768020605969,0
True,1.88448396043855,0
True,1.37722085388035,0
True,1.62262280500717,0
True,2.76085260910524,0
True,1.77808617199819,0
True,1.93501221472061,0
True,1.38377644217411,0
True,1.44132712007425,0
True,1.81436358455995,0
True,2.54310093630434,0
True,1.13408087538225,0
True,0.835126347542748,0
True,2.39850294617184,0
True,2.40371807496681,0
True,1.4500061906476,0
True,0.710237204219797,0
True,1.38535656040096,0
True,1.81066643199459,0
True,1.73191290237536,0
True,2.52769585069078,0
True,1.42191858844319,0
True,1.37750371177434,0
True,1.35657400838673,0
True,1.82170850514091,0
True,2.93285553708177,0
True,2.90852588392796,0
True,1.73096812631089,0
True,1.51410697725658,0
True,0.871363694057808,0
True,1.54191535224504,0
True,4.46339814904618,0
True,2.34154654296653,0
True,0.724930185510698,0
True,0.635178086972691,0
True,3.07713195683369,0
True,2.50615287661069,0
True,3.54346881349044,0
True,3.00241130804485,0
True,2.54781722094485,0
True,1.55248573126202,0
True,3.64848499021319,0
True,2.61909445158437,0
True,2.18669050652949,0
True,1.03695844422835,0
True,2.92607544104852,0
True,1.09943440470986,0
True,3.09214497426358,0
True,1.71106321182388,0
True,0.391865926202932,0
True,2.64826466265531,0
True,2.5110118872413,0
True,1.10677018847174,0
True,2.06465644348175,0
True,2.75239707561518,0
True,1.59380293679114,0
True,1.35074939612262,0
True,1.43131785023097,0
True,1.30451378599133,0
True,2.55138281997553,0
True,2.2185766398116,0
True,1.93632221347018,0
True,4.04469686872884,0
True,3.09977549439109,0
True,1.06553821265258,0
True,1.73353767176683,0
True,1.68278790038415,0
True,0.988325762465026,0
True,1.73451153592005,0
True,1.7763334463852,0
True,1.919307541097,0
True,1.35280166195687,0
True,1.25213143798548,0
True,1.95002646374999,0
True,2.38047594435519,0
True,1.56294494913081,0
True,1.65387468395786,0
True,1.36595211874048,0
True,1.95642402373639,0
True,1.28580352902087,0
True,1.51288202269328,0
True,2.50570014261766,0
True,2.95874779609976,0
True,1.15988854166178,0
True,2.02577877387424,0
True,2.13657355795006,0
True,1.76999243166732,0
True,2.60903260505781,0
True,1.55213601746447,0
True,1.49113122638446,0
True,1.74416800927599,0
True,1.81700068751136,0
True,1.20659296965674,0
True,2.34155294529331,0
True,0.908812771809478,0
True,1.47331103307601,0
True,3.57177899108817,0
True,0.817976524801937,0
True,1.51644797233449,0
True,1.52031627053855,0
True,1.06351641876034,0
True,1.30442699514604,0
True,1.68579343289813,0
True,2.49974437203221,0
True,1.04630732385826,0
True,0.785311877258306,0
True,2.38656512590391,0
True,1.92744055380063,0
True,1.99221696834389,0
True,1.19044910858147,0
True,4.31820133395223,0
True,2.12496293999342,0
True,1.92213347214963,0
True,2.26005932426917,0
True,1.54967587334754,0
True,0.877151225730629,0
True,2.72963901574394,0
True,2.16793815642532,0
True,0.979673304072666,0
True,1.1339937750573,0
True,1.95685375937231,0
True,1.11135756220451,0
True,1.77605356108574,0
True,1.11713977566921,0
True,2.74284615273249,0
True,2.07796357559887,0
True,1.56085059586832,0
True,1.58586623379043,0
True,2.52041254301561,0
True,4.00256579450584,0
True,1.63732729649427,0
True,0.979782703502358,0
True,2.61794083789587,0
True,2.72285693993957,0
True,2.3150387436228,0
True,2.82011317459837,0
True,2.67986609654471,0
True,3.13209868414071,0
True,2.7297621852475,0
True,2.63408569011088,0
True,1.72728727080427,0
True,0.751880950297725,0
True,3.61591786722797,0
True,1.53844607613206,0
True,1.83669045336148,0
True,1.84904584918384,0
True,1.56230750352406,0
True,1.96762890952514,0
True,1.40758335928463,0
True,2.1511194224352,0
True,1.31772482320653,0
True,2.31838109783145,0
True,1.75968945051853,0
True,1.99015772520473,0
True,4.07684886704104,0
True,4.04883403787254,0
True,2.82021734821457,0
True,1.70008208663869,0
True,2.03790569967254,0
True,3.48385028196176,0
True,3.11679454292628,0
True,1.30071244305395,0
True,1.11123824217013,0
True,2.19060124472247,0
True,2.98103307200582,0
True,0.768883245388076,0
True,0.976132784935254,0
True,1.74415932763454,0
True,1.57009918982411,0
True,1.58904003698418,0
True,1.41187115462404,0
True,3.32309430026605,0
True,1.8413928538472,0
True,2.09016217874747,0
True,3.61565441586678,0
True,2.40909715922896,0
True,0.768905517444272,0
True,1.28482567386574,0
True,3.28777644952468,0
True,2.22329909053286,0
True,4.26009746776834,0
True,2.16066078082498,0
True,0.934007197370054,0
True,1.86877166591541,0
True,1.43632776735312,0
True,2.29355646304445,0
True,2.36498361095527,0
True,2.09995507141091,0
True,1.97889507069852,0
True,1.55138169483371,0
True,3.11840554208503,0
True,1.68356724966227,0
True,1.09740342437613,0
True,1.74542418530636,0
True,1.72191175014751,0
True,1.27898784018758,0
True,1.74978927819978,0
True,1.5474456577535,0
True,1.29041177096806,0
True,1.05188760858723,0
True,1.02350504813155,0
True,1.20396339128248,0
True,1.39674875602852,0
True,0.93826301707368,0
True,2.80500221586801,0
True,2.81122842136141,0
True,0.59505821178532,0
True,2.48694428224356,0
True,1.0285065289524,0
True,1.14808862455393,0
True,1.46721622076722,0
True,2.34739489497102,0
True,2.24012586423669,0
True,1.90709962975548,0
True,3.74320700820262,0
True,1.81907767929789,0
True,0.375320621993197,0
True,2.03510076733778,0
True,2.18285594214059,0
True,2.20402604277382,0
True,1.00351771714818,0
True,0.98787416874411,0
True,3.18639687095345,0
True,2.32833904755846,0
True,3.45477465070253,0
True,3.90926494002609,0
True,1.33715291418415,0
True,0.754190533780796,0
True,1.00160458794948,0
True,1.03742775237529,0
True,1.2515472631395,0
True,1.83847417988763,0
True,3.6201934099247,0
True,2.5421456518412,0
True,1.70141222918682,0
True,1.28358394979635,0
True,3.73477191612404,0
True,1.20669832762249,0
True,2.09505226705145,0
True,1.41719470560855,0
True,1.94201285435361,0
True,0.80701564040536,0
True,3.36767092724918,0
True,2.8266093646053,0
True,2.55467655247587,0
True,1.92856138636343,0
True,1.8972316249615,0
True,2.36854363845102,0
True,1.97322941788391,0
True,2.25409034219479,0
True,1.32073539370672,0
True,2.03001436671302,0
True,1.6796424137547,0
True,1.815727109187,0
True,1.49421756082035,0
True,0.915579946187807,0
True,2.90369249927664,0
True,2.33945390993705,0
True,1.52849126737991,0
True,2.47692625515691,0
True,1.99135899850955,0
True,2.56419477660999,0
True,1.09174611798441,0
True,2.14726767846961,0
True,1.32968738573917,0
True,0.736930591494337,0
True,0.832603180185775,0
True,1.02539153939367,0
True,0.906069967465352,0
True,1.22731127854667,0
True,0.767339125624924,0
True,2.17511102480421,0
True,2.68700137796521,0
True,1.14302896994296,0
True,0.391598219554939,0
True,0.987834898506086,0
True,2.55574321921755,0
True,1.08610562896608,0
True,3.05410627083231,0
True,3.15569976493134,0
True,1.22409784551907,0
True,2.26802097493241,0
True,3.27181535512153,0
True,3.7748950350853,0
True,1.71152507717409,0
True,1.91516889878814,0
True,2.21948136143634,0
True,1.22622260824637,0
True,1.80731437938927,0
True,1.77009664577981,0
True,1.2019095288993,0
True,3.24714493734995,0
True,2.86310088728838,0
True,0.821213668952802,0
True,2.72501209984284,0
True,1.82544768946746,0
True,1.91385279277688,0
True,2.91526273691076,0
True,3.25068406274761,0
True,3.29069162028643,0
True,1.51343379495926,0
True,1.92921416838087,0
True,1.28348079657699,0
True,2.88037344690878,0
True,2.69454340037922,0
True,1.03680569630905,0
True,0.877664965545257,0
True,1.74982156190204,0
True,1.76368654701265,0
True,3.4814606725106,0
True,1.94541700657752,0
True,1.0405582304549,0
True,1.54122303940451,0
True,2.10924507901251,0
True,2.96831909931054,0
True,2.92003302245445,0
True,0.937876071101068,0
True,1.9752311195393,0
True,2.32580431535984,0
True,2.6370180787493,0
True,2.41368916912507,0
True,1.11748868687184,0
True,3.66765904499092,0
True,3.22741760878837,0
True,3.34610887829289,0
True,2.57710592749823,0
True,2.05344453776295,0
True,2.46535181063613,0
True,2.15125875210579,0
True,0.751960245156441,0
True,2.4319709207802,0
True,1.33844034027439,0
True,0.91266404798857,0
True,3.01536003885947,0
True,2.13258002854935,0
True,1.43234244257098,0
True,1.00607376194203,0
True,1.30601580971356,0
True,2.29477028535717,0
True,2.77434318124732,0
True,1.16044208716526,0
True,1.7461523888458,0
True,0.773864705061675,0
True,1.41952389615986,0
True,2.21340776711456,0
True,1.06935916741765,0
True,1.26783497916728,0
True,1.54927725072221,0
True,2.31174034678291,0
True,1.09056240982358,0
True,3.74274712505668,0
True,1.89010470600053,0
True,0.894306017139369,0
True,1.89269003451337,0
True,2.26998561044875,0
True,1.37365555855106,0
True,3.05300066064574,0
True,2.9900501092521,0
True,1.48065949064254,0
True,0.985006085054366,0
True,2.32580475042393,0
True,2.62082921607311,0
True,0.711187000488079,0
True,1.9071276717276,0
True,3.8340622635706,0
True,1.37723578261003,0
True,3.27200493510097,0
True,1.30036320861012,0
True,3.29938896407275,0
True,1.58979353212633,0
True,0.599188107991719,0
True,2.03567661890459,0
True,1.57764252184647,0
True,2.13013880994789,0
True,1.78811612438147,0
True,0.98392820246414,0
True,1.55386972241889,0
True,2.32672612520409,0
True,2.61899490739014,0
True,2.58887348768595,0
True,1.15792405415945,0
True,1.82175480543637,0
True,2.52835724993448,0
True,1.79110713522347,0
True,1.48193595647575,0
True,1.77118931813369,0
True,2.39660922621986,0
True,1.24341140286188,0
True,1.21890110945056,0
True,2.01748672661336,0
True,3.92393264837568,0
True,0.837371731280876,0
True,1.73874992711193,0
True,1.22555601033601,0
True,0.725372188095907,0
True,3.3940683382341,0
True,1.03587287577673,0
True,1.18226534896502,0
True,0.935692782858899,0
True,1.08637704895876,0
True,2.26533339483994,0
True,1.17903872705935,0
True,3.14782830679499,0
True,1.69172391938516,0
True,2.6069571311109,0
True,1.50900542636892,0
True,1.95827233882438,0
True,2.6941090468437,0
True,1.94304954485117,0
True,1.47691328390389,0
True,1.51613128543305,0
True,1.14186784960331,0
True,2.6744690443622,0
True,1.63952984956684,0
True,2.10608368782261,0
True,2.87703053447359,0
True,2.483599450578,0
True,1.86234723802248,0
True,1.41270259650163,0
True,1.49270200126948,0
True,1.77318355101098,0
True,2.11827188571568,0
True,2.19830298019737,0
True,2.02933937719696,0
True,1.60085168975419,0
True,1.60257843170925,0
True,1.85649166462821,0
True,2.01251024027678,0
True,2.51401347476023,0
True,2.74742913494459,0
True,0.945284575290791,0
True,0.95801674474334,0
True,1.12398565425949,0
True,1.9978297165017,0
True,2.00073502065179,0
True,1.78180950484248,0
True,1.85354524374532,0
True,1.37864562624898,0
True,1.45261098073472,0
True,1.86322572893188,0
True,1.37059172450922,0
True,1.80192595094671,0
True,1.33403406402108,0
True,0.836224872420301,0
True,1.41144000754167,0
True,1.64446726292394,0
True,1.17331532996236,0
True,1.30451398943782,0
True,2.78604684706072,0
True,2.91491447625656,0
True,3.53116913201556,0
True,1.15958346177639,0
True,2.05659052552653,0
True,1.85856957860911,0
True,2.70622116656519,0
True,0.902761114419194,0
True,4.21401857565062,0
True,0.873764388770062,0
True,1.44316124403628,0
True,1.61740859309875,0
True,1.60365578082773,0
True,1.86579172601782,0
True,0.699854796448711,0
True,1.4042874901889,0
True,0.997671949254092,0
True,2.06889236994155,0
True,1.29786970460671,0
True,2.51797529165436,0
True,2.12826122582667,0
True,3.20784711931833,0
True,1.38994883304995,0
True,2.38797141196545,0
True,3.16517334114552,0
True,0.388941845344442,0
True,1.61265374115751,0
True,1.10631971562229,0
True,1.07257380832491,0
True,1.69502281151279,0
True,1.07251277562895,0
True,2.29706797499526,0
True,1.9115746331476,0
True,2.05332774803641,0
True,2.59657100824755,0
True,2.23546563478449,0
True,2.56372509616717,0
True,1.59550098549606,0
True,0.725280674917311,0
True,2.53057144204287,0
True,2.31525466358767,0
True,1.14175437725642,0
True,1.2918147959922,0
True,1.44145288466923,0
True,2.08766771178287,0
True,0.879948110012652,0
True,1.47067332981183,0
True,2.1492911651394,0
True,3.10144519618411,0
True,1.6822668276137,0
True,1.87474886864227,0
True,0.714542601678897,0
True,1.53470935060018,0
True,1.5219583600354,0
True,2.47576653144056,0
True,3.76753360880467,0
True,2.59053834500516,0
True,2.71531429448668,0
True,2.13251028779859,0
True,1.04284103213225,0
True,2.1342657997284,0
True,3.83833668107717,0
True,1.67213928265467,0
True,1.7692904144592,0
True,2.22616627478556,0
True,1.17291675529477,0
True,1.84739852860978,0
True,2.61784450285824,0
True,1.46134058522096,0
True,3.42050983792769,0
True,1.31515054288933,0
True,1.61682829925999,0
True,3.0135029397423,0
True,2.55464790204916,0
True,2.84728202507755,0
True,2.42211661263085,0
True,1.77531713308132,0
True,2.6843597985097,0
True,1.61236652817249,0
True,2.7724320308313,0
True,0.971104414664227,0
True,0.919233150827819,0
True,1.31435414613339,0
True,2.06019348610742,0
True,0.842433317094696,0
True,2.04409392390543,0
True,1.77168535477926,0
True,1.10651957657871,0
True,1.72774894710641,0
True,1.06954622605743,0
True,2.63298859945967,0
True,3.23678947600966,0
True,2.14589694696562,0
True,2.1223248652092,0
True,0.98325738765556,0
True,0.90924610351321,0
True,1.46832088646602,0
True,2.19671908549725,0
True,0.943801028115118,0
True,0.959711687355437,0
True,1.77566604776271,0
True,1.96913518693326,0
True,2.24000480677971,0
True,1.21893390535351,0
True,2.28966383047374,0
True,1.341849653031,0
True,2.28821550203965,0
True,1.69340776023855,0
True,2.39889830721285,0
True,2.94080013799415,0
True,4.40344299190111,0
True,1.62591434376139,0
True,1.9932102970036,0
True,0.997688525978888,0
True,1.7203880919039,0
True,1.93228187434879,0
True,2.05431787553547,0
True,1.55203860517388,0
True,2.75917571357378,0
True,2.77103652950273,0
True,1.15956671601577,0
True,2.75068866951378,0
True,1.03711156062971,0
True,1.09831001553016,0
True,1.12426591636525,0
True,1.31657363835597,0
True,1.29048815858549,0
True,1.69856374638245,0
True,2.68131948744508,0
True,0.943255045343845,0
True,1.99297563588292,0
True,1.22094415719566,0
True,1.11939404552942,0
True,3.37302118792416,0
True,0.765699700611834,0
True,3.65328460201885,0
True,1.45837146463858,0
True,1.86971321803394,0
True,1.56271689959516,0
True,2.34357222862849,0
True,1.49846939188776,0
True,1.54712354911951,0
True,1.53343016196398,0
True,3.33457065897807,0
True,0.71978737750034,0
True,2.47977237556887,0
True,1.26656687448277,0
True,0.75461087974842,0
True,1.32321896660648,0
True,1.81193090312902,0
True,1.27170868310085,0
True,2.14656689029698,0
True,1.82245382014484,0
True,1.58040442322707,0
True,2.65712637664259,0
True,2.68232877620162,0
True,1.92282613364106,0
True,1.46157696357947,0
True,2.26989962114924,0
True,1.16634844306809,0
True,1.36588601251634,0
True,1.49781402003244,0
True,3.58751066524024,0
True,3.68693110699887,0
True,4.02471062764779,0
True,1.20441569310684,0
True,1.00806833742857,0
True,2.20232546758283,0
True,1.56755072573285,0
True,2.6003573572805,0
True,2.89318031808496,0
True,2.07093079465226,0
True,3.76368248772983,0
True,1.79340279458271,0
True,1.2201783887247,0
True,1.27842931443,0
True,3.69356307150731,0
True,1.85200427977776,0
True,1.70335794221727,0
True,1.27504486013806,0
True,0.924609371066144,0
True,1.26493337171697,0
True,1.32256208009839,0
True,1.68100294492888,0
True,1.84119533821138,0
True,1.04430744037707,0
True,0.945246589025309,0
True,1.80220404609736,0
True,1.77133846305357,0
True,2.56291364007449,0
True,3.06263967540274,0
True,1.07263691476276,0
True,1.81285815832475,0
True,2.27579696017453,0
True,2.39805292023723,0
True,1.80761288952954,0
True,2.23503852906006,0
True,2.84926747688248,0
True,1.46372588175595,0
True,1.61854396271762,0
True,3.21470827569397,0
True,2.39993664126708,0
True,0.807441078500041,0
True,1.88811331744987,0
True,3.05200915974907,0
True,2.48196737575865,0
True,1.62354445323153,0
True,3.22370827541962,0
True,2.37671517865497,0
True,1.29432719975168,0
True,1.54891373393596,0
True,2.22138979506762,0
True,1.18145340451582,0
True,1.30552938550821,0
True,1.69637450498265,0
True,1.22857294167618,0
True,0.962276990593625,0
True,2.23068768471412,0
True,2.38817868020253,0
True,3.19580755056432,0
True,2.01757314340931,0
True,1.7782582117565,0
True,1.33800362622823,0
True,1.45469874093828,0
True,3.78488955789781,0
True,0.47457818702738,0
True,4.04557851632291,0
True,2.02154769809343,0
True,1.729582964188,0
True,1.16396672832394,0
True,1.07217656249584,0
True,2.3769883509558,0
True,2.99743379592164,0
True,2.07617495933006,0
True,0.456443821172904,0
True,1.24544150502053,0
True,1.23466437340006,0
True,1.81340326734201,0
True,3.32789196284082,0
True,3.20188097034075,0
True,2.18473585288933,0
True,0.879793505649629,0
True,1.59124236413151,0
True,1.45114663869922,0
True,1.70984050555982,0
True,0.997541968817494,0
True,0.851847233355053,0
True,3.20363868812647,0
True,2.44966449697081,0
True,1.97572984180199,0
True,1.40782117590196,0
True,3.27748493387304,0
True,3.26668915723386,0
True,3.14091007822329,0
True,3.49362116648062,0
True,0.662695539744163,0
True,1.87446488837609,0
True,1.96262569885983,0
True,2.63969915614028,0
True,1.79783027578532,0
True,3.01602512428131,0
True,1.56402653991199,0
True,1.37946258826153,0
True,1.60052660632966,0
True,1.25810402249295,0
True,1.32292045507447,0
True,1.66735578562431,0
True,0.712346104018378,0
True,1.9165564908563,0
True,2.68690608798406,0
True,1.95758799786484,0
True,1.31538258854008,0
True,1.62659549778301,0
True,4.7077881546949,0
True,3.30749879669022,0
True,1.81893125673793,0
True,3.57462846827563,0
True,1.34954227542118,0
True,2.59206523301477,0
True,1.99019757672877,0
True,1.15326052978474,0
True,2.18403203208503,0
True,0.901182388981876,0
True,2.35413008055543,0
True,1.09190312857009,0
True,1.96195015461287,0
True,1.73476465284424,0
True,1.10925962614759,0
True,0.883914305730655,0
True,1.6114159254921,0
True,1.60532490555769,0
True,0.805817281641961,0
True,2.38649962822601,0
True,2.07177312401678,0
True,1.13557386316532,0
True,1.66159519295981,0
True,2.1769825469309,0
True,2.42598188439294,0
True,3.26774343873911,0
True,3.45429957542427,0
True,0.896420012152483,0
True,1.73532032211974,0
True,0.980831678940216,0
True,1.3003401990509,0
True,0.659033095169129,0
True,1.90297349684495,0
True,1.99228742744197,0
True,2.50075189527005,0
True,0.994373881335243,0
True,1.05077839445627,0
True,1.1462776542075,0
True,1.16464815029194,0
True,2.34333306375226,0
True,1.37772788632262,0
True,2.32649977323963,0
True,1.8309325194922,0
True,1.41317407181423,0
True,2.45746847947873,0
True,2.41564692958328,0
True,2.23411193918805,0
True,1.30487337273935,0
True,2.79968099544494,0
True,3.18868271801226,0
True,1.85284921687761,0
True,1.75301700011849,0
True,1.68318563320414,0
True,2.75488371627397,0
True,1.57313514789008,0
True,1.96640861873002,0
True,1.91550955936812,0
True,1.21592127666309,0
True,1.49315489474574,0
True,2.34747666793254,0
True,1.26004163281642,0
True,1.67196866644784,0
True,4.1243011922184,0
True,2.02330626144998,0
True,1.26892037919621,0
True,1.32722862928816,0
True,2.44239322472866,0
True,1.05043526175329,0
True,1.63114905289664,0
True,1.5745799214682,0
True,2.32430324971108,0
True,3.55100230372052,0
True,1.10795076613752,0
True,1.94888150651402,0
True,0.868243500821089,0
True,1.82460516350729,0
True,2.2962033612668,0
True,1.34124564604668,0
True,2.30777309765068,0
True,1.64201399946746,0
True,1.11617373203896,0
True,1.90710619191984,0
True,1.81584704884439,0
True,1.15725484012532,0
True,1.51677940651816,0
True,2.73270281685272,0
True,2.519820081483,0
True,2.20289636451985,0
True,1.48828918571605,0
True,1.60099816412501,0
True,1.4496643166256,0
True,2.42969211291625,0
True,1.20105529735568,0
True,2.17039844130235,0
True,2.29122771836539,0
True,1.32643260967031,0
True,1.31141012846401,0
True,0.932490249373253,0
True,0.635899243016517,0
True,1.43184484585911,0
True,0.890375026605773,0
True,1.54770972040619,0
True,2.1768437736748,0
True,4.14263423559424,0
True,1.24888431379918,0
True,3.48169012002138,0
True,3.15029525626443,0
True,0.743836247507271,0
True,1.62355716762131,0
True,1.62058121288409,0
True,1.38941893503446,0
True,1.76285805610619,0
True,2.54056496648499,0
True,1.72077877712789,0
True,2.97121367381736,0
True,1.32415895823429,0
True,4.11930448149226,0
True,1.94679966604389,0
True,1.65993530420516,0
True,1.59791700142928,0
True,1.2595607203524,0
True,1.17398859856674,0
True,1.19752476306988,0
True,1.37003531774653,0
True,4.07228641334116,0
True,2.74844470417556,0
True,3.05202703751085,0
True,0.555332531377948,0
True,0.867698344309488,0
True,2.39224080391314,0
True,3.36762035060863,0
True,3.70973498832044,0
True,1.81897639065276,0
True,3.57950579592168,0
True,1.48782219675402,0
True,1.56869789696637,0
True,0.538648088269207,0
True,1.41336509135378,0
True,3.33890259809041,0
True,2.25436120836599,0
True,1.8663521947507,0
True,1.66057115718445,0
True,3.05020629392935,0
True,3.27595982317205,0
True,1.33506289716107,0
True,2.22429797895719,0
True,0.863768892433646,0
True,1.59862732913496,0
True,0.787671532341141,0
True,1.06447237263608,0
True,2.29953279671121,0
True,1.77152014317294,0
True,1.52438934283215,0
True,1.93232045106319,0
True,1.54378988247969,0
True,0.823901416337542,0
True,1.78342362674572,0
True,3.39820100164819,0
True,1.87200067212558,0
True,1.0904964796469,0
True,1.97178203544294,0
True,0.803865779247234,0
True,2.31964441663085,0
True,1.91111186734523,0
True,1.7817981455139,0
True,2.48982534372079,0
True,1.70853756375013,0
True,1.62994821448573,0
True,1.97782646998214,0
True,1.64945750041023,0
True,4.27325654246524,0
True,2.29703392972091,0
True,1.68832563598502,0
True,1.10545698377473,0
True,2.74096088357552,0
True,2.07722473164096,0
True,0.987173107238751,0
True,2.94443915060955,0
True,0.877256613176246,0
True,4.05636770348275,0
True,1.40661976203659,0
True,3.62149830993738,0
True,2.11470770584324,0
True,0.779415820307474,0
True,1.98410121356701,0
True,1.16755744647732,0
True,2.74757100499761,0
True,1.32681651946195,0
True,1.62592545584289,0
True,1.03303625415184,0
True,0.967485595623846,0
True,4.08302892386413,0
True,3.27137912217677,0
True,2.53584947893216,0
True,3.2832024283745,0
True,1.15050162804157,0
True,2.65545888769786,0
True,0.689194302342013,0
True,3.26743838131711,0
True,2.0647070423315,0
True,1.82394709822403,0
True,1.54521155845293,0
True,2.83604542697759,0
True,3.3075091724408,0
True,3.71860065738088,0
True,0.703186520374918,0
True,1.37371930374583,0
True,1.26053651974448,0
True,3.51756790982788,0
True,2.56122155799781,0
True,1.82014493637976,0
True,1.13902687223873,0
True,1.83908595041131,0
True,1.90325101896695,0
True,1.44227249008069,0
True,1.6755873025503,0
True,0.681844721197849,0
True,1.54446686102959,0
True,1.20473636855084,0
True,2.41540563863202,0
True,2.69710077375853,0
True,1.96656693774813,0
True,1.34313632341009,0
True,2.41086589931444,0
True,2.48363468999975,0
True,1.44246131948699,0
True,2.03156519325602,0
True,4.29135142907769,0
True,1.15312343775007,0
True,1.87706378306509,0
True,1.55094605782161,0
True,1.0037538100164,0
True,2.48662850643736,0
True,1.44236493382786,0
True,1.51900153631198,0
True,1.47072542879747,0
True,2.71691673929216,0
True,1.57666741740934,0
True,1.11370356199405,0
True,3.9584619727939,0
True,1.19318643909011,0
True,3.19862801689024,0
True,2.63606457934957,0
True,0.529882066585901,0
True,4.41868523782903,0
True,1.70869319237669,0
True,1.74757646569353,0
True,2.16188420998842,0
True,1.55530109811127,0
True,1.17807423132022,0
True,1.6147387818817,0
True,1.43088142752452,0
True,1.83320436287625,0
True,2.3171159150173,0
True,2.80346806323104,0
True,2.22653924627175,0
True,2.24660358488888,0
True,1.02740303886106,0
True,1.87602817416336,0
True,1.8135892891897,0
True,1.73691325859167,0
True,2.9256489826128,0
True,1.48212902732339,0
True,1.46147656492793,0
True,2.83565226232382,0
True,2.74742179430525,0
True,1.91229537403625,0
True,1.27681151319808,0
True,1.11712226721349,0
True,1.6635231172271,0
True,2.87235494950763,0
True,2.2773037047305,0
True,2.04565457704391,0
True,1.54473283445339,0
True,1.42008258360789,0
True,1.29588724856685,0
True,2.17710479211257,0
True,0.975143788838962,0
True,1.28658123731366,0
True,1.63299992116177,0
True,1.74679096547826,0
True,1.38977000175731,0
True,1.01888328582231,0
True,2.02906456912134,0
True,1.48817299207001,0
True,1.75253293620775,0
True,1.5078589564769,0
True,2.6095613610215,0
True,4.04193259356953,0
True,1.59948590183969,0
True,1.47054478117449,0
True,2.95715273262491,0
True,4.19415718131782,0
True,1.65570426485924,0
True,2.09807147649015,0
True,2.65296921725662,0
True,1.69695548310922,0
True,1.80017796757698,0
True,2.19747804696426,0
True,1.67197952897904,0
True,1.42234272712723,0
True,2.10289332309268,0
True,1.02846712708733,0
True,0.86735119334873,0
True,1.30099750531513,0
True,1.33099003170033,0
True,1.96543018403579,0
True,0.814852591667084,0
True,1.53099667714549,0
True,0.957659093921623,0
True,2.63990153213445,0
True,2.31598044487264,0
True,2.58259496997212,0
True,1.73984680021315,0
True,2.77955365174142,0
True,1.23052819673293,0
True,1.11648904075751,0
True,1.12559825281643,0
True,2.04131466937482,0
True,3.34423136098076,0
True,2.39594084712716,0
True,1.0142365589723,0
True,2.96584120530283,0
True,3.69853281344245,0
True,3.40313774466585,0
True,3.90019084282273,0
True,1.03262230168677,0
True,1.15728021797777,0
True,4.4506587341738,0
True,2.58931016738193,0
True,1.20674662899575,0
True,2.43054418147949,0
True,2.08774995009133,0
True,0.495834306717495,0
True,1.71112774781177,0
True,1.37094795387214,0
True,1.24635485103468,0
True,1.39818650906621,0
True,1.82940760706358,0
True,3.90277177294442,0
True,1.4754075752638,0
True,1.13788397573069,0
True,1.0976893253053,0
True,2.40566485805727,0
True,2.40937290560518,0
True,1.80887471701507,0
True,1.34847275732414,0
True,2.73304784070167,0
True,2.00112332453387,0
True,1.84567779923045,0
True,1.36449404686298,0
True,1.58185508041,0
True,1.1715535331562,0
True,0.86757700810961,0
True,1.24509810325799,0
True,2.30353264437344,0
True,1.99130606490374,0
True,1.97415427009045,0
True,0.999582554254122,0
True,1.31343720009861,0
True,2.0436208139002,0
True,3.32266966477302,0
True,2.94254606164227,0
True,2.24932519760773,0
True,2.66546340385073,0
True,4.14823179791097,0
True,2.66350591149181,0
True,2.17232974423057,0
True,2.08162893057838,0
True,2.48222769319288,0
True,1.7293219505425,0
True,1.07956518039147,0
True,1.89402399506699,0
True,1.8201193845448,0
True,1.56007883697255,0
True,1.09828913328233,0
True,1.61469951498137,0
True,3.33060705200013,0
True,0.882633735905103,0
True,2.10239062687543,0
True,1.69597772482034,0
True,2.13359155938285,0
True,3.91500097597806,0
True,2.78983309385027,0
True,1.59921115746725,0
True,2.25722741379927,0
True,1.9022583236934,0
True,1.09734955050721,0
True,2.09387137523943,0
True,2.11912400172986,0
True,0.741000658884199,0
True,3.30638795990561,0
True,2.6152823614151,0
True,1.75082236147128,0
True,0.605592493931582,0
True,1.61663773786777,0
True,1.49419652491063,0
True,2.89534983040224,0
True,2.37455474921441,0
True,2.0547856845503,0
True,2.87090633709069,0
True,2.77377164316328,0
True,1.48457958705469,0
True,1.14911594957867,0
True,1.70579692918776,0
True,2.36954652504007,0
True,1.27991776882068,0
True,2.34854619077485,0
True,2.42165795890653,0
True,1.70354953122776,0
True,0.635399380708809,0
True,1.09719846077564,0
True,2.23218029530454,0
True,0.884221147346963,0
True,1.50012131192543,0
True,1.01289759422835,0
True,4.28927029212641,0
True,3.87344487540073,0
True,1.11569180393778,0
True,2.31043137705751,0
True,0.851262967463359,0
True,2.67875469811612,0
True,1.12555812577604,0
True,2.66285690435295,0
True,1.94661221973365,0
True,3.50219946100338,0
True,2.75176606240851,0
True,1.29318670278807,0
True,1.67704354426907,0
True,2.34182920475833,0
True,2.18991822728443,0
True,2.42175522369598,0
True,2.01220650524447,0
True,2.85342165106552,0
True,2.10777882360483,0
True,2.2465456443832,0
True,1.17854094640468,0
True,1.83475844939907,0
True,2.3998287078999,0
True,1.29050473118152,0
True,3.95854568175823,0
True,3.25467137145645,0
True,1.82325840383913,0
True,0.764228010129738,0
True,0.469986874354753,0
True,1.47839059894135,0
True,1.77103279043347,0
True,2.31175731842532,0
True,2.54038876824236,0
True,1.33811573780263,0
True,1.34670218320098,0
True,2.5836525611338,0
True,0.983531481956474,0
True,2.29629102753428,0
True,2.61200176803496,0
True,1.66521468496454,0
True,2.92671675534066,0
True,2.57032485501396,0
True,2.59663224103529,0
True,2.53193355594326,0
True,3.64794656032752,0
True,1.61431301855282,0
True,1.01846594977865,0
True,2.4830392752377,0
True,4.54729294173579,0
True,1.90547125773705,0
True,2.40505013031653,0
True,1.47306710870595,0
True,2.75098174306732,0
True,2.64459487178083,0
True,1.23886701771579,0
True,1.18665775119463,0
True,1.16160154781103,0
True,1.84640588839273,0
True,3.92522146644184,0
True,2.2296613792233,0
True,1.37838526244228,0
True,2.33096419028829,0
True,1.65967408364698,0
True,0.948687538642672,0
True,1.03435926792767,0
True,3.73106484632277,0
True,2.70260905363893,0
True,2.04852742502315,0
True,1.67856907381264,0
True,1.17260515210785,0
True,1.36940521509295,0
True,3.02396694463124,0
True,1.79877443132268,0
True,0.731433717837676,0
True,1.03692779883037,0
True,1.29732256016424,0
True,3.89609754895668,0
True,1.55861866685526,0
True,1.233601736523,0
True,2.78690318426831,0
True,1.73786096521971,0
True,1.86530783356887,0
True,1.80388318614229,0
True,1.5655111597152,0
True,2.03884843083639,0
True,1.10525942996143,0
True,0.848731384581998,0
True,2.32977098934546,0
True,3.85433189672608,0
True,1.21061685307591,0
True,3.38589645156543,0
True,2.17739514814093,0
True,1.55087846799117,0
True,1.03055222496647,0
True,2.18941291464647,0
True,3.6694368397502,0
True,1.81352147090002,0
True,1.38944434662719,0
True,1.14263870693611,0
True,1.11359705826571,0
True,1.33147494076836,0
True,2.02470599812556,0
True,1.26805740437745,0
True,1.91685215925623,0
True,1.57295383063886,0
True,1.60715070432852,0
True,0.739537302848275,0
True,1.68706156698387,0
True,2.04895774437627,0
True,0.799258043459402,0
True,2.29235362808546,0
True,2.3824296395661,0
True,1.65940969558283,0
True,1.701197451402,0
True,2.64737663487523,0
True,4.33591625477302,0
True,1.19453680224499,0
True,2.51098580543656,0
True,1.1059794258913,0
True,1.16253886594136,0
True,1.12337203097785,0
True,1.66285519423257,0
True,1.27859314656002,0
True,1.01500078369512,0
True,2.37750365173883,0
True,2.30377680556264,0
True,0.923306760310737,0
True,1.07461344503078,0
True,1.64287620827641,0
True,1.77246985968116,0
True,1.60122020958731,0
True,1.3443682886997,0
True,2.06736653163135,0
True,0.963423508480608,0
True,1.26718531793132,0
True,1.18761748751245,0
True,3.10605033713809,0
True,1.41027841866323,0
True,1.82489411598231,0
True,1.09093485109996,0
True,1.99555634483351,0
True,2.9609309123281,0
True,1.18495637672739,0
True,0.92134619772839,0
True,1.84859811198,0
True,1.67566698748438,0
True,2.83164034585336,0
True,3.42018552002423,0
True,2.31518678418524,0
True,2.19541741639571,0
True,1.54309948374221,0
True,2.80832935061234,0
True,1.89227353137743,0
True,0.870892681243202,0
True,1.46211804718173,0
True,1.41610970787912,0
True,1.38796598990234,0
True,3.23998467205806,0
True,1.59680389945747,0
True,1.37892911715751,0
True,0.902313873634102,0
True,2.59478978173849,0
True,1.66822646041887,0
True,1.99116798729901,0
True,2.59947146740454,0
True,1.39563254727161,0
True,3.3016085711983,0
True,1.92255285801325,0
True,1.28237580118132,0
True,1.20381777065146,0
True,1.74099315693169,0
True,2.12440188400139,0
True,2.77062179652082,0
True,0.637089075325625,0
True,0.682107048203242,0
True,1.80960656182354,0
True,1.03202253382254,0
True,2.93202186190677,0
True,2.72994541901214,0
True,1.16630145179713,0
True,2.76588439886311,0
True,1.9194074666676,0
True,1.55924057145099,0
True,1.1479579170275,0
True,1.49588949724105,0
True,1.03726041299896,0
True,2.41750606065572,0
True,2.8975865789472,0
True,1.64890544097611,0
True,1.1226208310899,0
True,1.09001448781809,0
True,1.623410151268,0
True,1.47893290835701,0
True,0.992182180204675,0
True,2.75388183111484,0
True,3.76971314195378,0
True,2.44414960301261,0
True,2.41740921040047,0
True,1.23188300737177,0
True,2.681061167453,0
True,1.77679831767787,0
True,3.87822522468277,0
True,2.40156674911308,0
True,1.13012429696566,0
True,1.51228810773315,0
True,0.670299758484781,0
True,3.37633963955068,0
True,1.60961335882012,0
True,1.49302086413341,0
True,1.27585295824325,0
True,0.981517586842636,0
True,1.62502934379177,0
True,2.42521629451598,0
True,2.8610509982061,0
True,2.59948995385074,0
True,2.19873038642358,0
True,1.22820181766814,0
True,2.27915005315914,0
True,2.30617064806623,0
True,3.25469857365527,0
True,1.69760502476323,0
True,1.32832770797162,0
True,1.53184186643532,0
True,1.3571977394844,0
True,3.45412470617171,0
True,0.906488023586082,0
True,1.52041868814408,0
True,1.27251689992222,0
True,0.992848529281258,0
True,3.10605483419825,0
True,1.63714664587523,0
True,1.49459959760676,0
True,2.37470718769178,0
True,2.2472995573142,0
True,2.0695582137081,0
True,2.60521569453802,0
True,3.00406036724511,0
True,2.6380338280888,0
True,0.970252783389159,0
True,3.26265732966586,0
True,1.10114472719747,0
True,1.70780196568895,0
True,3.46100776722015,0
True,3.42766352089105,0
True,1.57772758422894,0
True,4.03869684525781,0
True,2.21610840071735,0
True,1.51004343709497,0
True,3.45182223914879,0
True,3.28644515978786,0
True,1.35951232735268,0
True,1.09249383222561,0
True,1.00224985723492,0
True,2.708942168655,0
True,1.60737479467433,0
True,2.0597744722053,0
True,1.80405733574577,0
True,0.850413742359366,0
True,1.11345328158644,0
True,2.04718701872626,0
True,1.92784467055093,0
True,1.91932838483908,0
True,0.893472158699283,0
True,0.885321056406964,0
True,1.36371309206104,0
True,4.15056045830835,0
True,3.8126024270129,0
True,3.15449267652615,0
True,1.14586125898523,0
True,2.39274309712392,0
True,2.12937627885871,0
True,1.34770206812414,0
True,1.28591011046411,0
True,2.23534219599559,0
True,2.30866913077217,0
True,1.33519680651319,0
True,1.59947950153559,0
True,3.07018068054343,0
True,2.57664493639365,0
True,1.03303666568027,0
True,2.07616439337396,0
True,1.60676820856836,0
True,1.38030893457581,0
True,1.89447261561148,0
True,3.56744489472229,0
True,2.26696186015652,0
True,1.09561024428525,0
True,1.33376117554722,0
True,1.37724891428383,0
True,3.79278070441584,0
True,3.43210044718806,0
True,2.90761229256742,0
True,2.27472515876099,0
True,1.41018047340563,0
True,1.40732621254417,0
True,1.47948744604075,0
True,0.969303493068024,0
True,1.51654020892205,0
True,0.845681912357348,0
True,1.1700056038867,0
True,2.21946144614163,0
True,2.96564556206552,0
True,0.971269409124211,0
True,1.8964787437685,0
True,0.86701396760439,0
True,0.945563248859425,0
True,2.61236046437555,0
True,3.42466986591131,0
True,2.49677354226146,0
True,1.90199478103548,0
True,1.34123273801906,0
True,3.16910948755916,0
True,1.31276747347128,0
True,1.04177351745025,0
True,1.84373032480981,0
True,1.97348578163013,0
True,0.808401282532079,0
True,2.05241893346408,0
True,1.77566097179877,0
True,2.40937252848226,0
True,1.85759317884446,0
True,1.22309124088849,0
True,1.0496766244297,0
True,1.30177650603375,0
True,1.24124767851502,0
True,1.67393567421864,0
True,1.53241503248575,0
True,1.78358007558333,0
True,1.02916333693629,0
True,3.5805677834248,0
True,1.69959609136076,0
True,1.19999641177776,0
True,2.87241630288166,0
True,1.56027030363473,0
True,1.78145928212641,0
True,1.95146546947621,0
True,1.84836964692235,0
True,1.71679110103796,0
True,1.16803194352836,0
True,1.67812843886678,0
True,1.78004261727393,0
True,2.69164514362457,0
True,1.62508895079978,0
True,2.14358820011963,0
True,1.35296770398156,0
True,0.69489796757074,0
True,2.2068048757125,0
True,1.88183509677108,0
True,2.09273764240635,0
True,2.36949786376596,0
True,1.2176806629116,0
True,1.3088115797525,0
True,0.772915269000444,0
True,1.92695405848969,0
True,1.03124671201164,0
True,3.52718480233733,0
True,2.39102892423651,0
True,1.08621917770577,0
True,1.62177783275764,0
True,1.91455042752696,0
True,1.62196488082607,0
True,3.31633411648705,0
True,1.10396899152147,0
True,0.871479929337357,0
True,0.941458248526417,0
True,2.59879510744181,0
True,1.70377549506783,0
True,2.16095341907505,0
True,1.56803996196404,0
True,1.18860486008712,0
True,1.2974807934914,0
True,1.45175282900157,0
True,1.93082964677327,0
True,1.43439632785156,0
True,3.08792216609212,0
True,2.14058635170133,0
True,1.30528743478222,0
True,1.29627767637502,0
True,2.68748213681813,0
True,1.23200700607068,0
True,2.6777975308636,0
True,1.75519034952243,0
True,1.17733300122251,0
True,2.84021562095311,0
True,2.3679539262005,0
True,1.62456918552341,0
True,0.890194218430892,0
True,2.51435141842079,0
True,2.8088902749865,0
True,1.77502535007839,0
True,2.10042959567942,0
True,3.15577691386797,0
True,2.50022654475341,0
True,1.54004910244237,0
True,1.24794755347432,0
True,1.10821815670657,0
True,1.41920305022939,0
True,2.90161612419327,0
True,1.32241227105888,0
True,2.63935483756022,0
True,3.16485285225158,0
True,0.97582305385647,0
True,1.09181165842039,0
True,3.17942184839126,0
True,1.18505746999136,0
True,2.7786635389135,0
True,1.5808092505105,0
True,2.45940656947063,0
True,3.6769700952132,0
True,1.29064263431861,0
True,1.94189491127618,0
True,2.13956555439596,0
True,4.05084339788311,0
True,4.26309016228405,0
True,3.18565943697678,0
True,1.17170848130942,0
True,2.01429272789045,0
True,1.5523471291655,0
True,1.97579699353509,0
True,1.04986170858014,0
True,1.29955533561377,0
True,1.65249799667371,0
True,1.22554342607914,0
True,1.39730676646289,0
True,2.67098153078115,0
True,1.23098642604404,0
True,2.4498199308053,0
True,0.86008261975402,0
True,0.701722032591079,0
True,1.93831527879379,0
True,1.19371391615992,0
True,1.99088773317345,0
True,1.30942507222517,0
True,1.86499659004262,0
True,3.32518063636077,0
True,1.47265184688103,0
True,1.01625389157964,0
True,0.914972227844145,0
True,2.78701149471487,0
True,3.36363197925149,0
True,2.40302316774175,0
True,1.15182905524066,0
True,1.63801013793199,0
True,2.85609559538394,0
True,0.682439086770968,0
True,3.96610515580836,0
True,1.99308299893869,0
True,1.08557716861499,0
True,1.78660123291161,0
True,1.79498022614221,0
True,0.759881076865682,0
True,1.52307540668055,0
True,1.53751548785443,0
True,1.63511671567504,0
True,1.71883928662247,0
True,0.866643518729425,0
True,1.45408536675226,0
True,2.17375913741245,0
True,2.34165896308576,0
True,1.79723467426045,0
True,2.24019441634082,0
True,1.43190268424122,0
True,1.56099944916538,0
True,1.31834812370655,0
True,1.36357916298056,0
True,0.730611529694449,0
True,1.74647579496892,0
True,1.30897811934722,0
True,2.11064870006487,0
True,1.18886161826068,0
True,0.913576512429634,0
True,1.27789147135234,0
True,3.40608235474285,0
True,1.54165319918081,0
True,1.04733061239845,0
True,1.07083081149006,0
True,2.15463628771441,0
True,2.1317571131197,0
True,1.35933258792934,0
True,1.6123451970075,0
True,2.98753941180562,0
True,0.70353927627431,0
True,1.09353984646515,0
True,1.05321136238897,0
True,1.54276023630047,0
True,1.29502239219935,0
True,1.50873672747521,0
True,3.02811794575346,0
True,1.49527951959023,0
True,1.37006568690254,0
True,2.72413328649995,0
True,1.17061019411707,0
True,1.45799949679794,0
True,2.7872920010591,0
True,2.44578385908827,0
True,0.393749654055273,0
True,1.6886861172848,0
True,1.89896556068751,0
True,1.99679373536007,0
True,1.10331194165143,0
True,3.36985146026238,0
True,1.70452936347615,0
True,1.52379564470098,0
True,0.730689131237846,0
True,3.04974775228097,0
True,1.68604839705972,0
True,3.58557762867765,0
True,2.16275143746165,0
True,1.8345763694319,0
True,2.13542305997324,0
True,3.21683247711666,0
True,2.33363772589853,0
True,1.06458607014039,0
True,2.3692666051099,0
True,0.944844058284786,0
True,1.04069795430943,0
True,1.75449409602749,0
True,2.42311121466035,0
True,1.38834672768342,0
True,1.55604973271064,0
True,1.43161698945761,0
True,1.02061396315102,0
True,3.37799396773137,0
True,2.03006245936878,0
True,1.33140752881602,0
True,2.66389102615659,0
True,3.97739842310688,0
True,2.97075913463485,0
True,0.881390427665267,0
True,2.01076660617557,0
True,2.07668138863834,0
True,2.06553036758062,0
True,1.65409841861031,0
True,1.74314170914093,0
True,2.37397864602459,0
True,2.12375821427056,0
True,1.33782267926323,0
True,3.45050002767724,0
True,1.82006048714678,0
True,1.84189795605188,0
True,1.69822533122691,0
True,2.10237918748724,0
True,1.11426459655819,0
True,2.24181988728269,0
True,2.28957311001179,0
True,3.41876968800298,0
True,1.02676076718626,0
True,1.86114679420703,0
True,1.45927570174343,0
True,2.53210186143567,0
True,1.34487138672443,0
True,2.23347590763795,0
True,1.63887158184032,0
True,0.675826411953641,0
True,1.23267858246221,0
True,1.45748848470561,0
True,2.3040440932645,0
True,3.02030176756323,0
True,1.94009166105589,0
True,2.91910581181959,0
True,2.13547906744109,0
True,0.735507668034388,0
True,2.03930169430201,0
True,1.43180879415527,0
True,1.1898584318745,0
True,3.9865719739057,0
True,2.76923750197263,0
True,2.1904732786147,0
True,1.45608637764401,0
True,3.63471483690423,0
True,1.71542905667173,0
True,0.99904272937904,0
True,1.99986775239019,0
True,1.08704119352865,0
True,2.54656347866291,0
True,3.7814953697205,0
True,1.36744707420178,0
True,0.940647707160923,0
True,1.94167558343823,0
True,1.02082876565105,0
True,1.45786238822936,0
True,1.29141992620529,0
True,0.947962845557998,0
True,1.50597676795094,0
True,0.920435784082905,0
True,1.13029893985159,0
True,1.51926545164005,0
True,1.75067645550786,0
True,4.08196031074649,0
True,2.56991157621416,0
True,2.13562209354248,0
True,2.08772834546108,0
True,4.38178855251968,0
True,1.26918203108127,0
True,1.3836942859402,0
True,1.07000345274716,0
True,2.66568411396346,0
True,3.07739271028441,0
True,1.24432807272404,0
True,1.54830564056359,0
True,2.10552885285136,0
True,2.27647359378759,0
True,1.36676334975682,0
True,1.94340097711551,0
True,1.11635542672479,0
True,3.08059690437395,0
True,0.910697915452668,0
True,2.39151006673338,0
True,1.89883681256826,0
True,2.36142236605969,0
True,1.87583716864989,0
True,0.993657276201077,0
True,1.65548983749606,0
True,1.39608608351134,0
True,1.95549996105447,0
True,2.3002092680177,0
True,1.88207017257275,0
True,1.70925052250662,0
True,2.22715828360352,0
True,2.32493882406349,0
True,2.34043767488508,0
True,0.934472164767153,0
True,3.83987556265945,0
True,2.52415423464866,0
True,0.9872177363357,0
True,1.02172468507919,0
True,2.41588786224394,0
True,1.83319484075897,0
True,1.25501515049375,0
True,1.50209504055958,0
True,1.54324849426548,0
True,1.40725162850535,0
True,2.83261134238247,0
True,2.88809511962564,0
True,0.661813286815563,0
True,1.59794756185725,0
True,1.90547017517501,0
True,1.13591264233578,0
True,2.58451738969102,0
True,0.770054425206475,0
True,0.82086371439711,0
True,1.90845414573861,0
True,1.50297101010494,0
True,2.03745375091224,0
True,1.69313100142441,0
True,2.60906204252645,0
True,1.30564042330295,0
True,3.40810741152807,0
True,3.73164252314191,0
True,0.97851270629793,0
True,1.93551352682094,0
True,2.51930199974734,0
True,1.83706417707246,0
True,1.1608890990713,0
True,1.35284887811869,0
True,1.16610798531926,0
True,3.42492839014556,0
True,2.21917000676681,0
True,2.70748252019546,0
True,2.11064486900774,0
True,1.63432503755788,0
True,3.10767904695116,0
True,2.04596741122997,0
True,1.47169262380966,0
True,1.93583922416183,0
True,1.6014332808797,0
True,2.21839748159501,0
True,1.2001182597723,0
True,1.6446289840987,0
True,1.89018831462268,0
True,1.36339159642041,0
True,2.82639872668342,0
True,2.69887082762665,0
True,2.53072150632311,0
True,3.24495145273625,0
True,2.44166007253588,0
True,1.38896375957894,0
True,2.08956040216181,0
True,2.86605205222357,0
True,1.96930486869647,0
True,1.08130830065912,0
True,1.15412570610788,0
True,1.30086881564287,0
True,2.790735937181,0
True,1.99619907231395,0
True,2.32755602613476,0
True,2.95008049638535,0
True,1.06909014210761,0
True,2.28003065062492,0
True,1.84636932446213,0
True,0.812700101068808,0
True,2.28655985679083,0
True,2.45467855297251,0
True,0.855590230389308,0
True,2.74726161142,0
True,1.92247096676255,0
True,1.07489048017975,0
True,0.909736991066822,0
True,2.21319087974224,0
True,1.13664618364435,0
True,1.39145160644205,0
True,1.93572939365914,0
True,1.35704288402707,0
True,1.49790405702122,0
True,1.44362829020206,0
True,1.5335712542905,0
True,1.35009107606399,0
True,2.05979606525036,0
True,1.7313854818094,0
True,3.93141459008398,0
True,2.32518733117625,0
True,2.30588828423584,0
True,1.02594509242823,0
True,1.17953045493369,0
True,1.3499238826479,0
True,1.02931618939909,0
True,1.01175346031267,0
True,1.72970659040714,0
True,1.21984541089727,0
True,1.45500692195372,0
True,3.74450197543345,0
True,2.72010132669277,0
True,2.47390369472162,0
True,1.94516955557705,0
True,1.65441871142944,0
True,1.64544247973585,0
True,1.63500614471533,0
True,2.41966711734969,0
True,0.767271772703001,0
True,1.45719473912022,0
True,2.37995842253083,0
True,1.21010378138384,0
True,2.23258592545456,0
True,0.867598689970573,0
True,1.90269702784797,0
True,2.76698246497576,0
True,4.70208944833749,0
True,3.024627061991,0
True,1.55968388009884,0
True,2.99528638634649,0
True,3.51106545619715,0
True,3.17685669083452,0
True,2.25351063620404,0
True,0.468124729302193,0
True,1.96709323873387,0
True,2.05730326045173,0
True,3.43455487591017,0
True,1.30904199514071,0
True,1.66204784749518,0
True,2.53088852776628,0
True,1.11725975421725,0
True,1.42318925948574,0
True,1.79469700761181,0
True,2.42823265992361,0
True,2.60241317925414,0
True,0.882935381018163,0
True,1.55648112233058,0
True,1.62828865230776,0
True,1.44349135204371,0
True,3.11119411603769,0
True,1.57398345712673,0
True,0.835897799897452,0
True,2.14047462465209,0
True,1.7859465725284,0
True,2.56105883508623,0
True,1.48261034422598,0
True,1.15918803693859,0
True,2.8961830786724,0
True,3.31233669864597,0
True,1.66354903261734,0
True,2.64181050895232,0
True,1.30494615987758,0
True,1.46004325263092,0
True,1.25492181101766,0
True,1.76176124297621,0
True,1.04089249623731,0
True,1.63862111302112,0
True,1.91777498792028,0
True,1.42267376022226,0
True,2.44865860077212,0
True,1.71344854446534,0
True,1.75059705701442,0
True,2.11561733962334,0
True,3.49965360539413,0
True,2.37395683149882,0
True,2.03040775879015,0
True,2.427422228835,0
True,1.596749921359,0
True,2.38712431751407,0
True,1.97490372569847,0
True,1.94645153349134,0
True,2.42138753278612,0
True,0.86140135718386,0
True,0.995540038727547,0
True,3.29013853620533,0
True,1.65554840492034,0
True,1.41744582570131,0
True,0.620681888687495,0
True,1.59962978025452,0
True,1.41645873356551,0
True,1.47087773014888,0
True,2.44970181065555,0
True,4.09242998465896,0
True,2.54743891440029,0
True,2.35842218945367,0
True,2.02020543036402,0
True,1.90413002107738,0
True,1.55262038478344,0
True,1.18644551557195,0
True,1.22853556069098,0
True,1.5297767404825,0
True,3.6923669278434,0
True,3.15021352664179,0
True,1.16665015525362,0
True,1.6846758437385,0
True,1.98605672083091,0
True,1.73122926836589,0
True,1.10841942266645,0
True,1.63833837318515,0
True,1.68278153159686,0
True,1.1197161977706,0
True,1.7707683337943,0
True,1.43440601844181,0
True,2.74603338200351,0
True,1.99752909010427,0
True,2.27610705136725,0
True,2.00648200934127,0
True,2.42870202879434,0
True,4.37776024214291,0
True,2.29932716389516,0
True,1.34036911351009,0
True,1.6903024559664,0
True,3.71217025513245,0
True,2.20283309678776,0
True,1.6094391345979,0
True,2.22066632261767,0
True,2.55494195743261,0
True,2.86950749917384,0
True,2.6785806881855,0
True,1.57434501042967,0
True,1.37656907135567,0
True,1.3934873522769,0
True,1.60764555157368,0
True,1.97846289401958,0
True,2.54218895329437,0
True,3.11554549449274,0
True,1.711145896464,0
True,1.35761111848307,0
True,2.26729534098398,0
True,1.67380352317517,0
True,1.62436082556664,0
True,1.25158953093848,0
True,1.11701687778427,0
True,1.52696081269152,0
True,1.49753556837491,0
True,2.01090845616678,0
True,2.92677499163133,0
True,2.43420149237854,0
True,1.95257403057273,0
True,1.66033991965879,0
True,1.54142645870556,0
True,2.20087451745696,0
True,1.53351598847524,0
True,2.61517973547954,0
True,2.11391959098998,0
True,0.796615214242401,0
True,0.640346015620311,0
True,2.20610499388781,0
True,1.7806275733752,0
True,2.52415671272092,0
True,1.64243628215081,0
True,0.918447554743024,0
True,1.20783802838871,0
True,2.99767372935091,0
True,1.74729980830527,0
True,0.952532705094736,0
True,3.1081293430318,0
True,3.1349222075441,0
True,2.35737742884938,0
True,1.08652399509671,0
True,1.1990143508645,0
True,1.35850923441191,0
True,1.61508231297093,0
True,1.48965122215949,0
True,4.01328839496339,0
True,4.32207491363161,0
True,2.22971463934621,0
True,1.44514055554707,0
True,3.08666706867128,0
True,0.962778416906613,0
True,0.775523322468448,0
True,4.03380698188549,0
True,2.89732115224712,0
True,1.21961669298448,0
True,2.44679750659557,0
True,1.2501412780204,0
True,1.70926957054335,0
True,1.1692771324866,0
True,1.46281828004359,0
True,3.18615826001928,0
True,2.56766570140399,0
True,0.862532977606498,0
True,1.6387646898531,0
True,0.820937316765195,0
True,1.754310452019,0
True,2.83604454032998,0
True,2.15877637473036,0
True,3.08588206213023,0
True,3.20291562460648,0
True,0.942819560251625,0
True,1.27831785615265,0
True,1.82013539491786,0
True,0.966787931264165,0
True,1.52332441517141,0
True,2.57103811219711,0
True,1.26865981255967,0
True,3.15222892388275,0
True,2.54256850358938,0
True,2.73946535534683,0
True,0.523689530959626,0
True,1.1470640594362,0
True,3.02972612360355,0
True,1.02470177771053,0
True,1.6775032907398,0
True,1.31538576164269,0
True,0.96109417890726,0
True,1.14866699495765,0
True,2.00043582923486,0
True,1.97886456412684,0
True,2.03917191946982,0
True,2.93239293857093,0
True,1.19237705350633,0
True,3.84912342667352,0
True,3.96209654153881,0
True,1.83636980298358,0
True,1.12599349242925,0
True,1.65770130423769,0
True,1.66272256849679,0
True,2.10130938350185,0
True,4.00987354930871,0
True,2.8797112596392,0
True,4.20229115876398,0
True,0.794889811799266,0
True,1.08369452076977,0
True,2.25461690222404,0
True,1.65259676195715,0
True,1.10150552302473,0
True,1.5475113084922,0
True,1.16238650024636,0
True,2.73976705628266,0
True,2.05030667113898,0
True,1.3497819074963,0
True,3.37828460095913,0
True,2.76177972437036,0
True,1.27598288762474,0
True,2.33655338346573,0
True,1.0487604429103,0
True,1.87866433025045,0
True,3.40933208171544,0
True,1.77264546975176,0
True,2.6623055270138,0
True,1.26870103189764,0
True,1.67198718828603,0
True,1.89690035640614,0
True,3.06977633821716,0
True,2.00609238111096,0
True,1.83444342136285,0
True,1.70800175127586,0
True,2.82623036402176,0
True,2.01225728160765,0
True,1.82315476448785,0
True,2.00682717668878,0
True,4.49280505733738,0
True,2.29468623898749,0
True,2.63482835481952,0
True,1.13152139141185,0
True,2.26281752611701,0
True,1.72531727298717,0
True,2.55548433071902,0
True,1.24259384711455,0
True,1.84453981594913,0
True,0.699502363650769,0
True,3.87648627855459,0
True,2.88711821342271,0
True,1.72363252190928,0
True,3.39228670030183,0
True,1.90517997931522,0
True,1.63786436871596,0
True,1.23568861437483,0
True,3.14040434044505,0
True,1.35318071775034,0
True,1.51732651178492,0
True,2.58215837475804,0
True,2.42615645870681,0
True,1.50590688216036,0
True,3.68608655518268,0
True,2.30621906256099,0
True,2.95722472786526,0
True,1.71202230540413,0
True,1.56793351619665,0
True,1.95881655454177,0
True,3.26398193277744,0
True,1.52502731901901,0
True,2.03935435639439,0
True,1.03125505578744,0
True,2.18208164323635,0
True,1.99610520911959,0
True,3.04822875952146,0
True,1.92512816612101,0
True,1.4220227859355,0
True,1.55570850284575,0
True,0.969536039442571,0
True,1.34108131341428,0
True,2.77946273816247,0
True,1.44232436409956,0
True,2.12548529779463,0
True,2.1083260772243,0
True,1.82037928416735,0
True,1.62080185164711,0
True,2.55593419405124,0
True,0.956926002037316,0
True,1.02592173909759,0
True,1.39674197642192,0
True,2.046650726043,0
True,2.19493048489616,0
True,0.97989794877743,0
True,1.22767968855414,0
True,1.18054275963676,0
True,2.71141401412638,0
True,3.31644159698166,0
True,3.10648665578505,0
True,3.73185896781947,0
True,1.22285193345872,0
True,1.48128734248761,0
True,3.29879950699003,0
True,2.8203506780984,0
True,2.05451854897641,0
True,1.7318551350271,0
True,1.81243240604439,0
True,1.17129225609011,0
True,1.36778175928312,0
True,2.59056380105896,0
True,2.8708372092504,0
True,0.73044190448317,0
True,1.69714983603841,0
True,2.10823218789059,0
True,1.54989173380826,0
True,1.69230763656498,0
True,2.85923843399476,0
True,1.28647285181797,0
True,3.13851192738544,0
True,1.07937740975948,0
True,1.68051769784223,0
True,2.0140797604796,0
True,2.23641895078928,0
True,1.27311254601293,0
True,1.40448704733982,0
True,1.55662767479465,0
True,1.27880316704362,0
True,2.00532089718902,0
True,2.72597347536097,0
True,1.56212536908415,0
True,1.6898897890121,0
True,0.783869592161822,0
True,1.93581550882904,0
True,3.30852069440301,0
True,1.13197848091088,0
True,3.02906669824543,0
True,1.25162501854105,0
True,0.58642527242516,0
True,1.91089900825635,0
True,3.77748143629205,0
True,1.08384252462223,0
True,4.63134829405498,0
True,2.10040958678421,0
True,3.03829122375355,0
True,1.89322450065257,0
True,2.66796357849924,0
True,1.92610583441647,0
True,1.49619151024362,0
True,1.14579026153936,0
True,3.50906061649331,0
True,2.66596351034166,0
True,2.86112248882382,0
True,1.21672450783097,0
True,2.58904105080531,0
True,1.55976280135395,0
True,1.3216480382492,0
True,0.769470238685151,0
True,1.0979940766487,0
True,1.07123189308101,0
True,1.70299321050794,0
True,1.56736914106349,0
True,3.17685873816696,0
True,2.45519117323139,0
True,3.49417974686428,0
True,2.1228398135168,0
True,2.91917537707724,0
True,2.37396368826582,0
True,2.04552783495994,0
True,2.60428502965814,0
True,2.2621573944432,0
True,2.38863333386038,0
True,1.65200466273716,0
True,3.11900216845106,0
True,1.85323956198598,0
True,1.69920589002616,0
True,0.954785185521333,0
True,1.04848714971613,0
True,1.54000555310523,0
True,1.40925149959613,0
True,2.49672082439328,0
True,2.52391185023355,0
True,1.5477540561477,0
True,1.05366614340847,0
True,0.655780541074044,0
True,1.55242053883213,0
True,1.634648295569,0
True,1.51950599645086,0
True,3.96721749446427,0
True,0.810732403569823,0
True,2.3618148039009,0
True,0.93881985507753,0
True,2.41287032162956,0
True,1.12378277052837,0
True,2.0556755833812,0
True,2.5474707607007,0
True,0.931040802877674,0
True,1.80117203725408,0
True,1.90797311317555,0
True,4.2386311908985,0
True,3.89154605369946,0
True,4.01371023085677,0
True,3.02233416001068,0
True,1.30016014198221,0
True,1.59621050432927,0
True,1.64530567535661,0
True,1.49976769932557,0
True,0.969521983416198,0
True,1.8405177414857,0
True,1.73395803511183,0
True,0.564314395480394,0
True,2.20143023286525,0
True,1.97713027210594,0
True,1.65748798033571,0
True,1.16988449493498,0
True,1.4584653234892,0
True,1.70562624417776,0
True,0.585333105975067,0
True,1.47725538479959,0
True,0.99929944435945,0
True,3.0338240203867,0
True,2.13773640406015,0
True,1.4625853639043,0
True,0.885268852050026,0
True,1.27353817935628,0
True,1.10577846378082,0
True,2.02737563323742,0
True,1.03408283287796,0
True,1.71678439753516,0
True,1.6733999485286,0
True,2.5212159802866,0
True,2.0984690288761,0
True,2.38851481280691,0
True,1.32527874046815,0
True,1.44035472819524,0
True,1.54004197812547,0
True,2.30664246006058,0
True,2.04430353433653,0
True,1.3556168633613,0
True,1.89414690665118,0
True,2.60651355179296,0
True,1.05316501765753,0
True,0.826100204857372,0
True,2.44964491042295,0
True,2.08745542040381,0
True,2.07205520420813,0
True,1.97876429115485,0
True,1.22937003873582,0
True,2.687837411244,0
True,1.91823452924501,0
True,1.10486287288134,0
True,1.06725275741726,0
True,2.1659816223124,0
True,2.54113920548632,0
True,1.19374241347415,0
True,2.21160921093278,0
True,1.41696844824497,0
True,1.87462133731331,0
True,2.24360715648233,0
True,2.41219279285206,0
True,2.08939393761683,0
True,2.08755572967733,0
True,2.19535843367811,0
True,1.66722278689265,0
True,1.17541720202019,0
True,1.2756721006667,0
True,1.9752684650722,0
True,1.29940120873189,0
True,2.73454151128794,0
True,1.30419053678873,0
True,2.70232164173349,0
True,1.21252264471565,0
True,1.96414885306931,0
True,2.58794067645985,0
True,1.40469269396513,0
True,1.40119583698951,0
True,0.928576543521966,0
True,2.35892626244081,0
True,1.14159630043725,0
True,2.41834642472279,0
True,1.45317779345464,0
True,1.24549796213624,0
True,2.26769739213889,0
True,0.799249415438639,0
True,2.28996945306143,0
True,1.97763958711911,0
True,2.03595325450647,0
True,1.24729749018301,0
True,0.93230677115832,0
True,1.07661953155005,0
True,2.8683390443449,0
True,2.12682808604859,0
True,1.66056038523166,0
True,1.26070483315974,0
True,2.66735126275766,0
True,2.12359652595571,0
True,0.998360078455345,0
True,1.36653217482544,0
True,3.40630159491929,0
True,2.04245557381912,0
True,1.90258202442879,0
True,0.863220512606511,0
True,1.87161647798802,0
True,2.35379933887573,0
True,1.65052598254531,0
True,4.4283443657562,0
True,1.26678642646338,0
True,1.00319541701706,0
True,4.46472073592277,0
True,1.35812912552306,0
True,2.93257736523463,0
True,3.11790107928639,0
True,0.978888710700871,0
True,1.95846144630816,0
True,1.88533125964864,0
True,3.02215958122987,0
True,3.46077527309869,0
True,3.46870381053346,0
True,0.614186619183669,0
True,2.04888346080003,0
True,2.11048131047672,0
True,1.55522271041751,0
True,3.44207247129381,0
True,1.80095289297789,0
True,1.21268475343153,0
True,1.50559427559452,0
True,3.28327449231262,0
True,2.28673152386634,0
True,2.17132650985121,0
True,0.518309632914152,0
True,1.20121749915757,0
True,2.07042435035724,0
True,3.98497104583101,0
True,2.36062258255841,0
True,1.90488547574397,0
True,1.05444042788809,0
True,1.29244128974034,0
True,1.3619867397659,0
True,1.47034488940398,0
True,2.16087497135383,0
True,1.90874677208458,0
True,3.1168140199691,0
True,2.09017899480596,0
True,1.48530923921059,0
True,2.14694262443749,0
True,0.883746013483711,0
True,0.886037939088274,0
True,2.00357863390454,0
True,1.88128374725988,0
True,1.4530411708534,0
True,1.36036030871135,0
True,3.30156140975541,0
True,3.1486883303734,0
True,1.50766893843481,0
True,1.43755738735832,0
True,0.915339628197782,0
True,2.0821575613091,0
True,1.73466656186355,0
True,2.25664522302938,0
True,1.08364145561894,0
True,2.26266260348517,0
True,1.95805100398744,0
True,1.02937510956193,0
True,0.944094429987182,0
True,1.7842412019297,0
True,2.94408371164458,0
True,3.25574681997157,0
True,1.75437039886717,0
True,1.70332315708715,0
True,0.628375853725399,0
True,2.13906640805663,0
True,2.00848313581958,0
True,3.0282512595514,0
True,1.24450878490685,0
True,1.61633849723335,0
True,1.18112236378782,0
True,1.78346857777565,0
True,3.7400985500137,0
True,2.62275179604321,0
True,1.44401704382611,0
True,1.7890174869591,0
True,3.39585105921736,0
True,2.89477922335389,0
True,3.77130242818353,0
True,1.87969212052619,0
True,2.26988838894064,0
True,2.04175227471124,0
True,2.48205863614613,0
True,2.46741159088678,0
True,0.860753594711766,0
True,1.91332851035823,0
True,1.30559179714053,0
True,2.15427496121152,0
True,1.60119404205183,0
True,1.82955987410972,0
True,1.74756182023833,0
True,1.13804172542132,0
True,2.06542223314764,0
True,3.32604317055852,0
True,2.22969237503515,0
True,1.53345349946222,0
True,1.78257048717231,0
True,2.88885628610603,0
True,0.536426571662483,0
True,1.58301313990684,0
True,1.64064452099408,0
True,2.8156978009848,0
True,2.40531477901551,0
True,1.85813512437357,0
True,2.15207609407337,0
True,3.24762720607118,0
True,3.42251347619767,0
True,3.73317382082119,0
True,1.20099338770808,0
True,0.604299251525465,0
True,0.876557404464884,0
True,3.34809571931349,0
True,2.04621485698672,0
True,2.16948301447092,0
True,3.46519494855696,0
True,1.41588596828655,0
True,2.11690690928384,0
True,2.58402014992715,0
True,0.910930802789846,0
True,1.66749793130632,0
True,1.66540977146219,0
True,2.98673088005938,0
True,2.34183033218834,0
True,2.40668793769947,0
True,3.22985267538066,0
True,1.97932367442559,0
True,3.55395901103568,0
True,2.29451513876076,0
True,1.00983169536122,0
True,1.25531770550214,0
True,1.59982158035509,0
True,1.99487715158244,0
True,2.13888578155545,0
True,1.65604470202365,0
True,0.895986780629688,0
True,1.25032499374211,0
True,1.69176573527833,0
True,1.99628148051994,0
True,1.20371292814723,0
True,1.97205881640222,0
True,1.67359975143631,0
True,3.82407577575996,0
True,3.6063992302315,0
True,2.36717909495748,0
True,1.00093122410734,0
True,3.03255792036651,0
True,2.61576974104102,0
True,0.919383239877911,0
True,1.51112245110818,0
True,1.99359654008766,0
True,2.9911197521564,0
True,2.88746552041526,0
True,1.11346680309386,0
True,1.34981118785841,0
True,1.0310461747622,0
True,3.08258462449888,0
True,2.39028283987705,0
True,1.99818385627813,0
True,2.22973468142781,0
True,1.03503048928546,0
True,1.09350181676544,0
True,2.65556172317968,0
True,0.854557443021865,0
True,2.71286590783195,0
True,1.74513278245781,0
True,1.58516571249379,0
True,1.61101844953691,0
True,2.41187360876269,0
True,2.43231815786693,0
True,0.948573585262729,0
True,1.11861392988983,0
True,2.11257231300306,0
True,0.994447242899284,0
True,1.7587506166152,0
True,1.86654418367411,0
True,1.41589198765049,0
True,2.63951027989054,0
True,1.76742631022318,0
True,1.00325763312699,0
True,2.83620255485254,0
True,1.38346377988438,0
True,1.55150789752332,0
True,2.24920324459572,0
True,1.6092689860413,0
True,3.76525204847127,0
True,3.42308829847756,0
True,2.64307859475344,0
True,1.58251144724805,0
True,1.09210381222424,0
True,2.15800670968134,0
True,1.27681035369893,0
True,2.34712230061876,0
True,1.48133934307277,0
True,3.63485225921294,0
True,2.29914414028602,0
True,2.86688720994928,0
True,2.64411306246026,0
True,2.01923385075828,0
True,2.4480939643736,0
True,1.25626777348296,0
True,3.61172229785765,0
True,0.988268351906084,0
True,1.28560660306044,0
True,1.501990573162,0
True,3.0322532977624,0
True,2.00805275113604,0
True,2.35704112312236,0
True,2.51745479011739,0
True,1.88247003585,0
True,3.02693462569034,0
True,1.1221523568024,0
True,2.48126583943276,0
True,1.02228544941993,0
True,2.29072295618162,0
True,2.11030262187964,0
True,3.02076504271311,0
True,2.45023325473675,0
True,1.07086258504468,0
True,2.86205959119263,0
True,1.42592274311917,0
True,1.15185021715429,0
True,2.86539150794747,0
True,3.01083053486157,0
True,1.50373138054466,0
True,2.43609434403295,0
True,1.06137778986328,0
True,2.0564510149347,0
True,1.9974200725741,0
True,1.68451296515078,0
True,0.897074986511813,0
True,1.20399494824014,0
True,1.37009068904423,0
True,1.63885216144054,0
True,2.04095874794888,0
True,1.41366058216837,0
True,1.42991823325075,0
True,2.18570984991642,0
True,1.47246745851841,0
True,1.87151311189478,0
True,2.32962224677762,0
True,2.89176149687864,0
True,1.31399863351881,0
True,1.83278076097407,0
True,1.28357266166465,0
True,1.65318810068615,0
True,2.28591445669173,0
True,1.30206969576485,0
True,1.58231786793697,0
True,1.13849324003382,0
True,3.31260440843768,0
True,1.70577335742556,0
True,1.36688567425594,0
True,1.23891812023536,0
True,1.06859737041306,0
True,1.1221623886077,0
True,3.03848950060393,0
True,1.43400869874044,0
True,3.28972676766088,0
True,1.97509237738528,0
True,0.935721719960425,0
True,1.90898374665129,0
True,2.37189434954341,0
True,1.92860378293299,0
True,2.18156706842429,0
True,2.52526352545001,0
True,3.51054312202373,0
True,0.833520981345851,0
True,4.21205634411604,0
True,1.01459512393633,0
True,2.50859471275028,0
True,1.11689248947618,0
True,1.38880211070261,0
True,2.25214222167052,0
True,3.10935761756733,0
True,1.50290732276998,0
True,1.72150576049462,0
True,3.73607871361856,0
True,2.66528896063029,0
True,1.85101917295267,0
True,1.8024205531146,0
True,1.40064099035908,0
True,2.11654733477096,0
True,1.59043851206153,0
True,3.48634902587682,0
True,1.86632679384683,0
True,1.64540384366923,0
True,1.82144224179125,0
True,1.02754136198687,0
True,1.13437883384818,0
True,3.20543201173543,0
True,2.28353360571103,0
True,2.10412020479443,0
True,2.8678177049471,0
True,4.0363704786389,0
True,1.58111732583299,0
True,1.80302337115417,0
True,1.21835099301768,0
True,3.12510403070932,0
True,2.54517391050861,0
True,1.58864966594078,0
True,1.59222564611612,0
True,0.97552753546112,0
True,1.42940178070113,0
True,1.18052098463603,0
True,1.11132615032855,0
True,1.07700834945648,0
True,1.78219675354671,0
True,2.58134023769663,0
True,2.32288658801651,0
True,2.77932265390654,0
True,2.52005237571156,0
True,1.95376402314583,0
True,2.09038987318863,0
True,1.27994873418086,0
True,2.02357866311998,0
True,1.91432179470214,0
True,1.65315694138502,0
True,2.1047840157537,0
True,2.90951159340946,0
True,0.955251889557904,0
True,1.92775736996858,0
True,1.1801021563323,0
True,1.38108068798873,0
True,3.11901542661606,0
True,1.56742393943286,0
True,1.29206637884326,0
True,1.89418108088113,0
True,2.28823633155244,0
True,1.07882820087553,0
True,1.04795136735909,0
True,0.805974619602625,0
True,1.18752785099304,0
True,1.66968205943068,0
True,3.2068838654974,0
True,1.91824044614341,0
True,0.744126470436081,0
True,0.959021046133369,0
True,0.8268521750948,0
True,1.73941600857587,0
True,2.86010426588027,0
True,2.20792781203739,0
True,2.16095552065342,0
True,1.49052756724779,0
True,2.6408908702275,0
True,2.45633955772806,0
True,0.88745154060098,0
True,1.61033936122611,0
True,1.81770628300516,0
True,1.98120590851114,0
True,3.17531592290841,0
True,0.709315202413143,0
True,2.59428568234732,0
True,3.39929849264652,0
True,1.38198484679011,0
True,1.13858428647439,0
True,3.16718922440962,0
True,3.05478301232001,0
True,0.579450782281526,0
True,1.98430947834179,0
True,2.40213386549014,0
True,1.41950623869081,0
True,2.21691635808488,0
True,2.41335459035617,0
True,3.62612935338591,0
True,2.31929381536195,0
True,1.20551900947729,0
True,3.70545120995013,0
True,3.50284131386915,0
True,1.10751188168244,0
True,3.86769511287934,0
True,2.72877881031629,0
True,2.30155392333955,0
True,1.90229130958667,0
True,2.55058569690597,0
True,1.8001563838979,0
True,4.54316596291634,0
True,3.72426606650467,0
True,1.93877827765364,0
True,3.67542218210091,0
True,2.57052286101816,0
True,2.68007037306207,0
True,2.27207446436842,0
True,0.822817218142335,0
True,1.31166007412436,0
True,1.83914463000044,0
True,2.98718727886928,0
True,2.14215719952702,0
True,2.20347677600738,0
True,0.948829591314038,0
True,1.42738944691335,0
True,1.50276812044801,0
True,0.81073696603544,0
True,3.81698799847949,0
True,1.90098263507255,0
True,1.55041742379841,0
True,2.45867307065513,0
True,2.01602633592398,0
True,2.29661627600225,0
True,1.53602981512048,0
True,1.18099223290669,0
True,1.01452422184204,0
True,1.09170497103867,0
True,1.58108527074281,0
True,1.87636118677838,0
True,1.56125766598022,0
True,1.42780090819038,0
True,1.14576011951683,0
True,1.91583646393356,0
True,1.49830045098745,0
True,1.19551427500115,0
True,0.95832061267631,0
True,0.721848488428914,0
True,2.40413481992664,0
True,1.76560543258691,0
True,2.18151314402683,0
True,1.42098521412419,0
True,1.68476561211141,0
True,2.74150610080148,0
True,2.18977027804927,0
True,2.12219678368998,0
True,1.24359128432118,0
True,1.79299347837294,0
True,2.32055611922134,0
True,1.51330690277061,0
True,1.59323006678619,0
True,1.85446455616272,0
True,2.21885101399062,0
True,1.91834159016892,0
True,1.87523942802725,0
True,2.95364834655103,0
True,3.66951024174553,0
True,1.99028624167379,0
True,0.828632551542161,0
True,1.02818170616775,0
True,3.21470967002373,0
True,2.36818867254119,0
True,3.84743554328458,0
True,1.90404729660674,0
True,1.63215254569473,0
True,1.76263389651032,0
True,2.26777810516,0
True,1.17694246761065,0
True,1.03644785783789,0
True,0.888265286590075,0
True,1.62057400198783,0
True,1.49543512782555,0
True,2.46595629920274,0
True,0.971531165584339,0
True,1.33892479740104,0
True,1.45772196198664,0
True,0.909020651324799,0
True,1.01987484822421,0
True,0.485969009353068,0
True,2.13872255383795,0
True,0.955018193778833,0
True,2.42666533946297,0
True,0.841262313217186,0
True,1.54964067085939,0
True,3.45947049924049,0
True,3.47058787758016,0
True,1.70699703624106,0
True,2.12159920006371,0
True,2.44022648315058,0
True,1.33259118611437,0
True,3.08354762450251,0
True,1.67530457973327,0
True,1.74261385156608,0
True,0.895036243033298,0
True,0.897446465918625,0
True,2.38719338065462,0
True,3.45704813223871,0
True,2.17316031835023,0
True,1.77769510306378,0
True,0.603828176653095,0
True,2.09734304633077,0
True,2.33643968701973,0
True,2.79300025190008,0
True,1.45748189130494,0
True,1.97308715505306,0
True,1.62882761181248,0
True,0.928067690694494,0
True,1.79892063892821,0
True,1.01857180365474,0
True,2.24122769862497,0
True,1.50765853921887,0
True,1.89011890203727,0
True,0.828714458010643,0
True,1.57769909470864,0
True,0.910427360170723,0
True,1.09461976317093,0
True,1.94363365366601,0
True,2.54520723024627,0
True,1.65671223667001,0
True,3.21581094547861,0
True,1.25595187680995,0
True,1.8360194723199,0
True,2.586004536291,0
True,1.76289282933756,0
True,1.77095885574919,0
True,2.36259154429889,0
True,2.12615731818903,0
True,2.05824848722928,0
True,1.40317786890587,0
True,0.78261896866608,0
True,1.2080972337955,0
True,1.47041752302001,0
True,1.43572680388965,0
True,1.00051434214351,0
True,1.8894939376814,0
True,1.16061135193422,0
True,3.86485632337332,0
True,3.04428753937754,0
True,0.869039137672325,0
True,2.88274173571382,0
True,4.33005687825585,0
True,2.82093619314196,0
True,2.02473475686443,0
True,1.66460503098884,0
True,1.28139076693644,0
True,1.44729101810032,0
True,1.40874014834669,0
True,1.74604937072171,0
True,1.92300702117026,0
True,1.36877030261008,0
True,2.18457343612436,0
True,3.60515432581798,0
True,4.13307773345068,0
True,1.66006557335528,0
True,2.27861773293474,0
True,3.72679258855474,0
True,2.10060184085022,0
True,2.99180064520318,0
True,3.25044640142603,0
True,2.56811148947502,0
True,2.3880171958231,0
True,1.20695810722926,0
True,0.710848640309236,0
True,1.21226282359257,0
True,2.19689133992955,0
True,1.62950114056278,0
True,1.41956831838985,0
True,1.51235070721224,0
True,0.661655910493723,0
True,1.33995608168003,0
True,2.74580563996528,0
True,2.07878216378121,0
True,1.4678497339811,0
True,1.7463195185201,0
True,2.19910309113046,0
True,1.86489580150851,0
True,1.78391246499809,0
True,4.01622314582487,0
True,2.75356002125882,0
True,2.5702810555396,0
True,2.49236729094567,0
True,1.79948784932885,0
True,1.74572616784343,0
True,2.38550280491133,0
True,2.05072252568357,0
True,1.02859897746173,0
True,1.87387327704908,0
True,1.15754779993095,0
True,1.44261310605021,0
True,2.01563067668555,0
True,3.38028348092528,0
True,2.36327992297285,0
True,2.59781440340329,0
True,2.3875546338174,0
True,1.14482073546145,0
True,1.12648039041633,0
True,1.71954415998041,0
True,2.47679404094906,0
True,0.903310021933113,0
True,1.89998070309894,0
True,1.1312603336126,0
True,2.84755299283755,0
True,1.90919063262982,0
True,1.71112693099704,0
True,1.59912607561899,0
True,0.576940195116291,0
True,2.17417194364752,0
True,1.91621487314362,0
True,1.12096984730458,0
True,1.45798117418954,0
True,1.14228199488814,0
True,1.34931285666277,0
True,3.81567148955795,0
True,3.17018326064395,0
True,2.49201871900346,0
True,0.9898505407784,0
True,1.59950703856662,0
True,1.74252665247566,0
True,1.86812769087855,0
True,1.30390158038043,0
True,1.69221791687846,0
True,1.72108802641764,0
True,1.12346988250978,0
True,1.43206748124405,0
True,2.56208666929518,0
True,2.05394334074615,0
True,1.36717063855196,0
True,1.82377261237879,0
True,1.52708470685999,0
True,3.53980407667226,0
True,1.31773820315055,0
True,2.1911290516384,0
True,1.6714693361812,0
True,1.13897813313389,0
True,1.5423789728253,0
True,1.59176382065843,0
True,0.54150342929202,0
True,1.61191264085693,0
True,1.1394306771995,0
True,2.22156645573086,0
True,1.5790370302845,0
True,1.11986489209999,0
True,1.57805764074039,0
True,2.4401829994009,0
True,1.07020382996742,0
True,2.25160307741674,0
True,2.50069321302148,0
True,1.11366819443991,0
True,3.40921312512331,0
True,3.52481367663812,0
True,1.81115196323177,0
True,1.31940842093915,0
True,0.811918472875353,0
True,0.859995112094472,0
True,1.83054792659123,0
True,2.8285374616679,0
True,0.704144821865263,0
True,1.88396853509731,0
True,2.88109880667974,0
True,2.45483960483338,0
True,1.99487884503954,0
True,2.02796488004537,0
True,1.69943324697041,0
True,1.41099554254328,0
True,1.87652742858432,0
True,2.44339322924718,0
True,2.13921466938605,0
True,2.47340544436616,0
True,1.19134641367812,0
True,2.31161926204518,0
True,1.89815654750561,0
True,4.12185344954289,0
True,3.47893116272893,0
True,2.37635516180587,0
True,2.36997126598725,0
True,1.73540841586615,0
True,0.755592603479225,0
True,0.934973097967757,0
True,3.52663829091735,0
True,0.904131567074008,0
True,1.53239363151582,0
True,1.91376589345617,0
True,1.80596284563424,0
True,2.5256250905528,0
True,1.01795408231893,0
True,2.06019000342417,0
True,3.21121226991352,0
True,3.16701169923146,0
True,2.08388095117589,0
True,1.3380423665929,0
True,2.00114688943464,0
True,1.8401960227568,0
True,1.08492421633532,0
True,2.05259438070504,0
True,1.38162221104111,0
True,1.68209614774415,0
True,2.73384486443096,0
True,1.46262315086869,0
True,1.42211416670196,0
True,3.32559827538411,0
True,1.50876861153872,0
True,0.827050276897228,0
True,1.13973526747328,0
True,1.98276860867313,0
True,2.07298853347318,0
True,2.06842711779252,0
True,1.03688773252998,0
True,1.87308484441958,0
True,1.66047441526467,0
True,1.09941406200316,0
True,1.92889000244921,0
True,1.03705570343396,0
True,4.23915855952475,0
True,3.03275910643728,0
True,1.19572217975286,0
True,1.64512085475628,0
True,3.54591855922173,0
True,0.730418146983805,0
True,3.77909094043333,0
True,3.30160396434028,0
True,2.80057144414661,0
True,2.32126562015972,0
True,2.82168659428199,0
True,3.10699295731358,0
True,0.701240835240505,0
True,1.26931967147408,0
True,1.32949851258141,0
True,1.42428388453698,0
True,1.41438713477972,0
True,1.37405545720288,0
True,1.77737276791282,0
True,1.54072951599755,0
True,1.56830707876593,0
True,1.02926949748317,0
True,0.865930995566297,0
True,2.30630140831851,0
True,0.682457170690747,0
True,3.41217809872372,0
True,2.73220626650684,0
True,1.54916497672877,0
True,1.2705013946545,0
True,2.41353281730362,0
True,1.92347178237191,0
True,1.16798216534602,0
True,1.12954569693727,0
True,1.11201130406856,0
True,2.49198181709221,0
True,2.34991689443887,0
True,2.73043884478953,0
True,2.20023197123049,0
True,3.35188513128332,0
True,1.79640972663678,0
True,2.80596232677869,0
True,1.18411698845939,0
True,1.53562991194092,0
True,2.41865540063378,0
True,3.81179087600334,0
True,2.47900708016799,0
True,0.94455902470391,0
True,0.752610474712532,0
True,1.60962354535025,0
True,1.02250701500476,0
True,0.80818545000986,0
True,0.561771052366553,0
True,1.21687935631729,0
True,0.844573871198023,0
True,1.21241755513018,0
True,1.7382116143416,0
True,1.6238612300862,0
True,0.611024552983815,0
True,0.617693939981383,0
True,3.50283933536361,0
True,2.2955117661001,0
True,1.51099046996743,0
True,4.30877708058894,0
True,2.50534981165618,0
True,1.65921989354332,0
True,1.78212800522318,0
True,1.03687120062526,0
True,2.22523121221887,0
True,2.23962851771519,0
True,3.0838176085825,0
True,1.79011445768078,0
True,1.55996142774801,0
True,2.79647045818206,0
True,1.72192843226305,0
True,1.35533412237157,0
True,0.802377219175937,0
True,1.47444694117754,0
True,1.68487127675048,0
True,1.68800922091493,0
True,1.32154301769666,0
True,0.721108940380768,0
True,0.449950618873131,0
True,1.83086870853159,0
True,1.15261627414907,0
True,2.51902283099153,0
True,1.53665608819347,0
True,1.71860593642627,0
True,1.55532342581021,0
True,2.28092947305792,0
True,1.92029545352326,0
True,1.09794594470653,0
True,1.41314158444536,0
True,2.60046413757935,0
True,2.4702176104946,0
True,1.88892081381753,0
True,0.910537178604273,0
True,0.899915699476259,0
True,3.18818436331349,0
True,3.6248872398749,0
True,3.0139212062548,0
True,2.31272541223459,0
True,1.78331709279654,0
True,1.5769103511987,0
True,1.21724201813139,0
True,0.792757724082565,0
True,0.711866629786648,0
True,0.721274025471075,0
True,2.21347622593184,0
True,1.99587398859446,0
True,1.79178305027999,0
True,1.69450299420503,0
True,1.2364712091297,0
True,0.878761389211891,0
True,2.17011756214617,0
True,1.57582793260998,0
True,0.79696112807298,0
True,1.07777382484107,0
True,0.916216757375271,0
True,1.27891925636285,0
True,1.86051845482914,0
True,1.65326334257773,0
True,1.28908429543973,0
True,3.30671231529375,0
True,2.11716741133173,0
True,1.60534018319051,0
True,1.90990968074647,0
True,2.61714945850514,0
True,1.98391249199299,0
True,0.787203682841153,0
True,1.63756609781633,0
True,3.29352698936776,0
True,1.48502138810422,0
True,2.38903920063574,0
True,2.54203499599602,0
True,2.17005888120072,0
True,3.14669436519115,0
True,3.88119497852094,0
True,2.5108190008706,0
True,2.29775069600123,0
True,1.49183164005335,0
True,1.14664302767429,0
True,0.901458212714599,0
True,1.18730385470423,0
True,1.64149476337127,0
True,2.54507685334771,0
True,1.71937278309855,0
True,3.5937435901347,0
True,1.74904076435955,0
True,1.21085760261998,0
True,2.938662117452,0
True,3.43900028804529,0
True,0.691459943435728,0
True,2.90841269169263,0
True,0.748053205355008,0
True,1.43813098880905,0
True,1.1719785629948,0
True,2.80430854970872,0
True,1.18248293020726,0
True,3.52472658939571,0
True,1.43268526881785,0
True,1.01975562506707,0
True,2.42515008967973,0
True,2.14523175796991,0
True,2.48669680917273,0
True,2.12441023356248,0
True,2.4699130905393,0
True,3.43203245425359,0
True,1.92621502907472,0
True,1.80247699055915,0
True,2.43051651147681,0
True,1.50580198858767,0
True,2.2178924967199,0
True,1.48926579778065,0
True,3.22559348927653,0
True,1.22983813222345,0
True,2.78597127331036,0
True,2.19748047242265,0
True,3.55163519139002,0
True,2.21709966431952,0
True,1.96719498611852,0
True,2.15068186235029,0
True,2.68660731966638,0
True,2.14222115032913,0
True,1.2563904334916,0
True,2.10808897119392,0
True,2.56088921802964,0
True,1.05801277893428,0
True,2.33619826021404,0
True,1.68351042783864,0
True,0.828647438200827,0
True,3.09055532168,0
True,3.39667134349723,0
True,1.28239040078774,0
True,1.07194691965167,0
True,2.34151249006237,0
True,1.99391357577795,0
True,1.0111501855206,0
True,2.950354035131,0
True,1.20270484676946,0
True,1.13136129202018,0
True,1.43041653341279,0
True,0.629829806344143,0
True,0.773674111385851,0
True,1.63025808856444,0
True,1.9912205132839,0
True,1.3720593944147,0
True,0.836233178873656,0
True,1.17233482736724,0
True,1.72608686270364,0
True,1.65889283034132,0
True,1.91341262482998,0
True,2.3715255692102,0
True,2.59255483935614,0
True,3.468892412732,0
True,1.58561808289191,0
True,1.58632528114184,0
True,1.11452592957276,0
True,3.8060094496283,0
True,1.0497308186114,0
True,3.14068193946017,0
True,1.59624216956277,0
True,2.53968430085871,0
True,2.57850423911408,0
True,0.570389873827033,0
True,3.72518767362771,0
True,2.57089364785209,0
True,2.68905512624239,0
True,2.44529824787893,0
True,3.34546936432795,0
True,1.5390016029227,0
True,2.85776906500673,0
True,1.58445195257542,0
True,1.10173831874426,0
True,3.15500973537991,0
True,1.54414279687606,0
True,2.38975877019481,0
True,1.64285456952342,0
True,3.04263949147792,0
True,2.79257849678236,0
True,1.6503778041846,0
True,1.46892619940299,0
True,2.45710216594571,0
True,3.49651528171794,0
True,2.72878080420265,0
True,1.72979230118806,0
True,0.859412583624083,0
True,3.1177490439179,0
True,1.52763831728237,0
True,2.19215100325438,0
True,2.08707223955601,0
True,2.38696651067687,0
True,1.17850589568906,0
True,1.88191348117368,0
True,1.50784703584379,0
True,3.1685305803493,0
True,2.95229650396273,0
True,1.65648702517052,0
True,1.18507446527089,0
True,2.71932101153799,0
True,3.0458105961445,0
True,3.47281497619825,0
True,2.24053003312894,0
True,2.32650805997391,0
True,1.33892235559138,0
True,0.634538818666942,0
True,1.31023193833632,0
True,1.77611531677518,0
True,0.864338284712631,0
True,1.95702893457579,0
True,2.24557715575939,0
True,1.68776822636528,0
True,1.1259389643564,0
True,0.788628589032974,0
True,1.40686743264188,0
True,2.71055095262078,0
True,3.04804304529385,0
True,1.72777630728378,0
True,1.61118572741453,0
True,1.02591856825055,0
True,0.768694897531815,0
True,0.862492404551959,0
True,1.83556241693057,0
True,1.99799095036616,0
True,2.83513295327697,0
True,1.25487509611305,0
True,1.70681922402716,0
True,0.648696258652407,0
True,2.49342381976902,0
True,1.20812066716818,0
True,1.27199224809206,0
True,0.48526540906521,0
True,1.21042907849375,0
True,1.20481059599136,0
True,1.37032663037941,0
True,4.40066304538698,0
True,1.74814932957382,0
True,1.84459384863013,0
True,1.3879307828369,0
True,2.23076124367392,0
True,2.58438503836706,0
True,0.96640602287667,0
True,1.97652663126427,0
True,1.74208168265311,0
True,1.55670516810458,0
True,1.92173433396488,0
True,1.70613376687844,0
True,3.89563307985727,0
True,2.83640408276144,0
True,2.90619025119058,0
True,1.5929126542835,0
True,2.6220300401646,0
True,1.592737664878,0
True,2.67859397379635,0
True,2.36514216453612,0
True,1.17737142919084,0
True,2.06083724177952,0
True,1.09881338662301,0
True,1.36545850089879,0
True,1.73169112923047,0
True,1.54704139423403,0
True,1.43204323270336,0
True,3.05293020335865,0
True,1.43035223835764,0
True,0.790228258358305,0
True,4.45902428305251,0
True,1.54540141901299,0
True,2.97583460358683,0
True,3.22996446570757,0
True,2.30258415437818,0
True,1.20233120352554,0
True,1.36657736248937,0
True,2.91075216671922,0
True,2.19244555314005,0
True,1.10088275354855,0
True,1.84442554079424,0
True,2.73590702978614,0
True,2.58563211184368,0
True,1.380249779821,0
True,0.512846022121318,0
True,2.99213555119401,0
True,2.04423216109034,0
True,2.30879097491003,0
True,1.98675360936706,0
True,1.11764983420792,0
True,1.17145769625377,0
True,1.10609098267821,0
True,2.81918574861761,0
True,1.75073173015657,0
True,1.47770900059447,0
True,0.783987978119511,0
True,3.5598651841956,0
True,3.06201380337936,0
True,2.57339066674617,0
True,1.30966047490883,0
True,1.01202638464717,0
True,1.19252214552421,0
True,2.27965653815595,0
True,2.8230994203875,0
True,2.54106947568893,0
True,2.62719047321587,0
True,2.55152135916047,0
True,4.05838427955233,0
True,2.33719839485304,0
True,3.61107099117958,0
True,1.54940471410863,0
True,2.338076384658,0
True,3.6625359040723,0
True,2.79291191578693,0
True,2.38398552836158,0
True,2.0732011227912,0
True,2.39243600126812,0
True,3.03747713627191,0
True,1.18792822027611,0
True,1.3244896040674,0
True,2.50858234122533,0
True,1.61636320115749,0
True,1.37141907155509,0
True,1.21294656864804,0
True,1.1624219616879,0
True,2.05959611906267,0
True,1.2967544132063,0
True,1.45421331948269,0
True,1.35872512486284,0
True,2.98928135372818,0
True,2.51110046473021,0
True,1.54392380859801,0
True,1.50476012062824,0
True,1.71044193054763,0
True,2.02857135379284,0
True,0.682045309306513,0
True,2.80675828108064,0
True,0.924362749181422,0
True,0.760245718823773,0
True,1.47088170218546,0
True,1.71620015999684,0
True,3.57963438154993,0
True,2.81460535913711,0
True,3.42446079609341,0
True,1.67931630262271,0
True,3.68171347837045,0
True,1.50867927261509,0
True,2.41834215271881,0
True,4.49122524223806,0
True,4.40914208665533,0
True,2.25801312202955,0
True,1.35379016617049,0
True,1.31997988311277,0
True,2.23403752254736,0
True,2.44381177737638,0
True,2.78928577374583,0
True,1.69699164580071,0
True,3.56257472276568,0
True,3.12772433952454,0
True,1.22713969185273,0
True,3.2601453518596,0
True,2.03142516477999,0
True,0.629179402949236,0
True,1.17051846448739,0
True,1.12337837850946,0
True,1.22002377183992,0
True,1.11443381832358,0
True,3.02229078939163,0
True,1.62898673636974,0
True,2.05348103104208,0
True,2.28743524954466,0
True,2.53359134273533,0
True,0.548035248195731,0
True,1.40550178579724,0
True,3.45908188999735,0
True,2.56710945729542,0
True,1.79315427691213,0
True,1.87111164042903,0
True,1.86042307821108,0
True,1.05415516717142,0
True,1.31436557122126,0
True,1.29484178616465,0
True,1.09042852963434,0
True,1.77558846374464,0
True,2.43341256690561,0
True,1.98959062158123,0
True,1.23718826473527,0
True,3.25313624679578,0
True,2.94534924942972,0
True,1.8374936349584,0
True,3.22618841878185,0
True,3.00082237099107,0
True,1.81187540683337,0
True,1.47411943118025,0
True,3.56076754507563,0
True,1.49391563247526,0
True,1.80156101771736,0
True,0.97308818623096,0
True,1.62740085644903,0
True,1.55335150697411,0
True,1.04377621976093,0
True,2.0699763912345,0
True,2.02653284719626,0
True,3.34673255301882,0
True,2.10529490082769,0
True,2.38261918358407,0
True,0.730595994855143,0
True,1.88366253126387,0
True,1.93554542879865,0
True,2.05216431482353,0
True,2.09293141194168,0
True,1.11197567136939,0
True,2.17133438986029,0
True,3.4848412235202,0
True,1.76624556699188,0
True,0.748422533183978,0
True,2.68431717718562,0
True,3.390505752445,0
True,1.48783008461526,0
True,1.91611182386634,0
True,3.49038854637043,0
True,0.676288868117369,0
True,1.06061053123057,0
True,1.20719516500576,0
True,1.35349515095149,0
True,2.31812271169137,0
True,1.30865493886494,0
True,3.65043380900188,0
True,2.00821675003997,0
True,1.26836909306682,0
True,1.99923395279623,0
True,1.77793509772436,0
True,1.5743794257272,0
True,1.03642034007741,0
True,0.796430754295615,0
True,1.69170030583642,0
True,0.671253498793052,0
True,1.65286934457521,0
True,1.47689484796927,0
True,1.55996080834379,0
True,1.23419551097877,0
True,2.68555364344996,0
True,3.98500563985798,0
True,1.29311632252432,0
True,1.98522352368163,0
True,2.80924338372252,0
True,1.67208371130191,0
True,1.76036370516469,0
True,1.51213048133707,0
True,3.29822705595948,0
True,2.42276166479095,0
True,2.67911050198508,0
True,1.94040375549907,0
True,1.8930952751389,0
True,1.08789155109262,0
True,3.00850024975484,0
True,0.72062004112987,0
True,1.73160472760096,0
True,3.65598485258192,0
True,1.95609725047341,0
True,2.37054181327149,0
True,3.10578583477888,0
True,3.33886345223285,0
True,1.06613382100069,0
True,4.03519804122612,0
True,3.06876009454291,0
True,1.72101184912478,0
True,2.09217216294851,0
True,2.57243936463006,0
True,2.6101988000548,0
True,2.92722370415646,0
True,1.13398143465869,0
True,1.4470280743686,0
True,1.53625866079076,0
True,1.23766576586591,0
True,2.01109410536321,0
True,1.33940808767357,0
True,1.07736624552554,0
True,1.60735343163782,0
True,3.48314112365324,0
True,3.16342763755727,0
True,1.78895611526892,0
True,3.134633510035,0
True,2.39879627564584,0
True,1.51984898906966,0
True,1.16880171052847,0
True,1.22590998716582,0
True,1.84907877163543,0
True,3.55296143873613,0
True,2.02362652902052,0
True,1.64173602990655,0
True,1.24895528488315,0
True,2.19941636527431,0
True,0.951178900764187,0
True,1.29898810051933,0
True,1.44092421057555,0
True,3.20612772069253,0
True,2.81741644125557,0
True,1.58700754857115,0
True,2.09811693635199,0
True,1.17160725377639,0
True,0.981518850779935,0
True,2.45908202176273,0
True,2.04927826323528,0
True,3.06628912039923,0
True,2.0202416731521,0
True,0.677413602784968,0
True,1.62393673138517,0
True,1.41725687663345,0
True,0.780018016594142,0
True,1.87612493486761,0
True,1.20334867273228,0
True,1.13047765569586,0
True,1.3884295852733,0
True,0.891600271783905,0
True,2.57515773776839,0
True,1.61537179706737,0
True,1.84386982182609,0
True,2.58846171577183,0
True,1.63272459190044,0
True,0.97548317313044,0
True,1.55857030374351,0
True,1.44546862302883,0
True,1.70789477462377,0
True,1.85924919825606,0
True,3.94536352586314,0
True,2.19161226625301,0
True,0.864968073708308,0
True,3.03535793063918,0
True,2.27445953055941,0
True,1.7038625423836,0
True,2.6300344373076,0
True,1.2974433322196,0
True,1.55651751672913,0
True,2.25941677586592,0
True,1.64832192164031,0
True,2.46035499090645,0
True,1.94946157870155,0
True,1.40096875326837,0
True,2.77263811752702,0
True,1.68212067573056,0
True,1.60260850133553,0
True,1.42711372851185,0
True,1.20575461202375,0
True,1.7456227038159,0
True,1.11132241408356,0
True,1.40450698667215,0
True,1.06050214901844,0
True,1.68239832191268,0
True,1.4045599595644,0
True,1.34237917905681,0
True,3.25124487582001,0
True,1.75325247387755,0
True,2.09325087593117,0
True,1.30322073804183,0
True,1.08173183239576,0
True,2.50494883631029,0
True,1.89997077501896,0
True,1.87892305120571,0
True,1.91119512440093,0
True,1.23814286596313,0
True,1.94549834280712,0
True,1.36245238125805,0
True,1.24961854576702,0
True,2.39392080202611,0
True,3.81334170734272,0
True,1.93276565568118,0
True,1.70061749793753,0
True,1.61633439499189,0
True,1.23806591521451,0
True,2.08826239021368,0
True,1.79184601192072,0
True,1.12503957005367,0
True,1.43192002294065,0
True,1.41355988040919,0
True,2.32058572015706,0
True,3.69939757289114,0
True,2.1597331149132,0
True,2.70798107716578,0
True,1.70701240230267,0
True,1.96137937822773,0
True,1.87962426122527,0
True,1.65939626437586,0
True,1.11330953353386,0
True,1.80614967649835,0
True,3.96583172150239,0
True,2.08416467310151,0
True,1.31360825386408,0
True,1.61066287049862,0
True,2.55156306263099,0
True,1.37698936954317,0
True,1.49373668955961,0
True,4.24118949085615,0
True,2.3382837739346,0
True,2.38685758078854,0
True,1.43054724723264,0
True,1.68154781519451,0
True,1.76649437112781,0
True,2.54757473361696,0
True,2.27014876699312,0
True,2.69185438180718,0
True,2.52358447852179,0
True,1.04611578895452,0
True,1.84213922168038,0
True,1.62089042188171,0
True,3.05446131909859,0
True,4.21203522626051,0
True,3.79157292555574,0
True,1.1637876292114,0
True,1.99544868590715,0
True,1.69159899873871,0
True,2.19309665393638,0
True,2.33914590559845,0
True,1.12865940494366,0
True,1.98619432101635,0
True,1.16251163140625,0
True,2.64830807973966,0
True,1.98063806930452,0
True,1.41567459646316,0
True,2.25598042816299,0
True,1.32341392847017,0
True,2.19143071563634,0
True,1.50328335702581,0
True,1.60286345545476,0
True,1.23344284247784,0
True,1.1927085036821,0
True,3.58529978483489,0
True,2.23839930191518,0
True,2.69477287328108,0
True,0.858667350261432,0
True,1.41026966870217,0
True,2.73229997804732,0
True,2.52056488187733,0
True,1.64243121425339,0
True,1.72156780693379,0
True,0.853085885770738,0
True,1.63297113910754,0
True,2.54908428512793,0
True,1.78978317977002,0
True,1.31489990583458,0
True,2.33841574874503,0
True,1.64971750400342,0
True,1.7448918029195,0
True,1.65811435202994,0
True,1.99831217072754,0
True,3.88168776005734,0
True,2.22265311115648,0
True,2.0372631059359,0
True,1.31814658879276,0
True,1.69817052425923,0
True,1.98208622889057,0
True,2.77152349558326,0
True,0.601530248394342,0
True,1.20878706326126,0
True,1.09927852053886,0
True,1.06340271715542,0
True,2.59462402029774,0
True,2.12317459081769,0
True,1.41082375551069,0
True,0.884881149807093,0
True,3.36237447313937,0
True,1.42723695531249,0
True,1.2834164425883,0
True,1.64498815804357,0
True,1.17600784134598,0
True,1.97267159657961,0
True,2.81351927694175,0
True,1.57610748432314,0
True,0.957589424440861,0
True,2.63597366289505,0
True,3.16780494931,0
True,0.938860581836568,0
True,2.013166056131,0
True,3.77633073640009,0
True,2.08258541716302,0
True,2.83530077701713,0
True,1.46692075965519,0
True,2.65194794647994,0
True,3.50540821215299,0
True,1.28446402041213,0
True,1.64970611924457,0
True,1.07476158852283,0
True,3.67890660449766,0
True,1.87925800024849,0
True,1.5428738919486,0
True,1.71946742038387,0
True,0.657199055892027,0
True,1.54047772880712,0
True,1.36161379726951,0
True,4.25827375224697,0
True,0.974994543685065,0
True,2.80306975386517,0
True,1.68055881924945,0
True,1.51140076943722,0
True,1.65703472827603,0
True,1.53297326296799,0
True,1.59514712535003,0
True,0.7121171810916,0
True,1.24186843565411,0
True,1.49056563141889,0
True,1.78891688002242,0
True,2.24753142940332,0
True,1.0232160987511,0
True,1.4719124544743,0
True,1.08073169827332,0
True,0.627189838689882,0
True,1.0505630353815,0
True,2.2165066265071,0
True,1.63481990849361,0
True,2.54451824068732,0
True,1.92486619802757,0
True,3.65016069942176,0
True,2.24157107924343,0
True,2.25412652314451,0
True,2.06335238025511,0
True,2.45717316540009,0
True,2.05629894904223,0
True,1.30810250991913,0
True,2.01059867740497,0
True,2.24396734705252,0
True,2.19754667674456,0
True,3.28554888848309,0
True,2.14261940123726,0
True,1.53446428268382,0
True,2.83043639622301,0
True,1.26228305751608,0
True,2.94487284801298,0
True,1.34697966639981,0
True,3.55970011915837,0
True,1.76705293997691,0
True,1.58638422130615,0
True,1.09920546918718,0
True,1.87633502189513,0
True,1.26418277714143,0
True,1.37452056051808,0
True,1.43502806574568,0
True,3.85880262983921,0
True,1.81598697761055,0
True,1.75301367825698,0
True,1.99791915035056,0
True,1.4631949448762,0
True,1.56142515607801,0
True,2.83074746556339,0
True,1.11103019297501,0
True,1.91543209237764,0
True,2.18615010879923,0
True,4.11872626621108,0
True,1.09568701755197,0
True,0.866102208100071,0
True,1.23459139139221,0
True,2.82394601917077,0
True,2.08527248126541,0
True,2.72099299742321,0
True,2.19683490833246,0
True,2.15561539939478,0
True,3.49471990596319,0
True,2.05278020763098,0
True,2.57395076713257,0
True,1.7126539698346,0
True,3.04893091433515,0
True,0.999477853462326,0
True,2.15985141709306,0
True,1.64317115983869,0
True,3.33644813967085,0
True,3.34084848549998,0
True,2.64821895778302,0
True,3.04746288306017,0
True,4.02102526915379,0
True,1.88969843211222,0
True,2.93426397712265,0
True,4.731817117457,0
True,3.55085610390863,0
True,3.76084689952185,0
True,2.51782212689828,0
True,2.54609764934283,0
True,1.29065405176766,0
True,1.24543256693453,0
True,1.69413082183052,0
True,1.17468610287133,0
True,1.17881037845978,0
True,1.71391285494012,0
True,3.02565716183883,0
True,1.5204682859694,0
True,2.47744494798383,0
True,2.01141869514304,0
True,0.810305007171314,0
True,2.89538852312139,0
True,3.0998263988727,0
True,0.837786207628354,0
True,2.26671239684455,0
True,1.12915387040644,0
True,1.56632901863479,0
True,2.0476348254617,0
True,1.40909433451396,0
True,2.50128331112688,0
True,2.54184657132729,0
True,2.81234381684943,0
True,2.74710932688977,0
True,1.09428552923623,0
True,0.801470417015841,0
True,1.78129564335635,0
True,2.09999060603509,0
True,2.3723567856479,0
True,2.29775738125764,0
True,1.37653296632974,0
True,1.86604870267643,0
True,1.73200033869,0
True,3.06752366648267,0
True,2.23049186737785,0
True,0.883818358750602,0
True,3.13303847071261,0
True,2.81451979107892,0
True,2.69501259340852,0
True,1.99897892233808,0
True,1.97296716255769,0
True,3.64835139035995,0
True,3.18423295889472,0
True,1.30060170791692,0
True,0.568530497541339,0
True,1.59493896677227,0
True,1.70074379253865,0
True,1.40834937016787,0
True,1.32824542313967,0
True,1.74501613569387,0
True,2.95084834140313,0
True,1.06375807458735,0
True,1.02303388391858,0
True,3.39683796931521,0
True,2.12311659654843,0
True,1.33002745995063,0
True,1.45458916152243,0
True,1.39234808219153,0
True,2.73550378627019,0
True,1.73925573808258,0
True,1.22839897609989,0
True,1.73624478921283,0
True,1.20664820280225,0
True,1.57755215257676,0
True,2.62504915611748,0
True,1.55630167184806,0
True,2.33624715364303,0
True,1.01228880111712,0
True,1.27435104626354,0
True,1.65526217315116,0
True,2.83508314239768,0
True,1.10473472079432,0
True,0.737874867117961,0
True,1.2757978535216,0
True,1.59842575633508,0
True,0.923993811753217,0
True,0.810179575256333,0
True,0.941348935309607,0
True,1.51167841490967,0
True,1.40608104348852,0
True,1.81250201191407,0
True,1.65540757841797,0
True,2.31871043950462,0
True,2.64141241079471,0
True,1.00605657831621,0
True,0.97924353426347,0
True,2.14398069609387,0
True,1.1301454490567,0
True,2.36642449797849,0
True,1.80181848262115,0
True,0.65169496110909,0
True,2.05018418109633,0
True,1.4316004570239,0
True,2.17856346744716,0
True,1.94616865436729,0
True,1.41070684245478,0
True,0.999715275737476,0
True,0.871462544488479,0
True,2.18007445108731,0
True,3.23230223249162,0
True,1.69607370284076,0
True,2.49342289632661,0
True,2.06273016559826,0
True,2.86548028389471,0
True,2.02593026631327,0
True,2.17768432851464,0
True,2.19594264613855,0
True,1.5413608058443,0
True,2.40238837448477,0
True,1.2890112389496,0
True,0.78896240243189,0
True,1.73188727778182,0
True,2.58566011578726,0
True,3.62672211389214,0
True,3.46160767879995,0
True,2.70627037023031,0
True,2.57251703298803,0
True,2.73031661964314,0
True,0.997185713102066,0
True,1.05625350224915,0
True,1.44371564850455,0
True,0.4359222668157,0
True,1.78975919941478,0
True,1.54944589285154,0
True,2.03417343367386,0
True,2.12267550427473,0
True,1.38852425541394,0
True,1.28955539691453,0
True,1.18207650241338,0