Success,Time,Fitness
True,1.80753306232007,0
True,3.77362527649702,0
True,3.34074973493423,0
True,1.63184822048905,0
True,1.42126322912004,0
True,1.3359538265433,0
True,1.38022005640278,0
True,1.04813158637509,0
True,1.48413398433343,0
True,1.25118729773543,0
True,2.31450063646894,0
True,3.91239079759616,0
True,2.7767911809984,0
True,1.61355060068199,0
True,1.6482938303111,0
True,1.41256572854392,0
True,2.39843400864597,0
True,3.29644793652651,0
True,2.67742019876547,0
True,1.30933145526819,0
True,1.48131431971995,0
True,1.55186551330403,0
True,2.75201437489843,0
True,1.70138795991682,0
True,2.89725130951684,0
False,1.23775469636707,0.000111666589956989
True,1.50752254746285,0
True,1.59858878957114,0
True,2.06961754540384,0
True,2.92235972317876,0
True,1.24242122579036,0
True,1.4709219876192,0
True,3.82206386440832,0
True,2.08998771978876,0
True,1.8616862176109,0
True,3.14791922603857,0
True,1.77428128546303,0
True,1.0820704567106,0
True,4.19451936433023,0
True,1.85844606842157,0
True,3.465440077582,0
True,1.30439342506102,0
True,1.10362234764353,0
True,2.13490857025694,0
True,2.757295395789,0
True,1.04932545376949,0
True,1.50215228569398,0
True,2.3557626624097,0
True,1.27198577887928,0
True,3.93891738669295,0
True,2.42406891826644,0
True,1.06766913581929,0
True,1.84844570784921,0
True,0.842031539704702,0
True,2.96358585057344,0
True,4.10639465211837,0
True,1.88609402592978,0
True,1.74263537770549,0
True,1.20300684069044,0
True,2.10498888721844,0
True,0.384952305974888,0
True,3.10026013823845,0
True,1.61698530543175,0
True,1.03077653749508,0
True,2.24971944593013,0
True,1.77776694125825,0
True,2.98647637441662,0
True,1.71877738374733,0
True,1.49952434552393,0
True,3.61523657111131,0
True,3.13200527816878,0
True,1.58829103568019,0
True,1.05403044095839,0
True,1.86249947572073,0
True,3.39735113570513,0
True,2.48689273390715,0
True,0.828779467964065,0
True,1.1225599685954,0
True,3.19687130295561,0
True,2.73563885728298,0
True,2.36494945758975,0
True,1.63323611168662,0
True,0.589642608182268,0
True,0.731781206422953,0
True,1.22713372097926,0
True,1.34974027969303,0
True,3.9114416409152,0
True,1.32223173406533,0
True,1.53349403263421,0
True,1.93450004998365,0
True,1.22873998387811,0
True,1.4764854494915,0
True,1.51708364940934,0
True,1.05120517192524,0
True,2.69714607539989,0
True,2.9222019813492,0
True,1.35495660676907,0
True,1.81760641576532,0
True,2.23791389737385,0
True,2.60984426376861,0
True,2.39877682005395,0
True,1.39501458496302,0
True,1.8878708621678,0
True,2.58047702909197,0
True,1.28169917194422,0
True,1.3060777380913,0
True,1.13400832939535,0
True,3.10576263064133,0
True,2.95560809473525,0
True,1.61504744730968,0
True,2.4409840836763,0
True,3.50872767224211,0
True,2.54791625032437,0
True,2.55911876288079,0
True,1.39574442654903,0
True,1.71396514799499,0
True,3.12767700855727,0
True,2.49481791120705,0
True,2.3958053592384,0
True,2.32925732799097,0
True,1.95420383872113,0
True,1.03747647970997,0
True,0.927019094685935,0
True,1.68801261870659,0
True,1.09516851019984,0
True,1.30890623275863,0
True,1.74192509906534,0
True,1.19484790183017,0
True,2.01175945675333,0
True,3.44207129193104,0
True,4.4636215951729,0
True,2.95980158842998,0
True,1.58607603345497,0
True,3.55729864400574,0
True,1.52606962359645,0
True,2.92272076674622,0
True,2.95223899177939,0
True,1.39588361974428,0
True,1.0389267111249,0
True,0.947433436864676,0
True,1.7389011433766,0
True,1.31552937627023,0
True,1.87767517635866,0
True,1.85521656052219,0
True,1.3969076685047,0
True,1.71682942550096,0
True,1.92805317085359,0
True,0.892109270558059,0
True,1.97626566736281,0
True,2.29784002658668,0
True,1.40412191717923,0
True,2.10022930275005,0
True,2.51562021364263,0
True,1.95258868614992,0
True,3.69231353399175,0
True,3.89221741557334,0
True,1.9794221602121,0
True,1.42595128238853,0
True,1.66584308716005,0
True,2.41580682178793,0
True,2.2014714243757,0
True,1.77981751011126,0
True,2.16617238613816,0
True,3.18296954156177,0
True,1.5654343147852,0
True,1.26282802845433,0
True,1.32597983640847,0
True,1.0129101069374,0
True,2.23472394477359,0
True,1.74919197055312,0
True,2.23481551238485,0
True,2.57116841702666,0
True,1.43568817983146,0
True,1.47681294425726,0
True,1.07163888783658,0
True,1.00283221402171,0
True,2.91905714497103,0
True,3.08497470684134,0
True,1.5127133235639,0
True,1.67876247954527,0
True,1.55290075187452,0
True,1.45853526928186,0
True,2.22921873200613,0
True,0.805626909194558,0
True,0.751092943627788,0
True,2.52755908195781,0
True,1.16259576906646,0
True,2.35413799179792,0
True,1.78697540605316,0
True,1.61066080415246,0
True,1.56442956360803,0
True,2.19798964537323,0
True,4.2083906527436,0
True,3.26573598716591,0
True,1.81513623435243,0
True,0.939244590049781,0
True,0.475790246776046,0
True,1.00395693760597,0
True,2.78578702308435,0
True,1.71153336061984,0
True,1.58104650491795,0
True,1.97562589952856,0
True,1.50590176744152,0
True,2.2712591948342,0
True,1.82186795679283,0
True,3.05133729577489,0
True,3.55647552646108,0
True,1.46064562327619,0
True,2.16222813956239,0
True,1.73666239592691,0
True,1.39756056848262,0
True,1.08473526361014,0
True,1.13493187457123,0
True,1.47720498018493,0
True,1.15086701237793,0
True,0.978245636006743,0
True,1.18906189438135,0
True,1.51538735952824,0
True,2.37644543291088,0
True,1.35039883710817,0
True,2.03553753152221,0
True,1.60182182210186,0
True,1.68791280183981,0
True,2.75786048663286,0
True,1.43318564573737,0
True,3.08366760187715,0
True,1.37766816172221,0
True,1.02037250035179,0
True,1.20233641374379,0
True,3.20770904961106,0
True,2.03968935770207,0
True,1.83182718163308,0
True,2.37594342704501,0
True,1.17371737671323,0
True,0.595087254473509,0
True,1.37247371250377,0
True,1.12172041910134,0
True,2.74633898367522,0
True,1.27820445571809,0
True,2.48371369357472,0
True,1.24309605280805,0
True,2.20708349149911,0
True,1.89644516389185,0
True,1.9523838558098,0
True,1.02530024141908,0
True,1.23484620327074,0
True,2.10936865247421,0
True,1.68261690748452,0
True,0.917730939919799,0
True,1.30153085798783,0
True,1.2799179290727,0
True,2.86600144146503,0
True,2.76469141535282,0
True,1.89435196932337,0
True,2.08581584090038,0
True,1.10910174581653,0
True,1.38629252734595,0
True,2.01529556322914,0
True,1.30167510308092,0
True,1.10256051194722,0
True,1.0873184201895,0
True,1.57461683865777,0
True,2.5461090733147,0
True,2.12941619263752,0
True,2.30556106060444,0
True,2.12008270881295,0
True,3.17304235326909,0
True,2.00138829105858,0
True,3.14082609065452,0
True,3.42202170375763,0
True,0.979416900810111,0
True,2.45616764672517,0
True,1.83257709685471,0
True,2.74195443058864,0
True,3.43570235637628,0
True,0.900753027351514,0
True,1.55010779777549,0
True,2.17316684850738,0
True,2.24235195524718,0
True,2.66930027467871,0
True,1.19122510400895,0
True,2.40041014230516,0
True,2.10238677538918,0
True,2.66850115531773,0
True,3.3926315975601,0
True,1.86239351214162,0
True,1.80773745350806,0
True,1.13223108699358,0
True,1.33908699121685,0
True,1.93505851012615,0
True,2.15599171298977,0
True,1.76404691175632,0
True,2.24213807923906,0
True,1.50058782243781,0
True,2.02405287508194,0
True,1.29937075724818,0
True,0.731419736313464,0
True,3.56050068022605,0
True,2.17614396581893,0
True,0.600221027394267,0
True,3.35520765374844,0
True,2.56143312933948,0
True,3.70891133835198,0
True,3.75377233980244,0
True,1.64601021714861,0
True,1.88360813508133,0
True,1.03874808773674,0
True,3.5271001477472,0
True,1.87895190877083,0
True,1.25309932223506,0
True,2.50265022884572,0
True,1.42430416775429,0
True,1.63631340873511,0
True,1.92891502377066,0
True,3.01035021858333,0
True,3.04604906588358,0
True,2.57816415561395,0
True,2.49821151719806,0
True,1.26096959864324,0
True,1.59358366015971,0
True,3.93587130587527,0
True,2.54853135121179,0
True,1.73803302535031,0
True,2.14953288240422,0
True,2.06283273320246,0
True,2.06251014457492,0
True,1.25860771056623,0
True,1.87859976905229,0
True,2.12490178382671,0
True,2.22466548255387,0
True,1.17914073393276,0
True,1.68913884109134,0
True,1.44515935670549,0
True,2.60423785930111,0
True,1.20395495301842,0
True,3.32186483238652,0
True,3.6386459093502,0
True,3.73234707259185,0
True,3.3579658097053,0
True,3.45729128136201,0
True,3.43815662169854,0
True,2.25582031620362,0
True,2.35419908496269,0
True,3.41240285778117,0
True,2.18816099596152,0
True,1.88206320526283,0
True,1.13602326576838,0
True,0.941572736516779,0
True,0.997955523034202,0
True,1.63047437273266,0
True,1.02005919320729,0
True,2.84525522358541,0
True,0.941039522631411,0
True,1.58830502155172,0
True,1.24483757269322,0
True,1.07176742528699,0
True,2.66899172882721,0
True,1.16232200797116,0
True,1.50339365549941,0
True,1.20992959060537,0
True,0.801871416660044,0
True,1.8463390665167,0
True,0.720809137887206,0
True,1.05260633041747,0
True,1.71063024162254,0
True,2.62050423519272,0
True,0.996517838192636,0
True,3.7645420929616,0
True,4.38278929963353,0
True,2.75258480288261,0
True,2.14850530076489,0
True,1.04085224239535,0
True,2.01767279546878,0
True,1.75233367408557,0
True,1.10461312631846,0
True,1.60824873184311,0
True,1.53978546187725,0
True,2.35306105660078,0
True,2.01666281003731,0
True,2.45968537364458,0
True,1.68093823057145,0
True,3.66956863266874,0
True,2.99547147355752,0
True,2.47143853144796,0
True,2.91757456561202,0
True,1.97128538016928,0
True,1.98103268654857,0
True,1.23631868549202,0
True,1.64564250896729,0
True,2.07626992708445,0
True,2.06243281135592,0
True,2.34029351385328,0
True,1.82246227137579,0
True,2.21457362511872,0
True,2.40464979027555,0
True,1.7600394722009,0
True,2.35126324473504,0
True,1.61636351956721,0
True,1.34059820867279,0
True,1.86219264305263,0
True,2.08821840017489,0
True,1.51436227269515,0
True,2.7608675393004,0
True,0.977688540631731,0
True,1.08409235489638,0
True,1.99901158456933,0
True,2.49977172273293,0
True,1.62716534877887,0
True,1.25861124914579,0
True,0.729549778904512,0
True,2.36580513135592,0
True,1.32647734107946,0
True,2.05317508850524,0
True,1.26163402289551,0
True,2.37754113425702,0
True,2.5546959353833,0
True,0.730143963251476,0
True,1.80042077488798,0
True,1.63010645357694,0
True,1.55186836647365,0
True,0.98745986634072,0
True,1.25380850000511,0
True,2.27840619667875,0
True,0.970682763141812,0
True,1.77629345989256,0
True,1.83966862261345,0
True,1.88198629654577,0
True,3.95768046628578,0
True,0.694042559457788,0
True,0.809681588268721,0
True,1.58677615399405,0
True,1.78893949947855,0
True,2.15647329119234,0
True,3.16009317291824,0
True,1.50997094555672,0
True,0.817384150410376,0
True,1.96742123944993,0
True,0.874288924402709,0
True,0.910220336910966,0
True,2.25321912074108,0
True,2.94673845596646,0
True,1.08212780705836,0
True,1.04307846076927,0
True,1.35390287245306,0
True,1.31601815072411,0
True,1.69047354088872,0
True,1.82989325960378,0
True,1.7973887624549,0
True,1.90338236180128,0
True,1.66559105906405,0
True,1.38159632239297,0
True,2.58519323766838,0
True,1.06906118202402,0
True,2.47795653335533,0
True,1.26031026164116,0
True,3.18182072965549,0
True,2.67051072082356,0
True,1.53985780274168,0
True,0.732960700926319,0
True,2.12470031253933,0
True,2.26591388758549,0
True,1.26412920974042,0
True,2.09950066451313,0
True,2.08827594832616,0
True,2.72598992325792,0
True,3.75553387835637,0
True,1.9034784447743,0
True,1.50856739325253,0
True,1.28613674494868,0
True,1.1346449800797,0
True,1.98507646707531,0
True,2.77335251536528,0
True,4.0059610640612,0
True,0.958536818602807,0
True,1.11649512960975,0
True,1.05125656463015,0
True,4.07457301817955,0
True,2.00794299980103,0
True,1.05585525263268,0
True,0.609212563703239,0
True,2.99886797167039,0
True,1.05547285424825,0
True,2.62024103076881,0
True,1.44477689465094,0
True,1.87300800594741,0
True,2.18289239922797,0
True,2.21254815104759,0
True,1.68889567097598,0
True,0.938368291617543,0
True,1.72765275699884,0
True,2.30533947750086,0
True,4.52501743323206,0
True,1.43026481786331,0
True,2.68783297842836,0
True,1.92638739076899,0
True,2.92901265371806,0
True,3.2304532663156,0
True,3.73687559061323,0
True,1.2998534749094,0
True,2.41981770118518,0
True,0.800030578031923,0
True,1.88305974815916,0
True,2.41344919340913,0
True,2.11598166259732,0
True,2.97662992352735,0
True,3.04570384851993,0
True,2.75438121947967,0
True,2.23371043781824,0
True,2.9545796503094,0
True,3.51605525763439,0
True,1.4414972618468,0
True,0.927543870059781,0
True,0.720256612584108,0
True,1.85516280222019,0
True,2.9407333648375,0
True,1.77657874532701,0
True,1.02064313674487,0
True,0.815513663603061,0
True,1.56931716855588,0
True,1.10036071370551,0
True,0.806076462339906,0
True,1.22626739009133,0
True,2.52499036493158,0
True,2.07116740386435,0
False,3.03824260454927,0.000131764730841162
True,1.99854751060855,0
True,2.59459917345536,0
True,3.0176121782884,0
True,1.93034797816213,0
True,1.33937306013909,0
True,1.96029697345682,0
True,1.43012136166879,0
True,0.836386477346854,0
True,4.32326713379882,0
True,2.19508292007685,0
True,1.98203969473852,0
True,1.53034212456517,0
True,1.6478588238388,0
True,2.74043776500486,0
True,1.89096864804599,0
True,2.20322010125715,0
True,1.3914567587804,0
True,3.24510140758683,0
True,0.979661843970943,0
True,0.850417579592173,0
True,1.83208431316287,0
True,1.75286219728442,0
True,2.46116075933277,0
True,1.09899374058415,0
True,2.11908399624401,0
True,1.83200598796892,0
True,1.97676612113563,0
True,0.755518719348748,0
True,2.45442789408975,0
True,2.60961014186028,0
True,0.747682198447739,0
True,0.846728000605196,0
True,1.42686763840189,0
True,0.903395888007469,0
True,0.969278757473972,0
True,2.15531266448735,0
True,1.12857252470793,0
True,1.3979511256063,0
True,3.94791354197107,0
True,2.48076708806099,0
True,1.52432437516671,0
True,1.66113580697335,0
True,2.16895286327917,0
True,1.87208758764017,0
True,1.78673652556614,0
True,0.801097685265795,0
True,0.984686634747283,0
True,2.17105934977953,0
True,1.76779835182454,0
True,0.714505495443829,0
True,1.81100580722318,0
True,2.55393896010869,0
True,2.36232133426254,0
True,1.27872459255282,0
True,1.45175178021984,0
True,1.15329562692088,0
True,1.73137604791848,0
True,0.934422044837926,0
True,2.57100510369695,0
True,2.49394773059593,0
True,1.25832493226358,0
True,1.50901908517519,0
True,1.52022396401144,0
True,1.5501990081368,0
True,1.79150844091364,0
True,1.89099594874626,0
True,1.89397752809586,0
True,2.45880991490191,0
True,1.1992714897757,0
True,1.56117232476302,0
True,1.28394766291221,0
True,1.17419901547215,0
True,1.14819732703887,0
True,0.630311278903567,0
True,1.75416231364859,0
True,2.253826574977,0
True,1.79233867644403,0
True,1.90626257240217,0
True,2.26209107957469,0
True,2.8331620253736,0
True,1.27117766358458,0
True,1.35970044147689,0
True,2.28180734863409,0
True,1.52794486220893,0
True,2.14967743266486,0
True,1.91280578728383,0
True,1.61001017614677,0
True,1.84728705198126,0
True,2.2327634691082,0
True,2.09936879099175,0
True,1.50269985471223,0
True,1.7367411045198,0
True,2.80244654544233,0
True,4.16994471286428,0
True,1.45638399103646,0
True,2.69270556992752,0
True,3.17685288541759,0
True,1.89382090731807,0
True,0.967776654648226,0
True,2.31463935101499,0
True,2.99734149187809,0
True,2.59321192195655,0
True,1.64201269124297,0
True,1.51717413054772,0
True,1.33219598478338,0
True,1.18223315211694,0
True,4.4916314471435,0
True,0.93975429651765,0
True,1.02861220192266,0
True,1.68882798099755,0
True,1.65921329044897,0
True,2.17681822733152,0
True,1.85575300016814,0
True,1.59224134828767,0
True,2.07948257536124,0
True,2.36339516586961,0
True,2.04694475521223,0
True,3.22342193290134,0
True,1.59710304645249,0
True,1.41126612132082,0
True,1.7926405390172,0
True,1.17254176597282,0
True,1.82206188992511,0
True,0.835536113947963,0
True,2.89277853507348,0
True,1.11573621323921,0
True,1.61833886790936,0
True,2.13373297576483,0
True,1.25799717585549,0
True,1.89487771415384,0
True,1.25119841621528,0
True,0.213776816680671,0
True,4.06642581278448,0
True,2.19839408738423,0
True,1.37164093214607,0
True,1.47120221246063,0
True,0.996743915798721,0
True,1.20362711607348,0
True,0.850327393778182,0
True,1.05728445559764,0
True,3.93714929174293,0
True,2.24722300947729,0
True,3.55533511349361,0
True,1.33906432142752,0
True,1.82369471057784,0
True,2.47583142504323,0
True,2.53061509466745,0
True,1.37037332226287,0
True,2.87449910301814,0
True,0.738072838731438,0
False,3.12612834696069,0.00025805339304145
True,3.31775059628954,0
True,3.20524449703713,0
True,2.1350775544891,0
True,2.46066467965691,0
True,3.75883575066391,0
True,1.97108468515261,0
True,2.10868504850921,0
True,1.44098662076585,0
True,1.5955095820436,0
True,1.51259467618322,0
True,2.08891079393284,0
True,1.75858751681434,0
True,1.35076899459702,0
True,2.03439719038023,0
True,1.82987751869767,0
True,0.800314236042797,0
True,2.20604074126035,0
True,1.49308188941536,0
True,2.86029453147958,0
True,2.23130738115556,0
True,3.85343208351449,0
True,1.81530216099853,0
True,2.3516181514678,0
True,1.86512558660797,0
True,2.26639851897436,0
True,0.680148232642293,0
True,2.92403066956941,0
True,2.67810050983741,0
True,1.7151412053636,0
True,2.71860032180038,0
True,0.666589411804486,0
True,2.54604430196048,0
True,1.02340483986412,0
True,2.94068296445246,0
True,2.94868484960549,0
True,3.98515551833323,0
True,2.24607393601311,0
True,1.43955817232871,0
True,1.48887798809356,0
True,4.00191884015944,0
False,1.14829637318852,0.000156061736720697
True,2.79054859831419,0
True,2.08920231596853,0
True,3.56800430373576,0
True,1.05656643725491,0
True,1.85312727665547,0
True,2.31469419108572,0
True,1.45728375524368,0
True,2.62285451091579,0
True,1.85603183277407,0
True,2.12295414405402,0
True,1.06744944979136,0
True,3.27821317903821,0
True,1.71299276150569,0
True,3.44630729591339,0
True,2.97341346762172,0
True,2.51762739485737,0
True,0.861627167267062,0
True,1.39221170962012,0
True,2.2832421257407,0
True,1.78667496692947,0
True,1.64056287765398,0
True,1.90954585374191,0
True,3.91291858831793,0
True,3.11169207830996,0
True,1.2251358938245,0
True,1.07820297950287,0
True,1.09240348024993,0
True,3.50774574547238,0
True,2.02049301077929,0
True,1.86609089165515,0
True,1.23450828806225,0
True,1.72343862771175,0
True,1.33081075219903,0
True,1.70777370267089,0
True,2.93793921387982,0
True,3.39996588769221,0
True,1.04928853778597,0
True,2.43499999734872,0
True,1.53035808194683,0
True,0.93082490024371,0
True,1.02934893856052,0
True,1.71619608759216,0
True,2.58241993356749,0
True,1.32905419593705,0
True,2.19031252186659,0
True,1.07444553432875,0
True,0.759128792995993,0
True,2.1261187661975,0
True,2.14635133971934,0
True,1.17454024830634,0
True,2.13391842938155,0
True,1.56443584934973,0
True,1.46882534071716,0
True,2.76214310005607,0
True,1.15109190652158,0
True,1.10542864336199,0
True,1.75920377959051,0
True,0.920778395967988,0
True,1.59298650816114,0
True,3.43058194606444,0
True,2.00947103334108,0
True,1.3168387296267,0
True,1.86680998162834,0
True,1.5364826360187,0
True,1.14215174256384,0
True,1.57748484878833,0
True,1.27947439965638,0
True,1.5479857793419,0
True,1.58802671573587,0
True,2.94485821992878,0
True,1.83752876257055,0
True,1.88149255496556,0
True,1.28032007776531,0
True,1.90908529562135,0
True,2.28112165017927,0
True,3.5007382421219,0
True,3.31171645126916,0
True,1.80758598007166,0
True,1.51571502581681,0
True,1.52504113667986,0
True,2.79603402406825,0
True,3.01185431018132,0
True,1.10596771755123,0
True,1.60085877011725,0
True,0.953017420824146,0
True,2.55781864576601,0
True,2.77559315248334,0
True,0.887685103480146,0
True,2.6602328073183,0
True,3.70014851391057,0
True,1.54694278063236,0
True,1.5964490609182,0
True,1.79656092817221,0
True,2.25448877967682,0
True,4.18634441033492,0
True,1.92806637172074,0
True,2.64161275305305,0
True,1.9939065054777,0
True,1.78928945429571,0
True,1.40549999047587,0
True,1.69110899385066,0
True,1.57284834887961,0
True,3.28625551141649,0
True,2.406867922351,0
True,2.42012720600983,0
True,3.30722465383622,0
True,2.26829983658237,0
True,1.04709113386056,0
True,2.87454342576201,0
True,1.54666919591114,0
True,1.31040478195077,0
True,1.19116096178827,0
True,2.79909499359921,0
True,1.14883080709582,0
True,3.14723380465482,0
True,3.63673732268691,0
True,1.95486628683256,0
True,2.50903217602538,0
True,2.37518751840676,0
True,2.45485649715611,0
True,0.750050341832382,0
True,2.56422048320274,0
True,0.955006538221924,0
True,1.89875584458431,0
True,2.24430324829949,0
True,3.58669386420898,0
True,1.13091331449807,0
True,1.91601328098413,0
True,1.81950584422943,0
True,3.96677616120505,0
True,2.12901967924205,0
True,0.874777392930214,0
True,1.80729857469375,0
True,1.26474068930769,0
True,1.17335871319055,0
True,1.27036423140332,0
True,2.89023771834882,0
True,3.10426720784802,0
True,2.34180088092315,0
True,1.20921302276746,0
True,3.98545834142434,0
True,2.19830005742509,0
True,1.13386975155938,0
True,1.54655383412132,0
True,1.21687485261119,0
True,2.7938898364255,0
True,0.679627970490943,0
True,2.95549252108075,0
True,1.86582500845477,0
True,2.61540758822433,0
True,3.27558235764243,0
True,1.05532486604105,0
True,1.8114236595881,0
True,1.76048761910263,0
True,1.56758698608483,0
True,1.76366299902243,0
True,2.42437831953665,0
True,3.02552197302743,0
True,0.771817825165553,0
True,1.86724204498488,0
True,2.38965945309352,0
True,2.44739263045165,0
True,2.30448101922835,0
True,2.58290632956472,0
True,1.68377184747269,0
True,2.05847548823839,0
True,1.63996432766768,0
True,3.28349448651083,0
True,2.93797618416803,0
True,1.78400598910639,0
True,0.838456593872037,0
True,0.685573625611077,0
True,2.62555370629914,0
True,2.22127089052191,0
True,1.76054253652765,0
True,2.41802929652921,0
True,1.4643495625057,0
True,2.21403326331619,0
True,1.19586454224731,0
True,3.36131849656013,0
True,1.36754386634152,0
True,0.968993430863222,0
True,2.33855602935383,0
True,1.84974340345345,0
True,0.72558245932534,0
True,2.50459979337877,0
True,2.06844961805313,0
True,0.865985702874026,0
True,0.972023316330079,0
True,1.25354617833508,0
True,2.83286004894704,0
True,2.63908159755403,0
True,2.85389179468921,0
True,1.6775415555624,0
True,1.96028134568628,0
True,0.657844386558109,0
True,2.46796446362267,0
True,3.967009218717,0
True,0.90552654067609,0
True,2.2777486751086,0
True,2.18756286837099,0
True,0.994794238174442,0
True,3.02193200564747,0
True,0.936345092409658,0
True,1.65216241576677,0
True,1.79217622808884,0
True,1.37674077987404,0
True,1.5144670357682,0
True,2.00721862421734,0
True,2.31283409961467,0
True,1.89462676513166,0
True,1.66134444207332,0
True,3.34481270326108,0
True,2.24206178992694,0
True,3.18375722917462,0
True,1.84772162561351,0
True,1.69336544676196,0
True,1.96194435317184,0
True,0.844230149995149,0
True,1.29421894244273,0
True,2.91190116844484,0
True,2.21360663623336,0
True,0.883384358821862,0
True,2.35188837631977,0
True,3.14900478220956,0
True,1.87972593725148,0
True,1.0200283436776,0
True,1.86883707641113,0
True,2.52672879458324,0
True,2.72976944331169,0
True,2.36086378937706,0
True,2.70498372352917,0
True,2.22114773849529,0
True,3.52769035526343,0
True,4.3919160070214,0
True,2.33105959994809,0
True,1.86657652659712,0
True,1.26188670542153,0
True,1.65984556268204,0
True,1.79551069936931,0
True,0.961954912047429,0
True,1.9915845738762,0
True,1.13527310844136,0
True,1.46604940541574,0
True,2.2833565549263,0
True,1.6552082700794,0
True,3.22769581833569,0
True,2.95782549302247,0
True,1.98938180547069,0
True,2.15139041628633,0
True,1.38610602743618,0
True,2.30492841051101,0
False,3.58629061235276,0.000305194821021436
True,1.04620449986512,0
True,3.14213176543067,0
True,0.799860083850024,0
True,1.61046244427838,0
True,1.34614788454909,0
True,0.910223120385693,0
True,3.07160312284233,0
True,1.35986698947579,0
True,1.4101636892533,0
True,1.5692461074558,0
True,1.72508899469541,0
True,2.31095796992772,0
True,1.38558033334012,0
True,2.82229779115615,0
True,4.13047484461804,0
True,2.12496653529928,0
True,3.3981895106617,0
True,2.19344390216529,0
True,2.19280072025244,0
True,2.8929265625345,0
True,1.76912344965998,0
True,1.27376758139882,0
True,1.75280459453583,0
True,2.05325022789386,0
True,2.6381296868687,0
True,1.36828775950311,0
True,1.55357865987572,0
True,2.05715020677853,0
True,3.9171790940954,0
True,2.04393017314781,0
True,2.05507409693816,0
True,2.30538131165033,0
True,2.56530711504654,0
True,1.10826611415518,0
True,1.61476352794379,0
True,2.77715003272622,0
True,1.01775401159738,0
True,2.93059662004206,0
True,2.09032636895277,0
True,2.06149452163554,0
True,1.44690048311405,0
True,1.42773413265506,0
True,1.17579443647267,0
True,0.907742779984581,0
True,1.75349994761414,0
True,2.60081417812872,0
True,1.63354558981955,0
True,1.86668750585473,0
True,2.43334010762283,0
True,2.06456285023816,0
True,2.5052181125974,0
True,2.79658790084062,0
True,2.60005674865655,0
True,1.61957451900068,0
True,3.25407926936333,0
True,1.99183759150138,0
True,0.9896259825882,0
True,0.860776261505239,0
True,1.95841360537074,0
True,2.88828668034466,0
True,2.05841085369718,0
True,1.76926936162203,0
True,2.0355352273012,0
True,0.906110440793613,0
True,0.807900447113407,0
True,1.16863021108928,0
True,2.23546847078942,0
True,1.10881244771129,0
True,1.30373017649295,0
True,2.45606398916707,0
True,3.12838657510748,0
True,1.0962930694899,0
True,1.41238094401529,0
True,1.12886088802865,0
True,1.00485689738225,0
True,1.70940066944781,0
True,0.574900008114715,0
True,2.27755126877017,0
True,1.40940288558137,0
True,1.75789881285279,0
True,2.57237014293647,0
True,3.714217942145,0
True,3.19502233603838,0
True,1.44932127855778,0
True,1.44778253349587,0
True,1.85658714921736,0
True,3.60810779890506,0
True,3.61112896657721,0
True,1.50499486855702,0
True,1.50941681654585,0
True,2.34566782474924,0
True,3.29535175010044,0
True,1.71132815061832,0
True,2.85306461071491,0
True,3.40319654564644,0
True,1.9990188036883,0
True,1.69261225844283,0
True,0.919958650387974,0
True,0.832275895024792,0
True,1.22244916135004,0
True,3.97786970942688,0
True,4.07074068232502,0
True,1.28936186265462,0
True,2.28404866629273,0
True,1.14300205144934,0
True,1.83054646480137,0
True,2.20005720355281,0
True,2.58161716653735,0
True,1.98157982708654,0
True,1.09283489063007,0
True,3.65270707428436,0
True,0.969795901331443,0
True,1.90724505167989,0
True,2.78861795725388,0
True,1.9976241055035,0
True,1.38630124310671,0
True,1.51701741055653,0
True,1.77248808402496,0
True,1.72884335170736,0
True,2.0444898847667,0
True,1.48923693838803,0
True,1.15380665875034,0
True,1.53765083871606,0
True,1.37683522758902,0
True,1.31138777271972,0
True,2.41387329020955,0
True,1.33958988447708,0
True,1.41942761938869,0
True,1.11388204410682,0
True,1.44234031270705,0
True,2.02662714379922,0
True,1.28589561806601,0
True,1.76539140912806,0
True,2.28989372273345,0
True,1.51848959406426,0
True,2.67371305142014,0
True,2.40661887961943,0
True,2.24139233167051,0
True,1.89629673489838,0
True,2.37714505387703,0
True,1.84473705466695,0
True,2.37134473688899,0
True,2.31509542046068,0
True,1.67493774839444,0
True,1.69230751363138,0
True,2.23277643137873,0
True,3.5324820794515,0
True,1.65895266315772,0
True,1.5342434871883,0
True,1.6315518465731,0
True,1.21210942754001,0
True,2.7103842806618,0
True,2.48513180337769,0
True,0.859256682173247,0
True,1.15367900855321,0
True,3.65914546660068,0
True,2.05951083341562,0
True,2.20563440906113,0
True,1.1115788196716,0
True,1.22093753951821,0
True,1.30794312605423,0
True,2.82466445951656,0
True,2.40313652795573,0
True,3.47297131959936,0
True,2.2502049271066,0
True,2.77945955049477,0
True,1.94350139566197,0
True,1.6906999139154,0
True,1.2424396787772,0
True,1.7317342508167,0
True,2.08080339658979,0
True,2.7279991123412,0
True,1.22007603868699,0
True,2.17670777350283,0
True,2.09050839930707,0
True,1.67704269350385,0
True,1.24322605974385,0
True,3.05188046244327,0
True,1.22122284862829,0
True,0.88329077065846,0
True,1.48888042591361,0
True,1.6535596636759,0
True,1.66712488520305,0
True,2.03650473058504,0
True,2.07702145769823,0
True,2.21596206408048,0
True,1.11130247141376,0
True,2.63581434444497,0
True,1.78054986412294,0
True,2.57017794510787,0
True,1.96380198107491,0
True,1.31257273849721,0
True,1.84368836241246,0
True,2.37405692962803,0
True,3.98661051445382,0
True,0.937640479046237,0
True,1.0505660222509,0
True,2.62975205436404,0
True,1.84604902622938,0
True,2.90124733409303,0
True,2.56924595496662,0
True,2.53880090537022,0
True,2.14414000881428,0
False,4.30737846907369,0.000132530289888911
True,1.38116259942016,0
True,1.03339286781228,0
True,2.02761380913156,0
True,1.63142074320063,0
True,3.44777512450753,0
True,2.2178497860969,0
True,0.807002902121033,0
True,2.15287539699293,0
True,1.80253125738812,0
True,2.56988133104706,0
True,2.22574719992608,0
True,1.82661576447512,0
True,2.58529208979474,0
True,1.27429117876882,0
True,2.91914058898484,0
False,2.16673581066968,0.00017781392577784
True,1.79808610806909,0
True,1.49866810823515,0
True,1.60337764921628,0
True,4.00668977605077,0
True,1.89006389746609,0
True,3.47867197724083,0
True,1.8842213978958,0
True,0.978546450328628,0
True,0.939677541655839,0
True,1.15158390607637,0
True,3.22992873386798,0
True,1.98635123225754,0
True,2.05005480348868,0
True,2.51810650032175,0
True,1.93185632391006,0
True,0.874742806021408,0
True,0.95943905913121,0
False,2.583635436551,9.97959108647888E-05
True,1.51094045662275,0
True,3.72329219178762,0
True,2.04534856126757,0
True,2.84833769595229,0
True,1.05060533516264,0
True,3.15734749666141,0
True,4.00026168000795,0
True,3.84344272126773,0
True,1.13063550230396,0
True,1.73313418540097,0
True,1.53352303963347,0
True,1.17662329815765,0
True,1.60430183271689,0
True,2.3138925941519,0
True,2.72421922146244,0
True,2.11168325691007,0
True,2.9237627908557,0
True,1.18219751940214,0
True,3.27691441806476,0
True,2.066420903486,0
True,1.50827525929861,0
True,0.761091104305692,0
True,1.02147676247324,0
True,2.04277027113188,0
True,2.4491136790021,0
True,2.18527628449365,0
True,2.01107932831316,0
True,1.4043420536524,0
True,3.53653449159415,0
True,4.01785014114794,0
True,0.985372739958922,0
True,1.15516085553467,0
True,1.7814419620562,0
True,0.952749104912983,0
True,1.12477292495651,0
True,2.65768267102118,0
True,1.02900615095375,0
True,1.07019381357935,0
True,2.17985828564453,0
True,2.35631502129546,0
True,1.33097264385609,0
True,2.07602358604642,0
True,1.03670174522786,0
True,1.3344429783907,0
True,3.37771087238645,0
True,2.08605407492461,0
True,1.83123772187508,0
True,1.69704235624203,0
True,1.84874642740817,0
True,1.85261327028051,0
True,0.912675418271646,0
True,1.96066153263916,0
True,3.84573513072941,0
True,1.53517771401088,0
True,1.05213289395134,0
True,2.12738839377754,0
True,1.69072203893473,0
True,1.80025223562807,0
True,4.28510545950293,0
True,2.60285349922252,0
True,2.91356279906858,0
True,1.03634536401062,0
True,1.56408956419555,0
True,3.44241698374923,0
True,1.47974773060887,0
True,0.878773201481197,0
True,1.20862042581107,0
True,1.74587823461939,0
True,1.22475396083497,0
True,1.15044961524876,0
True,1.32920713198469,0
True,3.18065032771435,0
True,1.221971530896,0
True,1.62767459054482,0
True,1.49305093375156,0
True,2.04188689854427,0
True,3.50638764629291,0
True,1.2316335651797,0
True,1.10368602713819,0
True,2.30830727528373,0
True,1.49806464300352,0
True,1.37237036415449,0
True,1.6023039604316,0
True,2.19463835897012,0
True,1.45373295221309,0
True,1.91937105943901,0
True,1.36602470358004,0
True,0.796267553987496,0
True,0.920527490028082,0
True,1.17701767277488,0
True,1.67433185625095,0
True,4.18602852489483,0
True,2.88174866321023,0
False,2.14694036898084,9.7707303237216E-05
True,1.70317907780621,0
True,2.07534612266534,0
True,2.60916081964937,0
True,2.82383549725263,0
True,1.63087253920431,0
True,3.34865785461765,0
True,1.47084325328135,0
True,1.38449294957229,0
True,2.22522934665607,0
True,0.892333016475266,0
True,1.55664222514496,0
True,1.7289738383815,0
True,4.37117238352598,0
True,2.11451246110455,0
True,2.0813379817535,0
True,2.08622825738459,0
True,1.78613709695699,0
True,1.73861216809788,0
True,1.26221356278018,0
True,2.01925601713672,0
True,1.57510840386388,0
True,1.48312351088668,0
True,2.91670364337174,0
True,2.69749165661385,0
True,2.57359323869319,0
True,2.06554720672941,0
True,2.46096487393361,0
True,1.68979444180168,0
True,0.693010943807944,0
True,2.48161162359345,0
True,3.44287916686846,0
True,3.98681800159406,0
True,2.65311360100284,0
True,2.458765088224,0
True,1.31595772837248,0
True,1.61316497888233,0
True,1.6014796544483,0
True,1.59477588626996,0
True,1.71582375673722,0
True,1.89100082019535,0
True,1.26420404063595,0
True,1.97377956475378,0
True,1.30010953971853,0
True,2.93282908506638,0
True,3.15625589276058,0
True,0.960174036429468,0
True,3.41962637344393,0
True,3.29085410539356,0
True,1.10007976816418,0
True,1.42995633901403,0
True,1.39177385724438,0
True,1.43372972110123,0
True,2.8784979986599,0
True,2.14576270849668,0
True,3.09068794779108,0
True,2.08580158908986,0
True,2.61193418922381,0
True,2.44245488128534,0
True,3.06876148202419,0
True,1.63140895869153,0
True,2.38872887567085,0
True,1.81216987573737,0
True,0.965687536104145,0
True,1.62699890450792,0
True,0.776033199182505,0
True,1.37117231955592,0
True,0.484084904512251,0
True,2.8485871092016,0
True,2.77634830607874,0
True,2.66573531461536,0
True,1.49786971813197,0
True,1.42211914642079,0
True,1.38435041405243,0
True,2.22577306184115,0
True,1.95765485796715,0
True,2.68549073774212,0
True,1.37965890372702,0
True,1.42118830416064,0
True,2.16326181017037,0
True,2.54771216656878,0
True,1.41816806201574,0
True,1.40738128503341,0
True,2.37397192252478,0
True,1.69017359982594,0
True,0.843462596556801,0
True,0.847230072733982,0
True,1.1304542786706,0
True,1.55006273401087,0
True,2.070843314453,0
True,1.93706348553562,0
True,2.73363327948507,0
True,2.98631023355413,0
True,0.63991503082152,0
True,3.13130013386384,0
True,1.08691192818439,0
True,2.58012212618375,0
True,1.99637836768005,0
True,1.71468384100277,0
True,2.05906476849452,0
True,2.8114967836826,0
True,1.13128345149527,0
True,2.77150773754429,0
True,1.63781745375889,0
True,1.45082392148811,0
True,2.91170414217713,0
True,1.63085377378232,0
True,2.08126887286446,0
True,1.71306518319269,0
True,1.17390892447998,0
True,2.0461749354004,0
True,0.988121097784198,0
True,0.678596734262709,0
True,1.73790878231369,0
True,0.722708984308077,0
True,1.52202662972505,0
True,1.58375598181662,0
True,1.27176068769672,0
True,1.07384262540906,0
True,1.30288679149613,0
True,1.96366790862073,0
True,1.98084397102796,0
True,1.2475230087844,0
True,1.3138674450077,0
True,0.73123976781723,0
True,2.26067846549389,0
True,1.42656376468665,0
True,3.32712279389275,0
True,1.39805853264641,0
True,1.84265505393882,0
True,1.04825724230408,0
True,1.06168423845169,0
True,2.73144513380501,0
True,3.06722773487411,0
True,1.98022286044649,0
True,2.57200566646928,0
True,1.56226504611082,0
True,1.43835174583499,0
True,3.34302301594932,0
True,3.27977767438181,0
True,2.65832532001485,0
True,1.32249324564566,0
True,3.05402179385745,0
True,3.05970950486213,0
True,2.61168735655237,0
True,1.7289415850327,0
True,1.82618213070931,0
True,2.46208743289024,0
True,1.11993864968775,0
True,1.99974404832122,0
True,2.51423124405154,0
True,1.52051996686247,0
True,1.09200216014559,0
True,2.12169612343302,0
True,2.30117954699433,0
True,2.37590468494499,0
True,3.26541903587543,0
True,2.54265043919948,0
True,2.15021676386005,0
True,0.876149688366724,0
True,1.49418861698256,0
True,1.08902765898564,0
True,0.826276478970977,0
True,1.58050796920945,0
True,2.47030301168065,0
True,1.66609206830724,0
True,2.63830263885429,0
True,2.36713415852722,0
True,4.2993947396482,0
True,1.52778063915,0
True,1.16377013810031,0
True,2.07960364459445,0
True,2.99835307843188,0
True,3.36874032965064,0
True,1.91756016067428,0
True,1.77628358358995,0
True,1.30006953184837,0
True,1.38154479660321,0
True,1.79146319122826,0
True,1.70761132962192,0
True,1.36672678057147,0
True,1.27775415726878,0
True,1.47441193719327,0
True,2.22512312396903,0
True,2.15149786170078,0
True,0.896812740290305,0
True,1.65614879958772,0
True,1.85518437532018,0
True,3.89454009407874,0
True,2.23573668792444,0
True,1.83759038428273,0
True,0.972866077518754,0
True,1.79796518178553,0
True,2.03583282019764,0
True,1.47196409964904,0
True,1.11245960784052,0
True,1.59219712522167,0
True,1.38319761427726,0
True,1.61860612860107,0
True,1.52807531426799,0
True,2.08480084172381,0
True,0.97210530175032,0
True,1.71120893568951,0
True,1.96268788464898,0
True,0.507529902834239,0
True,2.04377494680792,0
True,1.46046671106432,0
True,3.17195834017601,0
True,1.60292505633713,0
True,0.743726818306136,0
True,0.724052400565897,0
True,2.06293359492247,0
True,1.99794583044267,0
True,1.01064149483818,0
True,1.47385534866817,0
True,1.34162421033246,0
True,0.585953831858072,0
True,2.00088068038568,0
True,2.08953776594253,0
True,1.95951819562058,0
True,2.57970054831508,0
True,2.22017769445528,0
True,1.73842733560885,0
True,2.10555031133553,0
True,3.19274141397191,0
True,1.26366468836022,0
True,1.33842116302647,0
True,0.748026294500596,0
True,1.5819957066557,0
True,2.36265388735205,0
True,3.37047920713889,0
True,1.8549555806324,0
True,1.33556740087074,0
True,1.58537491902238,0
True,1.84157794238532,0
True,1.75865704080749,0
True,2.11010991501686,0
True,2.70507512320837,0
True,3.6250629132472,0
True,1.20298657363684,0
True,0.990780996163107,0
True,1.64343930662027,0
True,0.78833520987088,0
True,2.48732933294896,0
True,1.26205999928537,0
True,1.18505649698862,0
True,1.72755858272618,0
True,2.37514240682731,0
True,1.55896034177971,0
True,1.60477844773078,0
True,1.31521330982879,0
True,2.51212896232707,0
True,1.28536011289347,0
True,3.4089536579849,0
True,1.63760912403867,0
True,3.20791124601718,0
True,2.42876585131465,0
True,0.638916386030764,0
True,1.08402339530016,0
True,1.08110088691292,0
True,1.13407166124969,0
True,1.18423047364939,0
True,1.2182756276089,0
True,1.4551107215832,0
True,1.19836207943115,0
True,1.57731890190274,0
True,0.924916339536842,0
True,3.93114748522557,0
True,1.23103288417311,0
True,0.860914732389637,0
True,0.91911214956056,0
True,2.00303966801888,0
True,0.778224321274386,0
True,1.3964882585744,0
True,0.979983270102672,0
True,2.58787845001303,0
True,2.91476709914286,0
True,3.80248748583135,0
True,2.40129422116085,0
True,2.40411691278974,0
True,2.88074289915471,0
True,3.53585667239583,0
True,1.352023889332,0
True,1.07164872958028,0
True,2.51532988446226,0
True,1.63269863911267,0
True,2.23962916644713,0
True,2.63134563533413,0
True,2.48440685431207,0
True,0.980170992338119,0
True,2.86641074141089,0
True,3.53174645381943,0
True,2.91502484214834,0
True,1.71787438505678,0
True,0.647835399952145,0
True,3.88189570246847,0
True,2.46658708414347,0
True,1.31451738226581,0
True,3.43840822241106,0
True,2.00114998070077,0
True,2.15142341939503,0
True,1.68574880472098,0
True,1.59090395446133,0
True,1.59111881819739,0
True,0.960287238293306,0
True,1.36703185248125,0
True,1.20355240505298,0
True,2.79151498783248,0
True,4.25618362050308,0
True,1.5311354135166,0
True,1.59499095372364,0
True,4.07535345012636,0
True,2.55756191027894,0
True,1.53304998695846,0
True,1.83896366479229,0
True,1.29928760065395,0
True,1.22723128789202,0
True,1.11532324606648,0
True,1.98324021221439,0
True,1.64321764935805,0
True,1.09309533651324,0
True,1.20810542523432,0
True,2.57236608531941,0
True,3.36010503923317,0
True,2.20878790563817,0
True,2.45821475199963,0
True,1.2640528726598,0
True,1.39583941206466,0
True,2.90207890367452,0
True,1.98232375216446,0
True,1.7595731439035,0
True,2.93737466055841,0
True,3.70482119837706,0
True,2.32866271402791,0
True,1.62671132543091,0
True,2.05428257095049,0
True,2.42891891274653,0
True,2.01819357120589,0
True,2.51359076457413,0
True,2.38244768642297,0
True,0.717276077066336,0
True,0.584693380958497,0
True,1.02369797809764,0
True,0.855350121877493,0
True,1.38497528992708,0
True,1.11078274447435,0
True,1.60260986861552,0
True,3.00454688503663,0
True,1.95391078826563,0
True,1.2452198968019,0
True,1.41598964988652,0
True,1.10873423354695,0
True,3.62240387344061,0
True,2.19986323903483,0
True,1.12254831436937,0
True,3.88915367103673,0
True,2.10195112387197,0
True,1.30101577847928,0
True,1.68198510778055,0
True,1.1347174194686,0
True,2.67585357731218,0
True,4.0057456226589,0
True,1.12691926360419,0
False,1.41083375431247,0.000125671703679599
True,3.44598203208675,0
True,2.36325244862684,0
True,2.2318213739564,0
True,1.40835381980631,0
True,2.530360037152,0
True,1.2921326927041,0
True,1.1229873076406,0
True,1.64054333851287,0
True,3.56204631398446,0
True,2.80315013093022,0
True,1.65875423467958,0
True,2.89333355230835,0
True,3.12390920599989,0
True,4.08193378555219,0
True,2.36037001869153,0
True,3.333481074724,0
True,2.03527139116505,0
True,1.19419650480656,0
True,1.24497674147884,0
True,2.32970941616796,0
True,1.52915854191901,0
True,1.81784797562207,0
True,0.961205462425907,0
True,2.07289692120594,0
True,3.11266186804983,0
True,2.60330093310531,0
True,1.33604467021371,0
True,1.96963420430323,0
True,1.64132593771386,0
True,1.50365752435917,0
True,1.9401765837806,0
True,1.59204940497385,0
True,2.73087963297687,0
True,2.49771647869187,0
True,1.02041044246134,0
True,1.47824969331715,0
True,1.31194351224573,0
True,1.64344002467299,0
True,1.16531041604388,0
True,3.03428240264541,0
True,1.94616097453644,0
True,2.16020285952105,0
True,1.39625446855391,0
True,1.77121768729044,0
True,0.903419464861534,0
True,1.23531812440027,0
True,1.56256478540949,0
True,1.60388459185331,0
True,2.47802971907276,0
True,2.60109621988946,0
True,3.53745045819653,0
True,3.67385740745311,0
True,0.845924145819017,0
True,1.32891553672427,0
True,1.06548800521684,0
True,3.0146949665666,0
True,1.30925748677665,0
True,2.21103746691774,0
True,2.98597705559625,0
True,1.78502492050614,0
True,1.65383597490034,0
True,1.44142162723701,0
True,1.10666603300998,0
True,2.01867438153417,0
True,1.10305194665255,0
True,3.28930803513394,0
True,1.97930501237095,0
True,1.28975630238918,0
True,2.45082152007432,0
True,0.920733328820628,0
True,0.877573988569638,0
True,1.68805314993516,0
True,1.57846104123819,0
True,1.82761600864054,0
True,3.75916018842696,0
True,2.51928002784109,0
True,2.30335217248053,0
True,1.87898912434293,0
True,1.93775264661726,0
True,0.862709919323411,0
True,1.32191229418427,0
True,1.81077014158625,0
True,2.08952807419167,0
True,2.07407256126751,0
True,1.99272225318834,0
True,1.51598807851389,0
True,0.665271358779732,0
True,1.58091071663349,0
True,2.61320535651081,0
True,2.04642638553225,0
True,1.78761947998046,0
True,1.91525646073321,0
True,4.26184968001631,0
True,2.7299752796554,0
True,1.71028593629894,0
True,1.38194228929659,0
True,2.46312906946454,0
True,1.77737790708299,0
True,2.24571741080999,0
True,2.49562708783323,0
True,1.1092493627683,0
True,1.47198783992925,0
True,1.89049064155511,0
True,1.85676027948999,0
True,2.67444907915697,0
True,3.13006451794871,0
True,2.35784568782335,0
True,1.63651602787582,0
True,2.57535693736543,0
True,2.59273635847507,0
True,2.48648513219957,0
True,1.13190111546652,0
True,2.8066038167204,0
True,3.67105082190007,0
True,2.39727179852939,0
True,2.1790266970186,0
True,2.21774366951853,0
True,1.05873895486657,0
True,1.53782246261206,0
True,3.36199327226084,0
True,4.34059457743103,0
True,1.9877837260582,0
True,1.89447181390048,0
True,2.03367868740044,0
True,1.98260823337241,0
True,2.30475742589686,0
True,3.45651204877948,0
True,2.05986744758026,0
True,1.0315595184187,0
True,1.40958503348247,0
True,2.82836485958219,0
True,2.67231186495483,0
True,2.15164582511483,0
True,1.77940792570927,0
True,2.60211159617764,0
True,2.5138216034502,0
True,2.35711164099392,0
True,2.20600270232989,0
True,2.58857974357902,0
True,3.2089478399524,0
True,1.47219205957309,0
True,1.68638727125706,0
True,1.7162648799858,0
True,1.3080012830067,0
True,2.88147648226945,0
True,0.387347644807147,0
True,1.54681635942972,0
True,2.36508278011559,0
True,2.09016069773169,0
True,3.11118663984291,0
True,1.36987639651161,0
True,1.03241807534917,0
True,2.12634786442438,0
True,1.10208039544765,0
True,1.6754048414641,0
True,1.32880328491565,0
True,2.02185638318457,0
True,2.00542368255323,0
True,1.93144367551416,0
True,2.13935960195903,0
True,1.95356151082738,0
True,2.6929821183029,0
True,1.33703702169571,0
True,1.51907971976108,0
True,2.60865337763717,0
True,2.10592142452085,0
True,0.664894902003575,0
True,3.10927325025875,0
True,1.62823367066163,0
True,2.22440127807787,0
True,1.57092323113863,0
True,2.37696112909348,0
True,2.46484039811214,0
True,2.0128332297046,0
True,0.942523137384017,0
True,2.10608339770928,0
True,1.2618820226894,0
True,1.59556213755791,0
True,2.63926409336857,0
True,1.64816312775249,0
True,2.08567968399955,0
True,2.44354526245987,0
True,3.10138610740997,0
True,1.7358581449854,0
True,0.573284086967269,0
True,0.64956388398048,0
True,1.50946158985569,0
True,1.26611469534146,0
True,2.36182978168347,0
True,1.89761220311645,0
True,2.55795180635939,0
True,2.52075727634931,0
True,1.90324686022704,0
True,3.9025083543598,0
True,1.32272259712833,0
True,0.882885040663166,0
True,4.03321734854337,0
True,1.65963770274023,0
True,2.40395170589757,0
True,1.18253645100037,0
True,1.60988734052399,0
True,3.69658403642872,0
True,3.2344926446838,0
True,2.35435724719408,0
True,2.16545150389283,0
True,1.5725312136623,0
True,1.89236779192992,0
True,1.49948558064414,0
True,0.546615526440393,0
True,1.28822990720597,0
True,0.861878095300018,0
True,3.58953623952916,0
True,3.17559670892978,0
True,1.7628567739092,0
True,1.59006663151566,0
True,1.24045922550464,0
True,3.11876777793867,0
True,3.11886292664761,0
True,2.18314447111547,0
True,1.2205050994336,0
True,1.66045571422475,0
True,1.56303331500592,0
True,1.31718168282021,0
True,1.35955757627154,0
True,0.802803190797165,0
True,1.21265003842035,0
True,2.49835733719475,0
True,1.38480107579752,0
True,1.40557867933699,0
True,2.01221408439353,0
True,2.15023390292121,0
True,1.53970621430731,0
True,0.592888006702606,0
True,3.62346383605694,0
True,1.8823326344426,0
True,1.64651426307181,0
True,1.44610543131498,0
True,2.42104182203621,0
True,0.970195063534955,0
True,0.883877977638083,0
True,1.4020014603744,0
True,2.56463412539305,0
True,1.66782220233022,0
True,3.04450184362287,0
True,0.81846322907341,0
True,2.77737666968426,0
True,2.13110491881133,0
True,0.860434316898927,0
True,3.16434419162469,0
True,1.40430185022206,0
True,1.14859321101668,0
True,3.5374240021446,0
True,0.972379671540301,0
True,1.13870165478629,0
True,1.19290499031068,0
True,1.12517960288393,0
True,1.28399339805002,0
True,1.07629419125123,0
True,2.82828136352163,0
True,1.15784444622094,0
True,1.23882100845546,0
True,2.54706822565209,0
True,2.03328346111911,0
True,1.42845665146795,0
True,2.49231431766656,0
True,1.08282895857083,0
False,1.99658332013329,0.000218805778759898
True,2.56219181931133,0
True,1.74677652227784,0
True,1.84463068938774,0
True,2.26609347284048,0
True,1.19060092610968,0
True,2.00809037853152,0
True,1.07754497896576,0
True,0.992681331921018,0
True,3.08405216599451,0
True,1.86387719715466,0
True,2.78441872458349,0
True,2.63547738604017,0
True,2.34008992994551,0
True,1.82003854662624,0
True,2.91775482236494,0
True,1.08542161963418,0
True,2.91432141603116,0
True,1.14170261594836,0
True,1.56504023103244,0
True,1.48817427785395,0
True,2.53165060384416,0
True,2.09828046022945,0
True,2.03238008120571,0
True,1.25775448888235,0
True,2.2002031892272,0
True,1.79590223921879,0
True,2.46443761154987,0
True,1.67402997732159,0
True,3.03122136262846,0
True,1.86888519792647,0
True,0.867323368628039,0
True,3.12171990420499,0
True,0.746259877095357,0
True,1.24144356251855,0
True,2.27189371156287,0
True,1.38454780167994,0
True,1.4519213582522,0
True,1.35554056661172,0
True,1.33530850765795,0
True,3.00217422883123,0
True,2.93252600266945,0
True,2.52218430013148,0
False,2.12293187811256,0.000115590636919877
True,2.57696428755362,0
True,2.50006116870996,0
True,1.96299046839835,0
True,2.70241437195653,0
True,3.86177301796968,0
True,1.01670325509592,0
True,1.58959046295017,0
True,1.20506738496705,0
False,1.83902002188932,8.83299728415727E-05
True,1.85408260459444,0
True,1.31328739569303,0
True,1.35516929178287,0
True,1.06511952644912,0
True,2.56439595150098,0
True,2.9295327574733,0
True,2.91353468345547,0
True,3.00639377098337,0
True,1.63789537858508,0
True,1.63230702752178,0
True,1.84573879270227,0
True,2.59708021691665,0
True,2.58865318410759,0
True,1.31236068165892,0
True,1.89712584359167,0
True,2.4823826276014,0
True,3.53845325015243,0
True,2.79256089935462,0
True,2.06305915981139,0
True,1.6637191128757,0
True,1.04108761117612,0
True,0.728301330259951,0
True,1.59644660653627,0
True,1.39481477601263,0
True,3.41391032392833,0
True,3.33708089379509,0
True,0.998213897775917,0
True,1.80935845310294,0
True,2.06820906790374,0
True,1.62052207370496,0
True,1.67311588236916,0
True,1.02229309062602,0
True,1.44973179688376,0
True,0.829201745684892,0
True,1.93263973815478,0
True,2.53313709060908,0
True,1.61522569555576,0
True,0.931278910301695,0
True,2.84356114068613,0
True,1.79370533008856,0
True,2.42736336467019,0
True,2.06954864700101,0
True,2.07324291990344,0
True,1.81493450070732,0
True,3.18080384522915,0
True,2.36427379394079,0
True,1.41092868880777,0
True,0.617943730004639,0
True,2.28800068083081,0
True,1.39175058076812,0
True,1.10097133639452,0
True,1.52683532710486,0
True,1.51238547950523,0
True,0.980830929685283,0
True,1.95520089360355,0
True,1.97113583247862,0
True,2.00576844008545,0
True,0.860758299330664,0
True,1.89365487414147,0
True,1.66890786125826,0
True,1.84015886872581,0
True,1.90014903331197,0
True,3.18923288617195,0
True,2.30799252891402,0
True,3.0398891006234,0
True,1.00319698652874,0
True,3.39075535292719,0
True,1.48759758803967,0
True,0.941985212789999,0
True,1.63715960274891,0
True,1.92115477879787,0
True,0.994830802708971,0
True,2.6865757832472,0
True,1.26984151950237,0
True,1.5420615830645,0
True,1.74085835849093,0
True,1.25108765317558,0
True,1.60388368616988,0
True,1.92941191176173,0
True,2.67182303373414,0
True,1.28307536298496,0
True,1.5343030903297,0
True,2.20425634630669,0
True,2.67416090201693,0
True,2.1160784872689,0
True,2.48253177602151,0
True,0.859777518132324,0
True,2.28235252774278,0
True,2.32414307695983,0
True,2.35288843067597,0
True,2.12650176324851,0
True,1.82512964508723,0
True,1.45743385084785,0
True,1.19114849445039,0
True,2.27904550420959,0
True,1.0036341946604,0
True,1.16890901654436,0
True,2.62751386219823,0
True,0.899905978613205,0
True,0.980662074121275,0
True,3.27743884698006,0
True,2.90551660048003,0
True,1.40918478340633,0
True,2.44365685839818,0
True,2.8016155206687,0
True,3.57249021152231,0
True,2.90552265473536,0
True,2.19004411147106,0
True,2.03148527598509,0
True,1.59330881130194,0
True,1.71689539070081,0
True,1.38904571746941,0
True,2.66605629439009,0
True,3.22070229974355,0
True,1.28296906122552,0
True,1.12214459564212,0
True,3.65721832485013,0
True,1.80824180632765,0
True,1.85088333021797,0
True,2.03104261150669,0
True,2.92393424660204,0
True,1.43996171481608,0
True,2.39120228618808,0
True,2.63871159575233,0
True,3.58300890342496,0
True,1.03773131345773,0
True,3.33261787121193,0
True,1.7853803309323,0
True,1.66614936888191,0
True,3.28228544197996,0
True,2.02602621126265,0
True,1.26642718273454,0
True,1.42903211289493,0
True,1.23854836494162,0
True,2.52398165500126,0
True,1.25806748901786,0
True,0.827986205191021,0
True,1.41212527322287,0
True,2.87321931578636,0
True,2.07377972887695,0
True,2.67442457659674,0
True,3.69953378681766,0
True,2.32763733865914,0
True,1.1601100519096,0
True,1.33766808575339,0
True,2.53865233186249,0
True,4.57245908289901,0
True,2.34559975557806,0
True,1.9115848944741,0
True,1.54107851322143,0
True,1.14947657436264,0
True,1.41700547526943,0
True,1.20595416602497,0
True,1.51966608570177,0
True,1.82743664267873,0
True,2.12777965565805,0
True,3.71180452198047,0
True,1.22990591114391,0
True,2.5122750616853,0
True,1.03816025320057,0
True,1.556738901029,0
True,1.72969422058863,0
True,1.8147371262719,0
True,1.46436318296159,0
True,1.68709967197489,0
True,1.64613490526533,0
True,2.32789202891573,0
True,1.81132174080583,0
True,1.55769292955072,0
True,0.940164258032737,0
True,0.839578028848488,0
True,0.716668764854756,0
True,1.91442875043393,0
True,1.35921544886127,0
True,3.65304262059938,0
True,1.12419157039618,0
True,2.41586669462432,0
True,1.22407870340148,0
True,2.650436723154,0
True,2.8899576108733,0
True,1.10866941082649,0
True,2.61000422306754,0
True,3.28685064116605,0
True,2.40465204496292,0
True,1.89259343243671,0
True,1.80458490992548,0
True,4.19270786075898,0
True,0.849539420838493,0
False,2.47966867140891,0.000109325928613769
True,1.23535593434321,0
True,0.773800126691795,0
True,1.26762189741141,0
True,2.57421743175561,0
True,2.16593485119473,0
True,0.998566435155222,0
True,3.02229014035161,0
True,4.09554307136103,0
True,1.19166355088733,0
True,0.996393895881553,0
True,2.24731072751537,0
True,2.86141823878829,0
True,1.6009233595411,0
True,1.05484994369427,0
True,1.60123022577595,0
True,2.67879957664051,0
True,2.66784807355429,0
True,1.15102099200788,0
True,1.93028408096595,0
True,2.2792453991459,0
True,0.50916849678993,0
True,1.85560981087019,0
True,1.19172041555344,0
True,1.77145676115044,0
True,1.41878465093868,0
True,2.10324611528412,0
True,1.46141159943057,0
True,2.0361421076795,0
True,1.48937032357055,0
True,2.41661058905626,0
True,1.92812006239565,0
True,0.92841050574299,0
True,1.83457778301354,0
True,0.893489221918412,0
True,2.48736426798118,0
True,1.05302606745886,0
True,2.18951388006217,0
True,1.66731081938221,0
True,3.89293019744139,0
True,1.89632927236914,0
True,2.71588415329427,0
True,1.70122814889149,0
True,1.42087043851499,0
True,1.48301617150614,0
True,3.90996311622115,0
True,2.19261531812816,0
True,1.49846788777267,0
True,2.25688772475943,0
True,1.20654289573246,0
True,1.52624140488945,0
True,1.01623533801192,0
True,2.00618056528577,0
True,0.908150218724968,0
True,1.52008968112925,0
True,2.22899496406705,0
True,1.26057412498055,0
True,1.99239478956457,0
True,1.91077929421167,0
True,1.87213530043563,0
True,2.39197174772894,0
True,1.22431785306165,0
True,2.74501123048528,0
True,1.86344989201267,0
True,0.874881939921216,0
True,3.37238171589712,0
True,2.05489370999366,0
True,1.37622336376729,0
True,2.66335317258344,0
True,1.13820136068984,0
True,3.66448301398517,0
True,1.85728851699137,0
True,1.68400801563163,0
True,3.57724190590036,0
True,2.1956085241915,0
True,1.53298415579083,0
True,1.81230490684739,0
True,2.15355434355109,0
True,1.15272998388264,0
True,2.22005781751029,0
True,1.04505033792787,0
True,1.30306740063792,0
True,1.62968365809945,0
True,1.61486907733491,0
True,1.14151898352062,0
True,1.23283660073961,0
True,0.7546123142032,0
True,0.539011460110301,0
True,1.76910427990904,0
True,3.13714759082913,0
True,1.9720779272428,0
True,2.26797279250089,0
True,2.59997764864017,0
True,4.12035863115679,0
True,1.93804524777298,0
True,1.34339828286516,0
True,2.34177614836164,0
True,1.9641830337324,0
True,1.2980435872923,0
True,2.14235399793696,0
True,1.85659609267451,0
True,1.0984078984944,0
True,4.06321452749867,0
True,2.62296015611255,0
True,2.6601941846007,0
True,1.45268183259396,0
True,3.39790380509686,0
True,2.67551732640244,0
True,1.67718847650896,0
True,1.32366316919984,0
True,1.17139094731605,0
True,1.78244665091021,0
True,1.05029901905028,0
True,3.67200464544852,0
True,0.757045249572223,0
True,1.30437722199057,0
True,1.55252924959644,0
True,2.39985058353301,0
True,1.74334214817486,0
True,1.08855443630318,0
True,1.27081555300315,0
True,2.74921663877263,0
True,1.65409520024072,0
True,2.46394404832132,0
True,2.1993401661527,0
True,1.99821787181001,0
True,2.43113584595249,0
True,2.03541257840326,0
True,1.90822012554157,0
True,1.44496687940081,0
True,1.36329630771806,0
True,2.5030841389454,0
True,1.98410856982861,0
True,1.73018979282247,0
True,1.8117176024789,0
True,1.72574801116609,0
True,1.40768230195809,0
True,2.48106281081564,0
True,1.49763538027676,0
True,1.79719266651456,0
True,2.53477218166979,0
True,1.27617846281363,0
True,1.8508441149593,0
True,1.7163961627209,0
True,1.79990762996826,0
True,1.39427712973716,0
True,1.43562952882682,0
True,1.77029200649551,0
True,2.34457570095339,0
True,2.26791072449982,0
True,1.74631921399565,0
True,2.04790439930002,0
True,1.46813019985395,0
True,1.60154385379145,0
True,2.16700238424568,0
True,0.943363434108891,0
True,1.19442199479207,0
True,2.04676644568457,0
True,2.44803693403427,0
True,3.86206356887511,0
True,3.38883105432672,0
True,3.65252395344507,0
True,0.96870920310799,0
True,1.83339708870903,0
True,1.47257169587098,0
True,1.19400907147862,0
True,2.36099833553188,0
True,1.4120050870957,0
True,2.01459655882051,0
True,1.17829862049748,0
True,1.66694221789311,0
True,0.951562109809711,0
True,3.0662762371006,0
True,1.49053573280182,0
True,1.92093230743734,0
False,3.9244587698018,7.83650942821694E-05
True,4.09448087607946,0
True,0.999786945022517,0
True,3.39111691552786,0
True,2.18124536184364,0
True,2.35807402159256,0
True,1.61936351615288,0
True,0.998666124825894,0
True,2.72621724037939,0
True,3.28172883027602,0
True,2.29325756890009,0
True,3.39889193231232,0
True,1.50591674502627,0
True,1.31817592624264,0
True,1.2215270396639,0
True,1.03402622698238,0
True,1.98270100168497,0
True,1.06196961394951,0
True,0.950621461011317,0
True,1.38599819830576,0
True,1.00130860784073,0
True,1.64248341177988,0
True,2.39527535346064,0
True,2.45406037393421,0
True,1.78066169448742,0
True,2.04905892174999,0
True,4.34879551269738,0
True,2.75154939910703,0
True,2.28629095342766,0
True,0.862634054926598,0
True,1.9010446782381,0
True,3.19912298448162,0
True,1.33406204304864,0
True,1.53656705826745,0
True,1.45897890345147,0
True,2.69699309660324,0
True,1.03205141067094,0
True,1.12180341969106,0
True,1.29782591574792,0
True,0.980049123099263,0
True,1.89707686152389,0
True,1.21160746094712,0
True,2.03297407052546,0
True,0.890515279043318,0
True,4.11193540274061,0
True,2.46641331878779,0
True,1.03441169196353,0
True,2.86952085687359,0
True,1.73412642186805,0
True,3.71295230797907,0
True,3.23096362800854,0
True,3.94645709822747,0
True,4.23109441010197,0
True,1.12243230969613,0
True,0.722068419372158,0
True,1.57408433514391,0
True,2.2732829120031,0
True,2.49253827343163,0
True,2.62280899314365,0
True,1.7263158842346,0
True,2.03279840614613,0
True,2.3421784496335,0
True,2.75720746266441,0
True,1.32887314547492,0
True,1.67005869917624,0
True,1.75115073819157,0
True,1.10645304396015,0
True,1.30375568124853,0
True,3.81501723070225,0
True,1.84243887810935,0
True,1.4294593157141,0
True,0.9273185471484,0
True,1.94464997633654,0
True,0.93004005593553,0
True,1.69096690080716,0
True,3.56465377465087,0
True,2.70941445488266,0
True,1.10046630067108,0
True,0.893958350020516,0
True,1.61583481943473,0
True,2.88538645601837,0
True,1.48831948841082,0
True,1.84411032245352,0
True,2.43847999467688,0
True,2.10043623497975,0
True,2.70686677263987,0
True,1.61293351542507,0
True,2.24481542842807,0
True,2.5090478735304,0
True,2.23872984626639,0
True,3.1474559648601,0
True,1.67528290237345,0
True,1.20903789627412,0
True,1.9784256374603,0
True,1.03734145534868,0
True,2.84475136144283,0
True,3.37593537109006,0
True,1.7480140583099,0
True,1.46625452743901,0
True,2.19752330580051,0
True,1.13317790829187,0
True,1.58827341698386,0
True,1.44428116139026,0
True,2.8037849382217,0
True,2.01917682467483,0
True,2.43253693889252,0
True,2.25063649874629,0
True,2.30083798097471,0
True,2.51745794909144,0
True,3.1714148502421,0
True,1.94157975574908,0
True,1.59551445526983,0
True,3.53250880854768,0
True,1.50306155690004,0
True,1.00855375111816,0
True,1.30629813781314,0
True,4.29984188734907,0
True,1.92847286759824,0
True,1.51220346535141,0
True,2.45598450823498,0
True,1.75280926612736,0
True,2.18062952495829,0
True,1.09698848453432,0
True,1.31392474083125,0
True,0.670462281067449,0
True,2.00507575366345,0
True,1.51712271652671,0
True,1.95904510611734,0
True,0.840176970585719,0
True,2.59984951575209,0
True,3.55377505755546,0
True,1.41898591165923,0
True,2.42145049415948,0
True,2.76395796067758,0
True,3.85094747711215,0
True,2.43321322971586,0
True,1.03877103535163,0
True,1.18452731003171,0
True,1.42584410208689,0
True,2.63475257597623,0
True,2.51675407002378,0
True,0.976584607408636,0
True,1.67047367911593,0
True,2.25379875215725,0
True,1.32110005825808,0
True,2.27431947664312,0
True,1.52995046595468,0
True,1.33388225164964,0
True,3.89216820846714,0
True,3.44750729001297,0
True,3.23465211356243,0
True,1.01381743008061,0
False,1.64314635249508,0.000161724351913994
True,2.83999145112132,0
True,2.90052008622411,0
True,2.64733868244253,0
True,3.25280762849467,0
True,1.36293358047114,0
True,0.501996911281453,0
True,2.1051034563752,0
True,1.98040560929033,0
True,2.52625807726058,0
True,1.58227875253538,0
True,1.5911593602387,0
True,1.316755642157,0
True,3.25909139282026,0
True,3.5335596917168,0
True,1.05538485426259,0
True,1.13930048047118,0
True,2.07400125697942,0
True,1.31230423277076,0
True,0.758135780597887,0
True,1.38816465394983,0
True,1.13750531267229,0
True,0.660074468977061,0
True,1.06979338030315,0
True,1.93950653193601,0
True,1.70202208463164,0
True,2.49836400461568,0
True,1.19827443444427,0
True,0.705485203993538,0
True,1.01624923255332,0
True,1.30966632035313,0
True,1.70675388690019,0
True,3.40826393750135,0
True,2.49617077799576,0
True,2.44805106794517,0
True,2.21347262775573,0
True,3.56439889920891,0
True,0.764911722113726,0
True,3.7012055161531,0
True,0.9519631107926,0
True,1.30141307882832,0
True,1.1097057971218,0
True,1.39102256917201,0
True,3.07800756197949,0
True,1.9650915713729,0
True,1.92301376621112,0
True,2.5936401329959,0
True,1.69078195503737,0
False,1.91968820747758,0.000114208914542462
True,1.42137854041038,0
True,1.53654328655957,0
True,1.6978095708873,0
True,2.71788343539088,0
True,2.12835930956699,0
True,1.70052068924793,0
True,1.04164536922462,0
True,1.64987562044841,0
True,1.33356872211676,0
True,1.10485183180963,0
True,1.77738072000912,0
True,1.94955099914851,0
True,0.797194724826599,0
True,2.80103780618621,0
True,2.70613169610035,0
True,2.82706066218147,0
True,2.41432639826265,0
True,1.42543881847669,0
True,1.90535070475265,0
True,0.975645208287629,0
True,2.04150760246435,0
True,1.62764013543555,0
True,3.50162185628569,0
True,1.61301788774828,0
True,2.18653603940303,0
True,1.19905395371257,0
True,1.54274388404103,0
True,2.66022997761071,0
True,1.80658622974784,0
True,2.36352581023147,0
True,1.19741800388571,0
True,3.38634057118551,0
True,1.24067674268029,0
True,2.50236038075971,0
True,1.51216962333192,0
True,1.77628677916193,0
True,1.30571682566253,0
True,2.53198701182708,0
True,2.17349787726792,0
True,1.89266645037328,0
True,0.783278164145826,0
True,2.31958023623132,0
True,1.61573661032042,0
True,0.8049686117331,0
True,0.957635278948461,0
True,1.6970780578694,0
True,1.6138371107019,0
True,1.53281871284228,0
True,2.21086227464981,0
True,1.98475607414182,0
True,1.3385801641397,0
True,2.16080680870354,0
True,2.25219282171683,0
True,0.926170137941857,0
True,1.23112238811621,0
True,1.11772944362667,0
True,1.27910542620071,0
True,2.12474967114254,0
True,1.9311025057296,0
True,1.43807297264295,0
True,1.59475239682932,0
True,1.3004055467354,0
True,0.787876368245635,0
True,2.52834671376035,0
True,2.43859104833087,0
True,2.55377754928836,0
True,1.92017826425693,0
True,1.00037898916448,0
True,1.58550035170974,0
True,3.07784586298331,0
True,1.58296885200818,0
True,1.71558247044386,0
True,1.06354655188614,0
True,0.967008809526317,0
True,2.24061338662115,0
True,1.16829044156144,0
True,0.874531835997765,0
True,1.01226604148101,0
True,1.95778620651252,0
True,1.68049710773279,0
True,1.24932917270836,0
True,2.01196186495547,0
True,3.80973630634427,0
True,1.23285266849641,0
True,1.36457739920496,0
True,1.80003901399931,0
True,1.20456228230517,0
True,2.39639161703108,0
True,1.1626146580186,0
True,3.1417196899146,0
True,3.17460326749058,0
True,2.7141961030341,0
True,1.6764354887445,0
True,0.981344060499162,0
True,1.4865514564025,0
True,1.60447728839593,0
True,2.1736713675943,0
True,2.4607086729224,0
True,1.70905465780774,0
True,2.2584624080302,0
True,2.05237338306272,0
True,1.61730395751545,0
True,1.06359369033301,0
True,1.88734941205317,0
True,2.42955342698904,0
True,1.87660064708292,0
True,3.06267592458861,0
True,1.88660624790301,0
True,1.50458796098336,0
True,1.23458682836147,0
True,1.61273751381018,0
True,1.67489646690363,0
True,1.55744169969401,0
True,3.39566937431614,0
True,1.78151443098846,0
True,2.5920348100788,0
True,2.9687872293623,0
True,1.62796531175022,0
True,2.00891762423663,0
True,2.77688905248364,0
True,2.5047383149056,0
True,1.22276299244324,0
True,3.83249641727756,0
True,1.82296816158405,0
True,3.01052260882327,0
True,1.19430288813152,0
True,1.34554472443441,0
True,2.23351590292358,0
True,2.45731018355347,0
True,2.19353538903021,0
True,1.5848677922238,0
True,1.01644063579737,0
True,2.15387883697457,0
True,1.13495810422609,0
True,1.28581987415273,0
True,3.99106818440827,0
True,1.98016327956145,0
True,3.28790674214363,0
True,3.62369357312393,0
True,4.14899543116223,0
True,1.93510329639397,0
True,4.30164068912855,0
True,3.87467565139629,0
True,4.15637264588054,0
True,2.81421976752068,0
True,1.30054147142463,0
True,2.86809573193313,0
True,1.68297106484773,0
True,2.07056395024762,0
True,1.03352839109426,0
True,2.27034199702735,0
True,1.83528473364541,0
True,2.32804018493356,0
True,3.38432425782719,0
True,2.06898386428251,0
True,2.56005905338483,0
True,1.7579794951852,0
True,1.23867016713158,0
True,1.77828426817542,0
True,1.39137766633086,0
True,1.2171406578026,0
True,2.64145352313211,0
True,1.87586006210635,0
True,1.28606993315291,0
True,1.79630473375729,0
True,2.77041127811762,0
True,1.23168715177071,0
True,1.87694324800189,0
True,2.35894588401077,0
True,1.07716722542767,0
True,2.42300206757268,0
True,3.67913362146794,0
True,1.30074405333584,0
True,2.13177419186403,0
True,1.26094053047558,0
False,1.64353736841585,0.00010666439460537
True,1.41020341955205,0
True,1.13047810962758,0
True,1.70106336483621,0
True,1.07990165873074,0
True,2.01612056569485,0
True,2.52381705652427,0
True,2.78047393523955,0
True,1.1605195908365,0
True,2.57683916988192,0
True,2.58401773744604,0
True,2.2799854334106,0
True,1.24952314483755,0
True,1.1613531621504,0
True,1.74868513029393,0
True,1.07064543211432,0
True,2.10643950417382,0
True,1.97606566843616,0
True,1.92980690377216,0
True,2.61415299110078,0
True,1.91802321800981,0
True,2.76052757657051,0
True,2.70978833993661,0
True,2.28831153442229,0
True,2.2874354156625,0
True,0.995063237383071,0
True,1.66004092282,0
True,1.67097516149949,0
True,1.64195770686979,0
True,1.97249321918256,0
True,2.57489977605788,0
True,3.34661703650939,0
True,2.50189857316877,0
True,2.4029715780989,0
True,1.65746393974314,0
True,1.02665842655098,0
True,1.72343724549247,0
True,0.901961556112524,0
True,3.56901960472368,0
True,1.51862129024032,0
True,3.79721149335666,0
True,2.67600257703128,0
True,1.35409242001905,0
True,1.59263142512408,0
True,1.70110681905455,0
True,1.25790107647758,0
True,2.08766986280943,0
True,2.60087062576956,0
True,2.14073088257947,0
True,3.1611915098882,0
True,2.99813815741294,0
True,1.78705451542686,0
True,3.30833964743927,0
True,1.33953016493123,0
True,1.47668890687531,0
True,1.00635039246229,0
True,1.73637698839681,0
True,2.46308045856442,0
True,1.46604758548606,0
True,2.26327360323609,0
True,1.10023521412462,0
True,2.18160475837499,0
True,2.78445441005663,0
True,2.82915217271228,0
True,2.13512477772214,0
True,0.958501174151359,0
True,1.29556202056596,0
True,1.25879084436091,0
True,1.80075226665261,0
True,1.55573738817992,0
True,2.2614720453044,0
True,3.01480701708355,0
True,0.628279977890816,0
True,0.78104604981706,0
True,0.811180136215831,0
True,1.01595598857986,0
True,1.08662462815694,0
True,1.67437266815194,0
True,2.33671436301025,0
True,1.83324952945126,0
True,1.21540789701924,0
True,1.25508504005698,0
True,1.49583532447267,0
True,1.41422420748478,0
True,3.28696749349044,0
True,1.09409868552503,0
True,1.55431007451596,0
True,2.79619930408837,0
True,2.45550384144428,0
True,1.98889555155093,0
True,2.78143249302639,0
True,2.56541839957139,0
True,1.3946307775674,0
True,1.17789866363117,0
True,0.757278504283199,0
True,2.43963247641042,0
True,1.62671170951322,0
True,1.12175532482358,0
True,1.09545215233821,0
True,1.51405957962707,0
True,2.731063945988,0
True,1.87272430050601,0
True,2.70609447412952,0
True,2.65782961133799,0
True,1.87114519295291,0
True,1.66319176800264,0
True,2.47217561429504,0
True,2.57101907568906,0
True,3.12084755333626,0
True,3.75658047732596,0
True,2.29047919681486,0
True,1.09793652298041,0
True,1.34865957788606,0
True,2.11600405348909,0
True,4.29610537819529,0
True,2.62711874383606,0
True,1.33086304369885,0
True,1.65417345405282,0
True,1.34929257094167,0
True,0.977709247673659,0
True,2.53768476647843,0
True,1.63885568289011,0
True,0.881333145073433,0
True,1.80656776540084,0
True,2.35211580425598,0
True,2.73152234309566,0
True,0.875335594861716,0
True,2.85147660166527,0
True,1.80718916805067,0
True,1.10528558799792,0
True,2.80676638167136,0
True,1.21299667636155,0
True,0.75657627587617,0
True,1.51531316039743,0
True,1.47266130239125,0
True,1.74201616260809,0
True,2.08221825297827,0
True,1.36268936656329,0
True,2.12400322279442,0
True,2.07857984519355,0
True,1.58706603110148,0
True,3.84344573361796,0
True,2.3111317529003,0
True,1.67267675073567,0
True,1.87941470011387,0
True,2.36913945475227,0
True,3.30051380594383,0
True,2.58518320969741,0
True,1.2854597284606,0
True,3.81010419442279,0
True,3.23533141342272,0
True,2.42239152437091,0
True,1.1076311982299,0
True,3.1067639358923,0
True,1.11075271342524,0
True,1.66682346446182,0
True,1.24781867948434,0
True,2.13722912455601,0
True,1.01325307898528,0
True,0.744108750914876,0
True,2.55968485113409,0
True,1.98437342887682,0
True,3.20217324207682,0
True,1.66923589747876,0
True,1.22913170193697,0
True,4.45021671958918,0
True,3.03197984323015,0
True,1.86452559249697,0
True,1.81435504297107,0
True,1.19624155154693,0
True,1.97246650997804,0
True,1.24290546599543,0
True,1.39510571128684,0
True,1.24829130421518,0
True,2.05645469984,0
True,1.22980383318231,0
True,2.60589092737875,0
True,1.78643502479866,0
True,1.07257060921761,0
True,2.12110643622637,0
True,1.43819537551477,0
True,1.47068781737521,0
True,1.09464525588695,0
True,2.01945637378645,0
True,1.64101014268738,0
True,1.10250752236189,0
True,1.52316741435445,0
True,1.83772375934108,0
True,1.00779373628394,0
True,1.61360831717137,0
True,2.5886067101567,0
True,2.09506477290592,0
True,1.59465470410534,0
True,1.51140142405857,0
True,2.55674550175052,0
True,2.7807573810908,0
True,0.873340082293138,0
True,1.77879525746583,0
True,1.87730018736807,0
True,1.98781573084761,0
True,2.89053684610377,0
True,3.26760818848552,0
True,3.17043600367578,0
True,1.32573139400563,0
True,1.56252438180508,0
True,0.909628006310261,0
True,3.57151755339666,0
True,1.78819576434319,0
True,3.45680946043949,0
True,2.66485438906585,0
True,1.65297850071581,0
True,1.43269718624283,0
True,1.93282491095372,0
True,1.83779220403614,0
True,1.04576664121725,0
True,1.53178929383629,0
True,1.90937002565945,0
True,1.96097995256197,0
True,1.84351896276095,0
True,2.26093757126867,0
True,0.950945127822859,0
True,1.76949742192937,0
True,2.62683427733606,0
True,1.2711249241811,0
True,2.26130016901717,0
True,2.4929130867046,0
True,2.17393480501517,0
True,1.03977769984597,0
True,2.50434222540462,0
True,3.02085829943715,0
True,1.40838470843497,0
True,1.85227318189179,0
True,1.01354181897194,0
True,1.1783845217215,0
True,2.00090157872015,0
True,2.28706881490378,0
True,2.50804289183238,0
True,1.67471765036002,0
True,1.52074815740455,0
True,1.42562627650901,0
True,3.17745649991573,0
True,2.231990790956,0
True,2.32582964811055,0
True,1.56292633260386,0
True,1.24059069385649,0
True,2.03921964914454,0
True,0.750065765818479,0
True,1.20655705445039,0
True,1.38267472063619,0
True,2.07151090719125,0
True,1.57562282077798,0
True,1.78122573843738,0
True,1.7786762434876,0
True,1.86018312145261,0
True,2.2078045154178,0
True,1.97634977347657,0
True,1.15572070340395,0
True,1.52013913478112,0
True,3.92068828301637,0
True,2.7727859724807,0
True,1.84514023163035,0
True,2.5023549458204,0
True,1.60142214398086,0
True,2.36781433812231,0
True,0.84590167537658,0
True,3.28728623963851,0
True,1.89541242518908,0
True,1.46842035101564,0
True,1.10335532300786,0
True,4.31735250642093,0
True,1.334834716903,0
True,1.30557932706484,0
True,1.32107157339297,0
True,1.04226754103343,0
True,1.92312666001268,0
True,2.11293706061884,0
True,1.01420995322949,0
True,1.77246789113938,0
True,1.91945028798108,0
True,1.34849684894843,0
True,2.63733549546825,0
True,1.91590670732498,0
True,1.38868851562713,0
True,2.26131019141303,0
True,2.04857452255413,0
True,1.96437362105207,0
True,1.50762949451853,0
True,1.38241481548561,0
True,1.33524717876677,0
True,1.5536983768061,0
True,2.97211024987127,0
True,1.31574041331336,0
True,1.58955002108387,0
True,4.54376126552615,0
True,2.20979449638472,0
True,2.28747579659052,0
True,1.90519330069167,0
True,1.08515966305444,0
True,1.72397686667874,0
True,1.98130042565022,0
True,1.56176430468352,0
True,2.92979127440663,0
True,1.35725281178463,0
True,2.2424606139839,0
True,1.82534055500494,0
True,2.03606327851411,0
True,1.8896021026524,0
True,1.47994819864461,0
True,1.98678728255306,0
True,2.55922220442986,0
True,1.35532401153641,0
True,2.65418260068189,0
True,0.994656353873533,0
True,3.03645416309203,0
True,1.52162633412556,0
True,2.4187290560541,0
True,2.70891367271019,0
True,4.43427756246411,0
True,3.64734693362566,0
True,1.29824694596722,0
True,3.59325713395454,0
True,1.49272512632107,0
True,0.567815377036631,0
True,2.28029556397682,0
True,2.80295288115536,0
True,2.86800303739888,0
True,1.47418056967648,0
True,1.38545034815263,0
True,2.66879846690317,0
True,1.15850617230519,0
True,1.404878113431,0
True,1.88065189257007,0
True,2.71987754931816,0
True,2.33409673458958,0
True,2.00731705244914,0
True,1.42918923661293,0
True,4.23016581661334,0
True,2.30635344224017,0
True,0.939448156559859,0
True,0.790213535631835,0
True,0.825457645082128,0
True,1.29577311982853,0
True,1.29752867571232,0
True,1.63336450671507,0
True,2.68396399265099,0
True,2.8769722576157,0
True,3.03827472757057,0
True,1.06059257362568,0
True,1.67464119561392,0
True,3.28934156197442,0
True,2.3347473237316,0
True,1.48544209490578,0
True,2.7918366933153,0
True,1.96137827859212,0
True,2.07453700695953,0
True,2.47073982769876,0
True,1.0489704035262,0
True,2.31330702050583,0
True,0.881091062025578,0
True,2.32031486252554,0
True,1.05081718714404,0
True,0.973948646816082,0
True,1.34729725918445,0
True,1.59717474710657,0
True,1.43811958816524,0
True,1.74251413470233,0
True,2.20961843205894,0
True,1.72816440926837,0
True,3.01254206676022,0
True,1.5700857398362,0
True,1.31673690664268,0
True,0.869194377081912,0
True,1.49418362589743,0
True,1.92350577236183,0
True,1.47633273116139,0
True,3.5252554824251,0
True,0.59948199371684,0
True,1.10060022393572,0
True,3.60042033482616,0
True,1.27196550350351,0
True,0.801861408982351,0
True,2.70856364938246,0
True,2.51647381230076,0
True,2.87079007581709,0
True,1.28456594067937,0
True,1.98608930963129,0
True,2.60102327244651,0
True,3.06553246519414,0
True,1.86883309234143,0
True,0.663562563653485,0
True,2.8493083659232,0
True,2.14185379110457,0
True,2.88658875136363,0
True,2.07828171341784,0
True,0.793975709922284,0
True,1.08890205935509,0
True,1.16088144855242,0
True,1.68529538322354,0
True,0.443902565873611,0
True,1.02804340035438,0
True,2.17937488433002,0
True,1.13012412954182,0
True,1.52424542955504,0
True,1.70331566401605,0
True,1.40857564295872,0
True,1.15153080594085,0
True,2.66011820980573,0
True,3.32779219429683,0
True,2.70758745963861,0
True,0.56777125339932,0
True,2.44666414181081,0
True,1.67851268304853,0
True,1.26400329937718,0
True,1.98668138793319,0
True,2.11356682700503,0
True,1.52891320382412,0
True,1.45661072182438,0
True,1.01405154895692,0
True,1.50698842144195,0
True,1.52567103651642,0
True,1.28081165649661,0
True,1.88081322677535,0
True,2.11426156531388,0
True,1.7892495629626,0
True,2.00912456950732,0
True,1.92420789363974,0
True,2.13993335698682,0
True,2.33056932466555,0
True,1.41202551608571,0
True,1.60223234132112,0
True,1.834261847308,0
True,1.60131000588677,0
True,2.19812208634218,0
True,1.00927614197114,0
True,2.51702301061586,0
True,1.74089424441048,0
True,3.67484854606409,0
True,3.92694869541151,0
True,4.16453164885896,0
True,4.44115538156783,0
True,4.0923338223288,0
True,0.592388576576327,0
True,2.68505032686988,0
True,1.10466250457706,0
True,3.06684655391855,0
True,4.08783400805117,0
True,2.99103864213698,0
True,0.973632191380596,0
True,1.34015293006857,0
True,1.41307361657546,0
True,0.797809016345842,0
True,1.60886559633145,0
True,1.28791402445073,0
True,2.07709083944054,0
True,1.52398104155054,0
True,1.52692073046152,0
True,1.18038557963203,0
True,1.79994802536681,0
True,1.97035374883112,0
True,1.68599442584461,0
True,1.83222765682555,0
True,1.71636945924015,0
True,1.96448253585469,0
True,1.63751481601392,0
True,1.22716939332956,0
True,1.99737665669519,0
True,1.96519395113637,0
True,3.40928080732433,0
True,3.85505368833471,0
True,4.52419121259499,0
True,3.29342831654953,0
False,2.56209855997949,0.000203370517719689
True,2.55959686594918,0
True,1.00707948591498,0
True,1.53898447903754,0
True,1.54978629021325,0
True,1.65013329821709,0
True,1.07738058299669,0
True,2.6048528799881,0
True,1.23006425567876,0
True,1.35313579558181,0
True,0.703632266347145,0
True,2.07216738617043,0
True,4.42422604322503,0
True,1.30893464203459,0
True,0.946401939333902,0
True,1.13581074451853,0
True,1.27145963673998,0
True,2.45145405113286,0
True,3.28175793790848,0
True,2.68651437879052,0
True,1.36689102753296,0
True,1.00301868557963,0
True,2.9889570159759,0
True,3.61174099670071,0
True,3.51767881749428,0
True,2.33654230149323,0
True,0.861233321046391,0
True,2.07256099091521,0
True,2.94903510437943,0
True,1.23433943039558,0
True,1.83834585173039,0
True,1.90438509681586,0
True,1.65104929801592,0
True,3.07088516113692,0
True,2.04672074420497,0
True,1.52526026909489,0
True,2.25883392805302,0
True,3.26169536189127,0
True,1.66442470107082,0
True,2.13007441411401,0
True,1.21935316166496,0
True,1.41654404856766,0
True,1.8138808238423,0
True,1.6870027882856,0
True,2.22787048871948,0
True,1.18332479056554,0
True,1.1834872595027,0
True,1.21729084783642,0
True,2.06751945822554,0
True,0.857174187328905,0
True,2.11654902784338,0
True,2.44264334774296,0
True,2.00034262099837,0
True,2.52756508406342,0
True,2.32276081328555,0
True,1.23263231841758,0
True,1.60656979554529,0
True,1.96979021368726,0
True,1.39830235775323,0
True,1.24299559695691,0
True,1.07871068185463,0
True,1.49403791723057,0
True,1.41762128130157,0
True,0.970610426767893,0
True,2.2308963987436,0
True,1.11016320816179,0
True,1.77190545129164,0
True,3.68100568910505,0
True,1.83723192554823,0
True,2.31922005456734,0
True,4.14998694162721,0
True,2.29662089648938,0
True,3.62440034075863,0
True,3.78507157892868,0
True,1.76656480342157,0
True,1.9907449151725,0
True,4.20770964913882,0
True,3.80016115242265,0
True,0.916736532141231,0
True,0.952453306617917,0
True,2.09788617250342,0
True,3.7461780039161,0
True,1.1572282054339,0
True,0.851579540702269,0
True,1.28864921197134,0
True,2.64273927969531,0
True,0.694239043062227,0
True,1.96850766018588,0
True,1.95526512881016,0
True,1.50434368833539,0
True,0.643836390468619,0
True,2.60533227518214,0
True,2.06373396466353,0
True,1.62248418954764,0
True,1.50784011938241,0
True,2.15334182274333,0
True,1.86148442510928,0
True,1.97168742310733,0
True,1.96793125012804,0
True,1.0365701252585,0
True,2.00263083687326,0
True,1.2212428317849,0
True,1.69890531881521,0
True,4.06519980119206,0
True,1.72648344880609,0
False,1.6650962506079,0.000266575339254027
True,2.2995951005337,0
True,2.475646654373,0
True,1.49083517261515,0
True,1.42403137053475,0
True,1.58518242682865,0
True,2.63409604779671,0
True,1.30473826544475,0
True,2.54316382628252,0
True,1.51929058370042,0
True,1.63146493697404,0
True,2.20411235037829,0
True,1.56658371150156,0
True,1.14201836623069,0
True,1.8537074415367,0
True,2.15632179622838,0
True,2.55166836216128,0
True,1.73496974725165,0
True,1.82268614451394,0
True,2.72743806330167,0
True,1.21926172856397,0
True,1.42985820461475,0
True,1.57288823243916,0
True,3.37054020207624,0
True,2.21537027694524,0
True,1.05709881748977,0
True,2.24744832258209,0
True,1.29991444672238,0
True,1.90241372136196,0
True,1.33266330465985,0
True,1.61179650274349,0
True,1.59606899989347,0
True,1.36254091006734,0
True,2.27858668058925,0
True,2.05489451162244,0
True,0.861634570295252,0
True,1.14468800116238,0
True,2.05193937262549,0
True,1.56924273750576,0
True,2.69132286853911,0
True,2.26865196837186,0
True,1.04614074098566,0
True,2.91931457942487,0
True,3.78859223716587,0
True,0.87661168045323,0
True,1.18901624582068,0
True,1.7346586732131,0
True,2.30149698905677,0
True,2.32780307527033,0
True,0.940110291238671,0
True,3.1617267769781,0
True,2.46175241129335,0
True,0.867041454472201,0
True,1.03647397756596,0
True,2.14998812026471,0
True,2.7848996487377,0
True,1.92174635482575,0
True,2.02604571874424,0
True,1.71983138454619,0
True,2.57083909659857,0
True,2.19378071952063,0
True,2.45844120351467,0
True,1.44882236525293,0
True,2.27522174938977,0
True,1.88621903902337,0
True,1.56754571541832,0
True,3.30579907557216,0
True,1.99751691091211,0
True,1.71023486404856,0
True,1.26786030399831,0
True,1.18161128602071,0
True,1.29722762539936,0
True,1.44657942584849,0
True,2.93588669906186,0
True,0.937748597999833,0
True,2.74412355758997,0
True,1.75480395898905,0
True,3.40934301418166,0
True,4.14658164026719,0
True,1.51722680857284,0
True,1.33898003534754,0
True,2.84711887306292,0
True,3.50095396772453,0
True,1.61059546621935,0
True,1.51055850633521,0
True,2.29197172701335,0
True,1.95022258301497,0
False,1.9046513683618,0.000146236623229329
True,1.40127684700976,0
True,1.66815796242002,0
True,2.85102515536263,0
True,4.56469324169515,0
True,2.35703336618473,0
True,1.19208037521299,0
True,2.71963913965991,0
True,0.900106976135197,0
True,2.00580460654011,0
True,2.5896989182754,0
True,2.0345257254715,0
True,3.21351767069878,0
True,1.24620444857207,0
True,3.11026755648952,0
True,1.18225535950528,0
True,2.54707830381326,0
True,2.24152093501149,0
True,1.36352872340245,0
True,1.66317139451491,0
True,1.71875368611321,0
True,1.73100877839681,0
True,0.415139227601544,0
True,0.807893188887818,0
True,1.80606131448523,0
True,1.52364099554187,0
True,1.18442187923758,0
True,2.32324446262217,0
True,2.26498182673552,0
True,3.9003749476455,0
True,4.22806815103388,0
True,1.88959265880914,0
True,3.17460581041968,0
True,1.61134023823022,0
True,1.39069250387816,0
True,2.25033355356707,0
True,1.44046359452756,0
True,1.92915217621965,0
True,1.68132635700055,0
True,3.24775195378068,0
True,4.12170902467923,0
True,3.37638943647386,0
True,4.01174809166394,0
True,2.25699105516601,0
True,2.54459854683565,0
True,1.71448377448104,0
True,1.00417546600778,0
True,1.63395374074993,0
True,3.09659767860457,0
True,1.73806181403981,0
True,1.59512532843956,0
True,2.05395601415873,0
True,2.39591309634723,0
True,2.11760395971821,0
True,2.60097514382157,0
True,2.10088470389601,0
True,1.85759264797192,0
True,1.77939426218087,0
True,2.86423734253732,0
True,0.885658045464583,0
True,1.28801060657818,0
True,2.14852818014798,0
True,2.55293206340176,0
True,1.87896360569471,0
True,1.26188493391714,0
True,1.69415231977854,0
True,1.17075850773443,0
True,1.11480295438796,0
True,0.646978190251785,0
True,2.48332866821237,0
True,0.934848213607476,0
True,1.6774035600219,0
True,1.48523575894536,0
True,0.782444257037139,0
True,1.34012309412783,0
True,1.00085116412734,0
True,1.16567965226554,0
True,0.942105590449863,0
True,1.49448826995265,0
True,1.71816712157716,0
True,1.29260497482465,0
True,2.34008897364397,0
True,1.22331564746115,0
True,2.18300362691964,0
True,3.16999579569633,0
True,1.63770836323759,0
True,3.3631482589686,0
True,1.43959239118231,0
True,1.33556946706079,0
True,0.967984819018122,0
True,1.31238453249498,0
True,0.972522777110896,0
True,1.73308393521156,0
True,1.24722103691998,0
True,2.55898872729602,0
True,0.864957818883409,0
True,1.22501531852763,0
True,1.97013628996743,0
True,1.5258399951605,0
True,1.21288004031804,0
True,1.56512095994143,0
True,2.01282388818918,0
True,1.47060534886533,0
True,1.55618728198393,0
True,1.54977765795646,0
True,1.10342217974552,0
True,1.58058537859458,0
True,0.511712647159604,0
True,0.96051530978824,0
True,2.42474283661147,0
True,2.75529857957312,0
False,1.34240978072848,0.000291822028941746
True,1.29165598498673,0
True,0.886830042745474,0
True,2.32338724159208,0
True,2.77320221612321,0
True,4.30726235629809,0
True,1.59314643317895,0
True,2.44866661231659,0
True,2.57594446054882,0
True,2.02930407372002,0
True,0.858552729289064,0
True,2.53047160731707,0
True,1.12596810625326,0
True,0.561730920266352,0
True,2.50793366528119,0
True,3.81609468866979,0
True,3.60566934782864,0
True,1.35907360106763,0
True,1.59436140166676,0
True,2.43072579096605,0
True,2.41362348195192,0
True,1.59896315798802,0
True,2.83477023087998,0
True,1.1664113240495,0
True,1.34116688091545,0
True,1.31492047658404,0
True,4.03486656887149,0
True,1.66753592906446,0
True,3.47981238535486,0
True,1.96776733036706,0
True,3.57701173497835,0
True,1.54341269726115,0
True,2.0203820488313,0
True,1.75766586860064,0
True,1.40153601147913,0
True,2.27782574929597,0
True,1.17903408188049,0
True,1.21286307439993,0
True,1.90048946073609,0
True,1.80538741828465,0
True,2.01892075577247,0
True,0.993396951788991,0
True,2.76723790704433,0
True,2.50455275869773,0
True,1.55127811411073,0
True,1.34183087800955,0
True,1.36115112049446,0
True,2.23187294893257,0
True,1.88881504172705,0
True,1.15112565180313,0
True,0.923203026392616,0
True,1.92294038058615,0
True,2.88527578152226,0
True,1.61817843998311,0
True,2.07526281997848,0
True,1.89926963719124,0
True,3.56754442099647,0
True,2.26074582346548,0
True,2.06228752477029,0
True,1.51032772146218,0
True,2.70042744869602,0
True,2.2044702091485,0
True,1.41210692240966,0
True,1.77921225697779,0
True,1.43284541667394,0
True,1.54508443568715,0
True,1.44156652799,0
True,1.65664347179405,0
True,1.74971453579985,0
True,4.28751838976368,0
True,2.03092169936669,0
True,1.81994680473327,0
True,1.22772246029432,0
True,1.10038609860257,0
True,2.20243641284811,0
True,2.61274465331493,0
True,2.06050959508464,0
True,1.89602644875848,0
True,1.07911045438692,0
True,0.769572731717034,0
True,1.9341876038166,0
True,2.22011838319151,0
True,1.78226066170703,0
True,1.49366234207381,0
True,1.31792092217877,0
True,1.90644148075732,0
True,2.84292376735293,0
True,2.2279759701068,0
True,1.66459509801687,0
True,1.80041058573246,0
True,1.30541198966135,0
True,3.1098252795118,0
True,1.90110149734714,0
True,2.28230773413372,0
True,2.74410994135166,0
True,1.38724113354293,0
True,1.24289260713762,0
True,2.53740565598984,0
True,2.03016350835773,0
True,1.96443576210458,0
True,1.13027588734734,0
True,2.59577011688248,0
True,1.49461204824174,0
True,1.85704120170276,0
True,2.69778617554548,0
True,1.56824400917984,0
True,1.67012159393984,0
True,3.79462576902759,0
True,2.4428748973253,0
True,0.797481917392697,0
True,2.80884427747762,0
True,1.8043391952956,0
True,1.03186544058746,0
True,1.28196384887142,0
True,0.796993323588313,0
True,3.88769030628752,0
True,3.52202994682408,0
True,1.13525071880027,0
True,2.16130825529059,0
True,1.51292593185219,0
True,1.63924520977331,0
True,4.07221182758551,0
True,3.89039035856971,0
True,1.79063121494888,0
True,2.01784705220282,0
True,1.29897992740418,0
True,1.33354807957546,0
True,0.960154363066448,0
True,1.91635595271134,0
True,2.08834360685859,0
True,1.14050135476302,0
True,1.78188409754525,0
True,1.53806402098021,0
True,1.5146559218714,0
True,1.02571073595445,0
True,4.17543900694761,0
True,1.20026684161963,0
True,2.27103908729533,0
True,1.41307766052152,0
True,1.10755569936023,0
True,1.7476150208793,0
True,1.09721271973922,0
True,3.15037982859241,0
True,3.21681009414012,0
True,1.79177171336669,0
True,3.62543791467643,0
True,1.64205005253983,0
True,1.10845438531278,0
True,1.22354526623979,0
True,1.03688065309587,0
True,3.17229747227328,0
True,2.85438790395363,0
True,1.90272405557537,0
True,1.86528181884422,0
True,2.10100114469601,0
True,1.88108354130336,0
True,1.82250986009056,0
True,2.23379196128975,0
True,3.15104588936737,0
True,2.435893502115,0
True,2.36089238326068,0
True,1.73196289317901,0
True,1.21920218154272,0
True,2.54138362924558,0
True,1.77456086930925,0
True,1.84223993657066,0
True,2.78738765948742,0
True,3.52279911603875,0
True,0.940559929733771,0
True,1.1382698476051,0
True,0.831580698255336,0
True,4.02682670727379,0
True,4.29980901122516,0
True,3.00967479818689,0
True,3.051882986162,0
True,2.68187731077637,0
True,2.61953603808045,0
True,2.16274248116659,0
True,2.15926026948969,0
True,1.44668547358357,0
True,0.826328297833245,0
True,0.941121081296183,0
True,1.14758213555532,0
True,1.31619482000495,0
True,1.82200227473276,0
True,2.64450355548039,0
True,2.4044271757799,0
True,2.6611937194149,0
True,3.19644573106815,0
True,0.735442234910873,0
True,2.53977622502735,0
True,1.33349455176999,0
True,3.38553531875915,0
True,3.77950996337302,0
True,3.39819290349243,0
True,1.50421036889846,0
True,3.14863875338054,0
True,3.6794057644272,0
True,1.67249996025496,0
True,1.68807917102681,0
True,1.03715265343216,0
True,1.79291284249062,0
True,1.4401537445264,0
True,3.99789991660772,0
True,1.55104531716278,0
True,1.73594205507695,0
True,2.18746735705809,0
True,0.923111455096667,0
True,3.08498146557298,0
True,3.05068462486323,0
True,1.72575920147099,0
True,2.39315510443749,0
True,2.27829757963037,0
True,1.00654242041862,0
True,1.918264176459,0
True,1.71590548376909,0
True,1.39819723490004,0
True,1.09137951906197,0
True,1.48544269354309,0
True,1.40706047644053,0
True,1.28912716733977,0
True,2.37359253403592,0
True,1.06894364861238,0
True,1.57487919092802,0
True,2.36233050076675,0
True,0.332298728066089,0
True,1.10960945417432,0
True,2.65905122376377,0
True,0.833003963112388,0
True,1.76854949068659,0
True,2.41474018565442,0
True,2.47970558680836,0
True,1.74356591057569,0
True,0.830329469601967,0
True,2.40914265080651,0
True,4.27152082291872,0
True,1.20044042446803,0
True,2.78126743708655,0
True,1.39413655381126,0
True,0.866289732151169,0
True,1.56115589480792,0
True,1.21070811104501,0
True,1.16172081562165,0
True,2.43969823847751,0
True,2.47036623512399,0
True,2.61814547192827,0
True,2.99462167265624,0
True,2.14482702047642,0
True,1.67484484663336,0
True,1.77513195694254,0
True,2.39490360240014,0
True,2.2486700495653,0
True,1.6792226554667,0
True,1.7287965362579,0
True,1.41025899569184,0
True,1.71767659449968,0
True,1.69361141926925,0
True,4.0155679932029,0
True,1.02122196282955,0
True,2.03859652518768,0
True,2.3216119649393,0
True,2.91200070062751,0
True,3.51426997138082,0
True,3.37606648975583,0
True,3.70473492184919,0
True,3.63385516345533,0
True,2.09185127703747,0
True,1.28276196912272,0
True,1.73782321517919,0
True,2.68209079929667,0
True,2.71860954180101,0
True,2.41507249228447,0
True,1.47423879074034,0
True,3.36234368212892,0
True,1.96917131994474,0
True,1.42225815450619,0
True,1.95122215308149,0
True,1.59955227325464,0
True,0.83769878951527,0
True,1.31262393415973,0
True,1.76609673132503,0
True,3.05552476858103,0
True,1.7922029767543,0
True,1.73497014392483,0
True,2.27288653018007,0
True,2.46347756431883,0
True,0.658995269095657,0
True,1.36183858189676,0
True,1.46457574155823,0
True,1.44520851570847,0
True,3.55577773388493,0
True,1.70644536757892,0
True,1.91514453656758,0
True,3.43337143588304,0
True,2.3047471122576,0
True,2.36640910253851,0
True,2.13411878101242,0
True,1.62993606129785,0
True,1.48201280029503,0
True,1.69207568559437,0
True,1.1905223292651,0
True,1.14836643771411,0
True,1.92832428366412,0
True,1.65267075511429,0
True,3.57099521016687,0
True,2.98325814528707,0
True,2.68006857698017,0
True,0.704211079378302,0
True,2.04709992364526,0
True,2.7623470744657,0
True,2.30861148375456,0
True,1.68814752973925,0
True,1.70436490711773,0
True,2.54490192005912,0
True,2.8567738942793,0
True,2.90806669451426,0
True,2.12734280296386,0
True,1.0760486874418,0
True,1.33373979271063,0
True,2.36728868284737,0
True,0.767498969773245,0
True,0.631489849628443,0
True,1.89395385272658,0
True,1.10268634435652,0
True,3.45814557798319,0
True,1.8879033588679,0
True,1.27907512937995,0
True,1.65592096131238,0
True,1.21166876980587,0
True,3.39860462963651,0
True,2.73265017049271,0
True,1.5412482039924,0
True,2.80604634623642,0
True,2.50901681286658,0
True,1.75070534457019,0
True,2.10522380432267,0
True,1.94621778223977,0
True,0.956087226306242,0
True,1.85630222949432,0
True,2.10645186540948,0
True,1.58047526738988,0
True,1.17933991243699,0
True,1.10526125143333,0
True,1.46677895507238,0
True,2.45211660141289,0
True,3.64091954129065,0
True,1.72714386491957,0
True,1.5632365012226,0
True,2.38742537497676,0
True,2.83167840298906,0
True,2.92110925108141,0
True,2.31516079654348,0
True,1.40451336682954,0
True,0.860118829198728,0
True,3.07466658672624,0
True,1.5587652204827,0
True,1.09985746893506,0
True,1.7345897651312,0
True,0.383166704095527,0
True,1.95297022058277,0
True,2.03720453000549,0
True,4.01784428197997,0
True,2.00215722885351,0
True,2.42548623316941,0
True,1.19836875026002,0
True,1.30548622427573,0
True,2.94562320296872,0
True,2.10215658918005,0
True,1.50481826135852,0
True,2.05743334475704,0
True,2.22925004590934,0
True,1.57986703973395,0
True,2.26858399801432,0
True,3.77825230133398,0
True,2.64546222166021,0
True,0.624036583850527,0
True,2.19665093799512,0
True,0.931438814776702,0
True,1.21443204603234,0
True,1.56531029255942,0
True,2.66874476217705,0
True,1.39742716164812,0
True,3.83081709373714,0
True,0.912221479310392,0
True,1.60678783883754,0
True,0.846331287934966,0
True,2.93119371316734,0
True,2.39561542526612,0
True,2.19068470054809,0
True,1.93656851357376,0
True,1.88851359746001,0
True,2.20595353161448,0
True,1.66761047161342,0
True,2.8477112594275,0
True,1.18944403972477,0
True,1.34196304334958,0
True,1.04896706139857,0
True,1.85877959531748,0
True,0.648387453362124,0
True,1.48936854148802,0
True,2.53479612391518,0
True,1.23135971286759,0
True,1.6241541842311,0
True,1.21571438183471,0
True,1.22227235735364,0
True,2.94479238263516,0
True,1.91842820999286,0
True,2.97834098606019,0
True,1.03839253386839,0
True,0.774839248940484,0
True,0.8474823877176,0
True,1.12826881031932,0
True,2.8085502056744,0
True,1.29114219180689,0
True,1.48237976034471,0
True,1.49680551050118,0
True,2.31477097301845,0
True,1.56443231585601,0
True,1.32010828999997,0
True,1.52924918554542,0
True,1.86768789959822,0
True,1.56716369093126,0
True,1.28519494433385,0
True,1.51468695408477,0
True,2.80116065770571,0
True,1.11436717484874,0
True,1.82288608701067,0
True,2.50598217928211,0
True,1.14185330902052,0
True,3.39939842734604,0
True,3.49126457807587,0
True,1.93224736720038,0
True,3.21731313214252,0
True,3.33972965794514,0
True,1.71866234849657,0
True,1.32460488977236,0
True,3.37422335202243,0
True,0.987148635015005,0
True,1.59688886522194,0
True,1.10467034500841,0
True,2.21473619001328,0
True,1.2962139613129,0
True,1.65115020516573,0
True,2.61642599745998,0
True,2.97256549040842,0
True,1.44783573834442,0
True,1.3800921708051,0
True,1.83446626536286,0
True,1.15438032496836,0
True,1.78424969503298,0
True,1.10625165342841,0
True,1.49043800197628,0
True,2.23657218334176,0
True,1.73236780549989,0
True,1.47690089917411,0
True,1.81601074883835,0
True,1.31636736761379,0
True,2.00327410673881,0
True,1.60496378684786,0
True,1.44685094139317,0
True,2.16612088421735,0
True,3.82920964291204,0
True,2.75425125576998,0
True,0.966051785757614,0
True,1.14747586029001,0
True,0.932375378224953,0
True,1.19409097343071,0
True,1.53691682521451,0
True,2.05084729068389,0
True,1.01533909807278,0
True,1.19091242541772,0
True,2.05281137521669,0
True,1.62624115593105,0
True,1.07879712428773,0
True,0.898413546512295,0
True,1.4310169438201,0
True,1.28388245040582,0
True,3.39346374182245,0
True,0.729398221341868,0
True,3.85610964044861,0
True,1.92636773727616,0
True,3.91562669022898,0
True,3.83218152238638,0
True,1.87693557148996,0
True,1.86531770433058,0
True,1.06416539147592,0
True,1.56615089021107,0
True,1.3158105386353,0
True,1.83221316386445,0
True,3.16456144531381,0
True,4.68108691911988,0
True,1.16332953518188,0
True,2.87671701322496,0
True,3.60802482347298,0
True,4.07962581355481,0
True,1.0630548784096,0
True,0.853399465813634,0
True,0.742868063633181,0
True,2.25436527077893,0
True,1.41267493858434,0
True,1.37282358350501,0
True,2.47144496110158,0
True,1.64265389556192,0
True,1.90909727122195,0
True,1.89412160772025,0
True,2.87813124476842,0
True,2.49208341869734,0
True,3.02203547612123,0
True,2.08663346846478,0
True,2.16299843342563,0
True,1.73257552929668,0
True,2.3236086309211,0
True,2.52144581699042,0
True,1.96878156538365,0
True,1.7750285366236,0
True,1.83724112066483,0
True,1.29804852683179,0
True,1.73682414417654,0
True,1.46968610320549,0
True,0.935790364925475,0
True,2.11210112606061,0
True,3.54580804941675,0
True,4.42241267069517,0
True,2.04952533173363,0
True,1.27588383936413,0
True,2.0965024271883,0
True,2.03411041204799,0
True,2.13416970042516,0
True,1.06535702242558,0
True,2.83241116009841,0
True,1.99667063681068,0
True,2.01092617077191,0
True,1.31422514815616,0
True,1.28416486889507,0
True,1.44674647071583,0
True,1.40819725536883,0
True,1.69463232270948,0
True,1.25390014906153,0
True,1.3985241330844,0
True,0.72054204376386,0
True,1.92325279275661,0
True,1.647924722439,0
True,2.15662719620091,0
True,2.17092839175194,0
True,0.758132798918581,0
True,2.47212509404532,0
True,2.8144831433237,0
True,1.25242639909302,0
True,1.83399852550608,0
True,1.15996437615217,0
True,2.20723508855692,0
True,1.49336638120947,0
True,2.26148644609523,0
True,1.51665161119003,0
True,0.7968376573103,0
True,1.24500850159778,0
True,1.33842911250724,0
True,1.51068778112895,0
True,2.35855842062713,0
True,1.65678265901447,0
True,0.96916434590765,0
True,2.52698236386135,0
True,2.52050101349388,0
True,1.25988056852418,0
True,2.43425868653648,0
True,3.14003721430614,0
True,3.56588971203366,0
True,4.24741601759146,0
True,1.55716975882429,0
True,0.707640171427143,0
True,1.5313037936198,0
True,2.17241474731074,0
True,1.82720239030452,0
True,2.88245622756694,0
True,1.24572304021731,0
True,2.49936222321171,0
True,1.41753880846056,0
True,2.30277191007051,0
True,2.971341771381,0
True,2.14185148866272,0
True,3.46595652542322,0
True,4.27581681923779,0
True,0.811724155146045,0
True,3.63743662289016,0
True,2.84027700024024,0
True,2.1180482361486,0
True,1.14261093238239,0
True,1.28902774120931,0
True,1.80713188731506,0
True,1.56416602811639,0
True,4.07180099097539,0
True,3.60235404044299,0
True,3.63619301404608,0
True,1.71550997872535,0
True,2.2794743260702,0
True,2.56929241721358,0
True,2.43238385469877,0
True,1.96236764560192,0
True,1.39468318236648,0
True,1.55857375798415,0
True,1.86873680059509,0
True,1.75728471822581,0
True,0.915887912823124,0
True,2.94842032217538,0
True,2.54259356672025,0
True,3.51119912193729,0
True,2.31379524617042,0
True,2.03343946504022,0
True,1.2162413223523,0
True,2.44137864067736,0
True,2.15263740672925,0
True,1.12528106345626,0
True,3.74805638616581,0
True,1.94399184733601,0
True,1.16697233235514,0
True,1.94265346895815,0
True,1.63359172100199,0
True,2.55958518579584,0
True,2.01872999652613,0
False,1.46356145234842,0.000126662726096463
True,0.951739960703325,0
True,2.30355395794099,0
True,2.24931564431777,0
True,2.91776028513185,0
True,1.59393509459888,0
True,2.0992778040412,0
True,3.10675043639477,0
True,1.5321924968619,0
True,3.16163403665392,0
True,2.00772269222362,0
True,2.78402173285619,0
True,1.38364273212099,0
True,0.914633471894087,0
True,2.07799693733007,0
True,4.18912327463148,0
True,1.7279659959256,0
True,3.50603343363099,0
True,2.09827111278244,0
True,0.773355573512632,0
True,1.38058136136458,0
True,1.15744337834126,0
True,1.14012481252617,0
True,3.19750439812423,0
True,1.83110907367066,0
True,1.85225789638789,0
True,1.72579108306957,0
True,1.85490007783021,0
True,1.6917689021056,0
True,2.63814640908127,0
True,2.81007354738745,0
True,1.05656860513732,0
True,1.87825561677076,0
True,1.64690792847957,0
True,2.06776503957147,0
True,1.61853905881096,0
True,2.75084032418446,0
True,4.27532910783554,0
True,1.28332893984613,0
True,2.68624749713187,0
True,0.914977715383378,0
True,3.36449863741456,0
True,1.93581388891841,0
True,3.01879621103152,0
True,1.79052034230905,0
True,3.34877828937639,0
True,2.82796567732719,0
True,2.86821716663013,0
True,2.28019477523308,0
True,2.1840806827274,0
True,2.90504761818477,0
True,1.55475420110586,0
True,0.936744383599381,0
True,2.04780903687176,0
True,1.39156045148568,0
True,1.72122362982994,0
True,2.64723038423959,0
True,1.19502258240885,0
True,0.975876807952738,0
True,1.75517880238372,0
True,1.67851547586327,0
True,2.2186190555335,0
True,1.12367401170147,0
True,0.584720030780759,0
True,2.32992185736038,0
True,2.20499268531888,0
True,2.08275382354911,0
True,2.06595706500803,0
True,1.78623945816425,0
True,4.22654261048709,0
True,1.99976930082804,0
True,2.70912225751174,0
True,2.34644735277054,0
True,1.23175658059732,0
True,1.39773014819964,0
True,1.19863750804884,0
True,0.709214852506945,0
True,3.22530051240837,0
True,1.55331254609888,0
True,1.71891300200674,0
True,1.68320284901513,0
True,1.34849823825893,0
True,1.55642379071945,0
True,1.80369714683949,0
True,1.77014275365267,0
True,2.38578721156972,0
True,1.92837332187076,0
True,0.970602550912598,0
True,1.60412249058889,0
True,1.62245134156927,0
True,2.53148251414707,0
True,2.45200674583681,0
True,2.07127098256452,0
True,2.50512158667332,0
True,1.58176902118156,0
True,1.84135059510301,0
True,2.67751113840723,0
True,2.8984164672329,0
True,1.82203261866737,0
True,2.3907094017254,0
True,0.812963628565145,0
True,2.0933674397653,0
True,1.39004272548539,0
True,1.69011123907532,0
True,1.99759579033187,0
True,1.02816806544206,0
True,2.73726674215768,0
True,0.836567384479951,0
True,2.51971438267391,0
True,3.02005489221893,0
True,2.59464327392962,0
True,1.08513806649445,0
True,2.19460411702107,0
True,1.0197287350466,0
True,1.56763668690693,0
True,1.16758420871049,0
True,3.01336916991314,0
True,2.10004302944088,0
True,1.41797819415891,0
True,2.18895696728705,0
True,0.884168422918023,0
True,3.94987055420474,0
True,1.05359519947236,0
True,2.23503637502126,0
True,1.27291912971687,0
True,2.70710275336619,0
True,1.85401504181751,0
True,1.40247345851329,0
True,2.19327433106056,0
True,1.53208520475838,0
True,3.41856804114879,0
True,4.1451407974673,0
True,3.65296279812463,0
True,1.5045837140458,0
True,1.57094800273869,0
True,1.3183739140767,0
True,2.05527224391811,0
True,1.99003481860024,0
True,1.97298142989596,0
True,1.96139024629299,0
True,2.05536002547742,0
True,0.862170446816306,0
True,1.31433251331651,0
True,2.2076511228581,0
True,0.995492605397409,0
True,1.35107065292022,0
True,2.23643466129549,0
True,0.885532012561604,0
True,2.7589038154536,0
True,1.38390794450044,0
True,2.20430735523056,0
True,2.29664865379059,0
True,3.10706983211713,0
True,1.54143997523334,0
True,1.02156927140191,0
True,1.53475496061785,0
True,1.36767110846198,0
True,3.29151647737439,0
True,0.925515932059133,0
True,1.45605484853321,0
True,1.57704760115078,0
True,1.3077841547794,0
True,1.04759504623115,0
True,1.21954050989192,0
True,2.02196805785783,0
True,3.34014548779984,0
True,2.46525799542769,0
True,1.78396457348825,0
True,1.81086005251564,0
True,1.45115616257364,0
True,2.16865994164172,0
True,0.853242403245108,0
True,1.73021054152698,0
True,2.56827820525171,0
True,1.70068805888595,0
True,3.87542153973858,0
True,0.718097032949643,0
True,2.32691314438963,0
True,1.30620747582924,0
True,1.15163534609537,0
True,1.90082401614415,0
True,2.00432827772642,0
True,1.43583050451767,0
True,2.86961089994388,0
True,3.14520808765981,0
True,1.78264748718059,0
True,2.15181663284211,0
True,1.86389762153964,0
True,2.74655466677778,0
True,3.23040290658427,0
True,0.602562634632711,0
True,2.48294674751154,0
True,1.55504070434954,0
True,1.62644711911077,0
True,2.56591448670661,0
True,0.898895234685108,0
True,2.17606115805916,0
True,2.89906426007072,0
True,2.13795786198056,0
True,1.97666677848091,0
True,1.54967286273073,0
True,0.976232693323601,0
True,1.25550174646835,0
True,1.91195393837888,0
True,2.19242528747802,0
True,2.64071632790081,0
True,1.50482939390869,0
True,2.15368693731222,0
True,1.60814623393931,0
True,1.99987060123344,0
True,1.74692535356695,0
True,1.24728236679319,0
True,2.38033037446284,0
True,1.75916416193982,0
True,1.33969630643964,0
True,2.24157793892734,0
True,2.4805928577808,0
True,2.34564224847807,0
True,1.69841743061189,0
True,1.10645598420873,0
True,1.67681502595282,0
True,1.82465835561549,0
True,1.19941980890169,0
True,1.71405546667207,0
True,2.28696080163723,0
True,1.17806410288602,0
True,1.90000339193227,0
True,2.20626284729484,0
True,1.71746654812515,0
True,2.75411319894523,0
True,0.852127049408298,0
True,1.28463508403747,0
True,0.914964200704307,0
True,4.10035483750693,0
True,3.45106274104942,0
True,1.06522166911359,0
True,1.71790977792201,0
True,4.08583597507608,0
True,3.04104245328698,0
True,1.87341691093777,0
True,1.90790758983834,0
True,1.79688136825138,0
False,2.8152529009384,0.000374688307968412
True,3.15275115413674,0
True,1.38566998010391,0
True,1.31597808559719,0
True,1.14769075448311,0
True,3.03466627875801,0
True,2.20089033349536,0
True,1.13741448048941,0
True,2.21420080317639,0
True,1.17617230285919,0
True,1.42186271767497,0
True,1.6660358895832,0
True,2.52917762351622,0
True,2.54830541351354,0
True,3.10643841214091,0
True,0.90365686247591,0
True,0.470208415455235,0
True,1.43377170508582,0
True,1.89353878862336,0
True,1.62437896003811,0
True,1.53676553717631,0
True,2.63384333756,0
True,2.46513815133663,0
True,1.06880556894331,0
True,2.43554321995972,0
True,4.13372736539835,0
True,2.49086439765591,0
True,1.45141991944003,0
True,2.75137892433542,0
True,0.895477643621309,0
True,0.685816325444873,0
True,2.13453791827435,0
True,1.84950817957974,0
True,0.871905468402977,0
True,3.53536124048124,0
True,2.66924317645207,0
True,2.10500862057606,0
True,2.68112185638469,0
True,4.2808589267085,0
True,1.92087286888942,0
True,1.35874884064202,0
True,1.93472731518915,0
True,4.21067236440114,0
True,1.72869500161357,0
True,1.65156939632861,0
True,2.80450527493932,0
True,3.06033717230371,0
True,2.8420070305476,0
True,1.28148604241518,0
True,2.07991941211626,0
True,1.03366726132224,0
True,1.40801210618928,0
True,1.99785785491384,0
True,2.14650804537518,0
True,2.29254291425291,0
True,1.65250231650848,0
True,0.862518929751758,0
True,2.2430627525888,0
True,2.09066481884528,0
True,1.00974051402445,0
True,1.55154762643355,0
True,0.89928823603399,0
True,1.50013576569811,0
True,2.24769771221581,0
True,1.93538416575407,0
True,3.07913590718662,0
True,1.28549172743534,0
True,2.34067165099555,0
True,1.59341599549744,0
True,1.36052989681497,0
True,1.23658429709456,0
True,2.01741078365986,0
True,1.81155919554576,0
True,2.2813962111793,0
True,1.62104142433605,0
True,0.963474906468193,0
True,1.09393626882184,0
True,0.711335061535389,0
True,1.76576903570579,0
True,2.25922064741708,0
True,1.23512398607172,0
True,3.28641477567929,0
True,3.78689256011535,0
True,3.83496024987093,0
True,2.30275841838902,0
True,1.41365855436519,0
True,1.08432570015474,0
True,1.40025759048518,0
True,1.54546531896657,0
True,1.5852195315265,0
True,2.79209024271618,0
True,1.44330432164308,0
True,3.85611167347449,0
True,3.06276848345482,0
True,1.12670964092349,0
True,1.0976699637705,0
True,0.661291814593525,0
True,1.72560177679457,0
True,1.43451287360601,0
True,1.55091569061065,0
True,1.04635470313171,0
True,3.38101745801179,0
True,1.12479714127531,0
True,1.65331557955427,0
True,2.10917477720879,0
True,2.96336678884071,0
True,1.17336192809303,0
True,2.34502145298297,0
True,3.24211517924174,0
True,2.39012455239518,0
True,2.14849154258412,0
True,1.51433347653355,0
True,1.22613459083953,0
True,2.32006156233383,0
True,1.07861873551197,0
True,1.50549234327734,0
True,2.26328199361192,0
True,2.72280558443472,0
True,2.21712778567379,0
True,1.96544383396524,0
True,3.22475109984186,0
True,1.82082018333289,0
True,4.20739100766771,0
False,4.63598459038095,0.00144530684413611
True,3.81634123017726,0
True,2.60994982566428,0
True,2.17148615431723,0
True,0.486660414030638,0
True,2.90603973821983,0
True,2.54221201068636,0
True,1.26984298494887,0
True,1.89222380986361,0
True,3.8521039200789,0
True,1.60590353128667,0
True,1.54148151688465,0
True,1.92749747281748,0
True,2.10888521786833,0
True,3.23028476831182,0
True,0.888565313487071,0
True,1.126149794337,0
True,2.15091515198842,0
True,1.17250822688113,0
True,1.40374976190638,0
True,1.74675517524941,0
True,1.60352559772319,0
True,1.01163722327079,0
True,4.15005371839049,0
True,2.7778455959041,0
True,1.37926879503786,0
True,1.67796777056519,0
True,1.39311102911865,0
True,1.9387109557893,0
True,1.70916295631232,0
True,2.18894437717221,0
True,2.45433687381091,0
True,1.18808177323205,0
True,2.72073614612609,0
True,1.89692085762025,0
True,2.06349615782026,0
True,3.05396307898847,0
True,2.41505652421741,0
True,1.56468137234384,0
True,2.66320126864235,0
True,1.77147221937754,0
True,1.37120958549288,0
True,1.40394947905028,0
True,2.13597970646453,0
True,2.33482177437859,0
True,1.40467576447792,0
True,2.87825517211714,0
True,4.61380250824559,0
True,1.63871876319972,0
True,2.08411916253945,0
True,2.76309598456826,0
True,1.40758794546028,0
True,2.28706674804419,0
True,0.934622039680069,0
True,3.44904781303445,0
True,3.6812967699077,0
True,1.97587809033536,0
True,1.43328345941664,0
True,1.69814271614771,0
True,1.32588179243405,0
True,2.42738693742601,0
True,2.18283574284043,0
True,3.84915270858342,0
True,3.84535594052506,0
True,1.19941714434149,0
True,1.00392354242572,0
True,3.60851244975915,0
True,3.92249538661749,0
True,0.766463186610065,0
True,3.73789747679338,0
True,0.916629469660053,0
True,1.93042226705089,0
True,1.48270990444564,0
True,1.74492577379603,0
True,1.7861120358119,0
True,2.39033496401401,0
True,1.33038506982375,0
True,1.24219175681994,0
True,1.57512317137272,0
True,1.25639251932448,0
True,2.61228896021591,0
True,2.0885174790094,0
True,1.79305564059438,0
True,1.65712034377262,0
True,2.08198747098336,0
True,2.66415114788904,0
True,1.44057768826495,0
True,1.53521238175016,0
True,4.00403793236518,0
True,2.73019386718283,0
True,1.39710252103466,0
True,1.82629786261586,0
True,0.616334398387238,0
True,1.75314155351189,0
True,1.36261941579836,0
True,1.88078440011458,0
True,2.26872848844621,0
True,3.50705435290483,0
True,1.61392647031092,0
True,2.14237815578567,0
True,2.67438199530594,0
True,1.13340483673909,0
True,1.57720523054986,0
True,1.96673437347068,0
True,2.52003657902156,0
True,1.52925050103055,0
True,2.40451315531903,0
True,1.8434062382201,0
True,0.863051367981115,0
True,2.99042860551659,0
True,0.864264673933181,0
True,2.06666968320897,0
True,3.09134388565948,0
True,1.7580305863885,0
True,1.68357434114635,0
True,1.52426964588335,0
True,3.31843753643917,0
True,2.50958570159615,0
True,2.56447303233676,0
True,1.916149513586,0
True,2.140360890763,0
True,2.00340567766712,0
True,1.99729012498282,0
True,0.821307307676488,0
True,3.98464386854562,0
True,3.11811874788975,0
True,2.70516269195256,0
True,2.26650718914174,0
True,3.06617638133866,0
True,3.24574745696515,0
True,3.45309932384265,0
True,1.01301390453164,0
True,3.82251014157249,0
True,2.42617530944984,0
True,2.97930634719831,0
True,2.51979675400119,0
True,1.99091901186527,0
True,2.99900112336404,0
True,2.98304300391807,0
True,1.08411260909904,0
True,0.815527118858424,0
True,1.99464911991819,0
True,2.29240845709598,0
True,1.49927976758292,0
True,0.489819397671766,0
True,1.35318122498133,0
True,2.34398355163329,0
True,1.80094611756271,0
True,1.37505117500632,0
True,0.938608506929309,0
True,0.964977075436282,0
True,1.64864142569102,0
True,1.10732486491905,0
True,1.15488471215128,0
True,1.43762273463037,0
True,1.54953595453287,0
True,2.71179380432938,0
True,3.76506130509607,0
True,2.94039221728637,0
True,1.3531702297192,0
True,1.62705383767494,0
True,2.18876739432569,0
True,1.35228417042069,0
True,1.34083482872413,0
True,0.830379722466486,0
True,1.6344462087585,0
True,1.09044033544789,0
True,1.17818547357086,0
True,1.04593596430688,0
True,1.02183128378312,0
True,1.70902914758143,0
True,2.02160435292451,0
True,0.668377988074725,0
True,1.15017153235793,0
True,4.25607809846452,0
True,1.42010370549706,0
True,1.76483718321997,0
True,1.13697939405314,0
True,1.65549372918922,0
True,2.04959899129835,0
True,1.63625613169428,0
True,1.08394919862653,0
True,2.20999614110388,0
True,2.50216998200112,0
True,1.26021540544415,0
True,1.76983238679362,0
True,1.64619452977202,0
True,3.53148521957271,0
True,4.11998314407461,0
True,2.88054404599629,0
True,1.58336858959655,0
True,1.58796455173481,0
True,1.84354874117286,0
True,0.777921617856371,0
True,0.981332062545845,0
True,3.10391553375947,0
True,2.56215379130593,0
True,2.81285995416374,0
True,1.28440028040654,0
True,2.34412765385327,0
True,2.37129124852482,0
True,1.70275073874599,0
True,0.854591167544034,0
True,2.66643634087377,0
True,2.38644600440798,0
True,1.22557987920223,0
True,2.93670865004661,0
True,1.71069765682734,0
True,3.35844461218516,0
True,3.53752456751184,0
True,1.41946817846813,0
True,1.38054726997825,0
True,1.67749074834154,0
True,3.92422559917321,0
True,1.02835071627904,0
True,2.94045418439283,0
True,1.54179041246213,0
True,3.84996560740606,0
True,1.6837773106083,0
True,1.28941167534353,0
True,1.08016536687438,0
True,2.50169962647287,0
True,2.21144514974103,0
True,1.05596716638049,0
True,0.962246552609838,0
True,1.64071282455495,0
True,1.86652773169419,0
True,1.4757904878133,0
True,1.91264973412084,0
True,3.20243411761133,0
True,0.876154372664474,0
True,1.18557250951124,0
True,2.23363614306955,0
True,1.66107041184205,0
True,1.38470529420597,0
True,1.3048443616576,0
True,0.905843865513809,0
True,3.23147068655566,0
True,1.08534606801447,0
True,1.76098030285801,0
True,1.01412021761451,0
True,1.2589635407126,0
True,1.27527885337756,0
True,3.4208397217751,0
True,2.18293933222936,0
False,4.29699910043011,0.000280113209003852
True,1.13864870758323,0
True,2.23592615075463,0
True,3.73837488963374,0
True,3.17305358402693,0
True,1.85422427809634,0
True,2.10121818122225,0
True,3.08842427685794,0
True,2.35797189416089,0
True,3.55402965465349,0
True,3.55371464327296,0
True,3.31740834576612,0
True,3.43541550302268,0
True,1.54399914247384,0
True,2.74762320363953,0
True,1.08133490118281,0
True,0.744817409889739,0
True,1.53359267844927,0
True,2.64427082432626,0
True,0.799930353693915,0
True,2.64566895277113,0
True,2.36003918478813,0
True,2.41464036993212,0
True,1.77637754939076,0
True,0.944087790527052,0
True,2.35727480221182,0
True,2.07709086549397,0
True,1.59562617092815,0
True,1.89266192183267,0
True,0.96698586620898,0
True,2.2411646838751,0
True,1.9775323238102,0
True,1.97606805377906,0
True,1.10226608910672,0
True,1.08893920479407,0
True,1.52514364047871,0
True,1.93194918685737,0
True,1.84312762598665,0
True,0.873690062928981,0
True,1.11813575855383,0
True,3.5166195737593,0
True,4.11628143318637,0
True,0.873139294471479,0
True,2.04731557172409,0
True,2.12972263252445,0
True,2.13608922442865,0
True,0.90849092673129,0
True,2.83046537871313,0
True,3.45917879658093,0
True,1.4247130581887,0
True,2.30677303065106,0
True,1.88455375525881,0
True,1.87482217728441,0
True,2.01527862901256,0
True,2.53856675808591,0
True,2.69178951892631,0
True,2.38951963484414,0
True,2.07073495334026,0
True,1.4602034752022,0
True,2.4141345006006,0
True,1.85753607039146,0
True,2.91635987797694,0
True,1.9658467429891,0
True,0.959677071574732,0
True,2.19662409428752,0
True,1.5157082751267,0
True,2.67866235897494,0
True,1.34256204847159,0
True,1.12645292572259,0
True,2.2651826463422,0
True,3.32705133996691,0
True,3.7849726298346,0
True,2.04803860900387,0
True,4.08864017058189,0
True,3.3105883791345,0
True,2.46985003670249,0
True,2.40581366489089,0
True,1.90595847108074,0
True,2.07086206754213,0
True,2.33080077134882,0
True,3.84171468876132,0
True,2.49282101524093,0
True,1.1230132281651,0
True,1.20236566914249,0
True,2.26878971053827,0
True,3.48620043024214,0
True,3.98880508048064,0
True,0.99507948302281,0
True,1.48298713180521,0
True,1.40018233910254,0
True,0.988030991462324,0
True,2.17043241819818,0
True,1.56739551315016,0
True,2.47546902174918,0
True,1.07936706583735,0
True,1.12717251895945,0
True,3.73203133649885,0
True,2.34524856936393,0
True,2.63987785223057,0
True,1.18999645642817,0
True,1.73476615396827,0
True,1.43747813864311,0
True,1.82344181501099,0
True,1.67117899465479,0
True,1.33428569865053,0
True,1.82858366395165,0
True,2.51724713258614,0
True,1.15566941141769,0
True,2.01796651435206,0
True,1.92892370646938,0
True,1.1522077980619,0
True,2.08093182465467,0
True,1.58480632972551,0
True,2.94672423779664,0
True,3.5951879738973,0
True,1.89336484153163,0
True,1.98025209219407,0
True,2.08852081967279,0
True,2.44232717112265,0
True,0.793391693349217,0
True,1.2460523360474,0
True,1.04131463827273,0
True,1.67579848571243,0
True,1.52018181521059,0
True,1.66132489945883,0
True,2.03370052705942,0
True,2.18013373310471,0
True,1.56491511018286,0
True,1.24068981696099,0
True,2.13014590980433,0
True,2.2367440002306,0
True,1.20520584007252,0
True,1.11438287757824,0
True,2.34766884672966,0
True,2.96028325485087,0
True,1.2273041648082,0
True,1.32420852649661,0
True,1.4558763591618,0
True,1.78071442027089,0
True,1.8037795362272,0
True,2.28270635501575,0
True,4.34460106194338,0
True,4.11144331413649,0
True,2.41025268531238,0
True,1.54606262224817,0
True,0.282333028999036,0
True,3.32358108413193,0
True,1.56195766088834,0
True,2.81274040957867,0
True,1.41092953734066,0
True,1.05073996678379,0
True,0.964078212610858,0
True,1.1668700329518,0
True,2.2576573833631,0
True,2.20375439572861,0
True,1.7776925583381,0
True,1.43685504760469,0
True,1.75576141183603,0
True,2.39634037241941,0
True,3.81186207159635,0
True,2.50384608833608,0
True,2.5186245972227,0
True,1.33596880677683,0
True,1.43145976183626,0
True,1.56391973882869,0
True,2.14348137269723,0
True,2.23035551321188,0
True,2.4181563817075,0
True,2.78689737258563,0
True,1.48235494785368,0
True,2.12054037376528,0
True,1.07383723092739,0
True,1.68520938343332,0
True,4.03947315975881,0
True,2.77930754437641,0
True,2.77697128357866,0
True,2.4109727602869,0
True,1.6332594127243,0
True,1.37911436709825,0
True,2.0226536124888,0
True,1.43777674788007,0
True,3.00583618260487,0
True,3.19138122281727,0
True,2.0264740493783,0
True,1.34539597070866,0
True,2.39581042115004,0
True,2.70943627434339,0
True,3.04132380034671,0
True,2.34379992954066,0
True,2.97508456497381,0
True,3.19235379000616,0
True,2.87846231757876,0
True,3.33709734365091,0
True,1.53992499052912,0
True,1.60544417716782,0
True,0.715519385334648,0
True,1.39382281472495,0
True,1.42713240884987,0
True,1.56604620108371,0
True,1.78240634948445,0
True,1.36271522507979,0
True,2.04144018130213,0
True,1.64380443414354,0
True,2.47696261149101,0
True,1.0142673541185,0
True,1.28445143972951,0
True,1.28470822122415,0
True,1.31265261917236,0
True,3.33080144651082,0
True,0.823998333166604,0
False,1.4031960978584,0.000135333352940286
True,3.88477884995408,0
True,2.8230126679655,0
True,1.08711282556972,0
True,1.30365793044619,0
True,2.37657452984718,0
True,0.836103986606534,0
True,2.31276743982433,0
True,3.00658211561357,0
True,1.15278506194159,0
True,1.94495422414244,0
True,2.21015143770801,0
True,1.16871821350825,0
True,3.71570713090637,0
True,1.86777138717185,0
True,1.14202576042494,0
True,1.61482437867576,0
True,1.30595226659817,0
True,1.86332777957998,0
True,2.22896321903217,0
True,2.60125748438024,0
True,2.45348469704441,0
True,1.74756191365914,0
True,2.41876465869189,0
True,2.39315064787668,0
True,0.719198296051635,0
True,1.73049689884631,0
True,3.27303781289538,0
True,1.92456039776235,0
True,4.2824670411292,0
True,1.96903070072717,0
True,0.930923907220825,0
True,1.41074165835797,0
True,1.36024618115944,0
True,1.42886651873883,0
True,2.49476495149921,0
True,1.47551912946376,0
True,1.44553890967433,0
True,1.5156750351149,0
True,2.17824534750055,0
True,2.30745149319873,0
True,2.2654703781316,0
True,1.63600727990242,0
True,2.03419694627117,0
True,2.55299817917025,0
True,1.65542493525058,0
True,0.829549364495995,0
True,3.30206093392323,0
True,1.87828315390201,0
True,2.22875804968806,0
True,2.16120952801499,0
True,1.67799135088983,0
True,2.35240249118844,0
True,3.41793742571876,0
True,1.42429031121941,0
True,1.7441050731461,0
True,2.17012835162436,0
True,4.35701942511675,0
True,1.7647977186758,0
True,2.82117273784141,0
True,1.5290715924308,0
True,4.04956167082686,0
True,3.44654271891898,0
True,1.3731616971914,0
True,1.70507295046788,0
True,1.02119931007971,0
True,1.99352655032222,0
True,2.90262113202754,0
True,1.34361731623224,0
True,2.85529508639169,0
True,2.847064614237,0
True,2.04484452585122,0
True,0.835212554459706,0
True,1.13461979218834,0
True,3.18911908007546,0
True,2.06720943565246,0
True,1.45360842822292,0
True,0.999181717776516,0
True,3.44221672268608,0
True,1.33985724276339,0
True,0.921975103187752,0
True,3.51358097100136,0
True,2.3087669837668,0
True,3.29152925892134,0
True,1.31008388865289,0
True,1.61492854466049,0
True,3.14420263983219,0
True,1.18635310441734,0
True,2.00376939375862,0
True,3.46155891598453,0
True,1.7863200069248,0
True,2.21544312597121,0
True,1.80849208993085,0
True,0.864886873777288,0
True,1.92729783247184,0
True,1.27980496381236,0
True,1.04798600369713,0
True,1.65464299273032,0
True,2.17119775091537,0
True,1.41554907465529,0
True,1.97441492815805,0
True,1.68127204586553,0
True,3.43489697589294,0
True,1.62898367465814,0
True,1.95544139326294,0
True,2.38317050741655,0
True,0.589952999125749,0
True,3.91682023200623,0
True,3.59598627030873,0
True,2.48390827673301,0
True,1.43785997542322,0
True,1.22798620867284,0
True,2.67186812932252,0
True,2.61232788066294,0
True,1.42349857764295,0
True,1.15248616609915,0
True,1.66181053827671,0
True,1.39767017677182,0
True,1.3473347464049,0
True,1.3778755826859,0
True,1.38188999081541,0
True,1.5593380607643,0
True,1.12517606145216,0
True,2.56419564061439,0
True,1.13235769170274,0
True,0.987660447545933,0
True,1.89541458093325,0
True,1.33305398506267,0
True,1.64805738020167,0
True,0.919937196175205,0
True,2.42022162944416,0
True,1.33580304230977,0
True,1.77373556038397,0
True,2.66413581325291,0
True,2.23573383760813,0
True,1.78299411471776,0
True,3.33950038109023,0
True,2.05674166169909,0
True,1.79502030714094,0
True,2.03256956691399,0
True,1.5208801408543,0
True,1.86917848898739,0
True,3.57705074671571,0
True,3.35343238793725,0
True,1.23539988976211,0
True,1.39296126065605,0
True,1.16877654514575,0
True,1.40091212295454,0
True,1.4020257784312,0
True,0.948980900678638,0
True,2.05744231964132,0
True,2.85943867575748,0
True,1.23444992314786,0
True,0.998573056186889,0
True,1.27658833502659,0
True,1.66699651384406,0
True,1.24975391324562,0
True,0.974862973656041,0
True,2.36353095138239,0
True,2.1631426734782,0
True,1.60458969857975,0
True,1.12656695476511,0
True,1.74014250112386,0
True,2.14605011951236,0
True,2.5993451777669,0
True,0.93682593979806,0
True,1.08806881251084,0
True,2.77677841994868,0
True,2.67745488198059,0
True,2.82838233677692,0
True,2.51749421568177,0
True,3.32403854889996,0
True,2.11497801443442,0
True,1.43765136413218,0
True,1.18024977213679,0
True,2.08093760166256,0
True,1.53970100988529,0
True,0.784819472088481,0
True,1.17778758976957,0
True,2.33775903356982,0
True,3.34666734964758,0
True,1.42696258347902,0
True,1.34598709826096,0
True,0.985535967698082,0
True,0.556450643382082,0
True,1.3727660212443,0
True,1.6942433353261,0
True,1.63580231005949,0
True,1.60649129595162,0
True,1.40535598542245,0
True,1.05351293504349,0
True,1.43400527480945,0
True,2.24899681060436,0
True,2.71719112932076,0
True,2.24323512745274,0
True,2.56598116764897,0
True,3.77318924619478,0
True,1.66834388598381,0
True,2.321102898227,0
True,2.26555043975967,0
True,1.51576270944952,0
True,1.16644030012059,0
False,2.04685083266754,0.000205314333887141
True,1.3409560622269,0
True,1.58242082435801,0
True,1.73383182937122,0
True,1.24702382339727,0
True,1.06405532015322,0
True,0.884082158130891,0
True,0.966421435956351,0
True,3.23533280566688,0
True,2.87920809431986,0
True,1.96413411718705,0
True,1.61321539234095,0
True,1.14960320320986,0
True,1.37377024106683,0
True,1.89651045079967,0
True,1.77826148059468,0
True,1.57290263734359,0
True,2.57591872090969,0
True,3.27923018222918,0
True,4.49884480704559,0
True,4.50757595164163,0
True,3.85173705675162,0
True,3.94872183061339,0
True,3.22236845223754,0
True,1.31273422423805,0
True,1.78661096108323,0
True,1.45022484284084,0
True,1.33956184743311,0
True,1.83879392251487,0
True,1.29406950261774,0
True,1.30207131922365,0
True,1.79501981910416,0
True,1.70528089243233,0
True,3.43868560685358,0
True,3.78517500002575,0
True,0.836996359609926,0
True,2.15779098913216,0
True,2.9862975394242,0
True,1.75222153438262,0
True,1.93336361761301,0
True,0.776345183535399,0
True,0.848621888542791,0
True,0.877354511249388,0
True,0.952046694334667,0
True,0.941283904609948,0
True,1.33580916780818,0
True,1.60791681226275,0
True,1.55457444840051,0
True,1.50390099040037,0
True,1.02965962566625,0
True,1.136664894032,0
True,1.71082310690278,0
True,2.41381794319985,0
True,2.40409017022659,0
True,0.913592735348245,0
True,4.28888842307038,0
True,3.18987435245881,0
True,1.11417908908183,0
True,1.4414725403229,0
True,1.79915950040333,0
True,3.68735581532901,0
True,3.75996707961543,0
True,1.54296443612808,0
True,2.36497712094933,0
True,3.69051035550048,0
False,2.41361035503979,0.000110926229502322
True,1.01889797610577,0
True,1.3382817840853,0
True,1.66276178851291,0
True,0.999783679638107,0
True,2.15953084697903,0
True,2.35323281440959,0
True,1.78361501049476,0
True,1.20915279608768,0
True,1.59503141132783,0
True,0.949566726011626,0
True,3.52878269541164,0
True,3.61196850116148,0
True,3.07095464763989,0
True,1.13865929016705,0
True,0.891579043588713,0
True,0.84477012835537,0
True,2.74793671047278,0
True,2.22046565658882,0
True,2.68779442882021,0
True,3.39280900171914,0
True,1.38767887407358,0
True,1.11068459094555,0
True,2.60384312560398,0
True,2.13994365201855,0
True,2.64769350288388,0
True,2.03110275561577,0
True,2.96741710625736,0
True,2.71836763163531,0
True,1.4397566551102,0
False,2.46664485196368,0.00013515392455332
True,2.57137761713212,0
True,1.73356448939254,0
True,1.4883262003385,0
True,3.26733781652953,0
True,1.68680172949066,0
True,1.29586478866383,0
True,3.48050591743265,0
True,0.927317243723347,0
True,1.46383789042717,0
True,1.42608784537881,0
True,1.79963252918741,0
True,2.39277092531749,0
True,3.88884566706801,0
True,3.13070463258234,0
True,4.26500698322166,0
True,2.48021074895341,0
True,1.94616444904024,0
True,2.12718446107338,0
True,2.82904489038728,0
True,2.26125210113532,0
True,0.759129839779984,0
True,1.71736846585754,0
True,1.15333634096845,0
True,2.39815876022048,0
True,1.44906674120913,0
True,2.20924381118283,0
True,1.46248733983684,0
True,1.99150180031055,0
True,1.19616292585584,0
True,0.675361053463844,0
True,2.53731832664047,0
True,2.07847384014017,0
True,1.61704844177085,0
True,2.22186533097489,0
True,1.18274706323139,0
True,1.04495324852907,0
True,1.17884472543212,0
True,2.17553356596722,0
True,1.57560164694693,0
True,1.33335911432627,0
True,1.21185390027449,0
True,1.59688143146655,0
True,1.13446243450614,0
True,1.86593321616833,0
True,1.17352050499003,0
True,2.9729464485526,0
True,1.62682240003058,0
True,0.626052645067296,0
True,0.941458725972419,0
True,2.9009900146707,0
True,1.19262383180213,0
True,4.14635190394672,0
True,2.86380402989335,0
True,2.40926021621919,0
True,1.38795195185004,0
True,3.03446250135972,0
True,1.59696301447107,0
True,1.07143551061906,0
True,2.3956806018181,0
True,0.748182034885713,0
True,1.32508190993161,0
True,2.48770243615876,0
True,2.74758309891051,0
True,1.64705022651782,0
True,1.1448698567956,0
True,1.29628610569138,0
True,1.64618809515876,0
True,1.654421959733,0
True,1.47289985663366,0
True,2.32196392195615,0
True,2.46181916716598,0
True,2.32730888759722,0
True,2.73956853993038,0
True,2.0348465254303,0
True,1.27014731986017,0
True,3.51798582944912,0
True,1.99959852332827,0
True,2.57909758407619,0
True,1.49497633296728,0
True,1.12773094503073,0
True,1.44029148213777,0
True,0.758906249834463,0
True,1.13601774766655,0
True,1.89412593950113,0
True,1.56786413062213,0
True,1.11948612664583,0
True,0.974183010186486,0
True,0.740454441664199,0
True,1.91628649916203,0
True,3.10496622092792,0
True,2.37798953827372,0
True,2.51142936931425,0
True,2.57351215845215,0
True,1.95128751207459,0
True,1.42437996757636,0
True,3.924262612554,0
True,2.05724544057579,0
True,3.93387055457432,0
True,3.61216323893366,0
True,3.50279129338623,0
True,4.53942779353794,0
True,2.10285772338531,0
True,1.84560728116869,0
True,2.62188401443574,0
True,2.57252155882467,0
True,1.61639895371301,0
True,1.79216476295061,0
True,1.14848022891885,0
True,1.96532347391796,0
True,0.926051312563154,0
True,1.48312540501328,0
True,2.51178188861013,0
True,1.91227732049678,0
True,1.47068046582353,0
True,1.27827746736469,0
True,2.27070545357795,0
True,3.76382508375951,0
True,1.62471916176941,0
True,3.27589595991052,0
True,2.43751656207196,0
True,2.05828784120536,0
True,1.73671745767978,0
True,0.627194134531791,0
True,2.6237752971456,0
True,2.51854890723269,0
True,1.48270214839661,0
True,1.1253548341825,0
True,1.441363401129,0
True,2.39423532714579,0
True,1.11785788678561,0
True,1.67950687047292,0
True,1.5474663115839,0
True,2.51107962959727,0
True,0.588343583577962,0
True,3.76945708328782,0
True,2.61497721575647,0
True,2.80863791389987,0
True,3.9897153721319,0
True,1.63419523556854,0
True,3.64733857638429,0
True,2.93775386310759,0
True,2.11672579726931,0
True,1.88656277914991,0
True,2.1802081508481,0
True,0.679140984677373,0
True,1.47744558835887,0
True,1.46821229793074,0
True,2.89125761788024,0
True,0.593364037323478,0
True,1.91792509860482,0
True,3.46845838793288,0
True,1.23084160524099,0
True,0.623822244109694,0
True,1.02245910085289,0
True,1.532568157171,0
True,2.64157588246347,0
True,2.54359746905204,0
True,1.97253628781657,0
True,1.3617957013002,0
True,1.70908694087397,0
True,1.51282090866306,0
True,1.04300470467409,0
True,0.85478224250424,0
True,1.43328808285067,0
True,2.31186329398373,0
True,1.48186047007852,0
True,1.76317964480503,0
True,2.48407367859253,0
True,3.03536550980055,0
True,1.82991108326548,0
True,1.85043260048528,0
True,3.34447210404975,0
True,1.51691560176301,0
True,0.928163770230336,0
True,1.23440676046681,0
True,0.651640676190324,0
True,2.08289979323277,0
True,1.73035805075215,0
True,2.69610078577626,0
True,2.75374418960845,0
True,2.73140847448826,0
True,1.62748286250326,0
True,2.23333207688111,0
True,2.24438351666696,0
True,4.69667376930482,0
True,1.85178407256963,0
True,1.66266352054654,0
True,1.49064710040474,0
True,1.25382715694468,0
True,1.9009948675182,0
True,2.65119031034441,0
True,1.02852427447811,0
True,2.87359419509481,0
True,1.46885765640944,0
True,1.84841154037304,0
True,2.18992802801239,0
True,2.29130532901855,0
True,1.15469590985626,0
True,0.865804398222869,0
True,2.23412091104283,0
True,1.80425345789231,0
True,1.56731014642092,0
True,3.10865074328598,0
True,2.55086282901639,0
True,1.90280872379871,0
True,0.760843419967197,0
True,2.56160633884698,0
True,1.91423410895791,0
True,1.11883269425685,0
True,3.78773529657403,0
True,2.68473374059164,0
True,1.85362771041937,0
True,3.21724789068936,0
True,0.890771829447032,0
True,1.37878870331922,0
True,2.12656015903127,0
True,2.66015632351376,0
True,1.39578824539123,0
True,1.57413141260728,0
True,1.76811089743956,0
True,4.29344251476823,0
True,2.61663217679813,0
True,2.17196777456577,0
True,1.36211974709778,0
True,1.20751071304671,0
True,2.39709849250315,0
True,2.48210026845189,0
True,1.38471032212961,0
True,1.65259173118291,0
True,1.88458882099367,0
True,1.26302093619192,0
True,3.46426289528893,0
True,0.797868060201588,0
True,1.68394539504772,0
True,0.803815483358584,0
True,1.78611063545495,0
True,2.55863793969016,0
True,1.03653700019956,0
True,1.03676907522353,0
True,2.00603191871656,0
True,0.859911322740344,0
True,1.37401441379291,0
True,1.32908199764757,0
True,3.30730862484722,0
True,1.55491854333101,0
True,1.61353828590971,0
True,1.21402543654283,0
True,2.386843113655,0
True,1.74890407439068,0
True,1.24155413578603,0
True,1.90124012049809,0
True,2.67824190438522,0
True,2.54407148232402,0
True,2.22016050146343,0
True,3.86290643932332,0
True,1.72321410663691,0
True,1.92887605538094,0
True,1.55490493135864,0
True,1.47417005755052,0
True,2.04299227572104,0
True,2.66401081401844,0
True,2.46449534160136,0
True,1.47101283095655,0
True,1.73810800667843,0
True,1.8013164230215,0
True,2.28591727694462,0
True,0.775014676581397,0
True,3.61045256841525,0
True,2.15542395238996,0
True,1.85546391632428,0
True,2.48498367303701,0
True,4.15141336405582,0
True,2.3994332345513,0
True,1.26311199958657,0
True,4.03201508774073,0
True,1.7724013136899,0
True,2.22162676638859,0
True,1.39776252938955,0
True,2.00464047534583,0
True,2.84294108927536,0
True,2.0405984652281,0
True,1.56302594846229,0
True,2.70277130492669,0
False,2.92134317840858,0.000164177601717829
True,2.78693567774316,0
True,1.71267949197247,0
True,2.07265981295195,0
True,1.19853075003979,0
True,1.03571376025791,0
True,2.17270647634712,0
True,3.99051808398466,0
True,3.20188469916189,0
True,1.65441922855515,0
True,0.747914242941222,0
True,2.65084134781951,0
True,3.20091275769573,0
True,1.3909224669002,0
True,1.34524391421533,0
True,1.41750593302684,0
True,1.21612396507633,0
True,2.21962881140752,0
True,1.11930112845227,0
True,1.28952854332993,0
True,2.22784616311581,0
True,1.10735437186042,0
True,1.99872731898948,0
True,1.89458334967315,0
True,1.27878295189103,0
True,2.5397046288385,0
True,1.43196770592866,0
True,1.96694664970851,0
True,2.91976069837242,0
True,2.266726739388,0
True,1.9812625173098,0
True,1.05878075378712,0
True,0.570359224929204,0
True,0.845318106758993,0
True,1.06787477436866,0
True,2.1198134365205,0
True,1.22670513326184,0
True,1.16384775719339,0
True,1.2133004366634,0
True,1.70116324610479,0
True,0.977479720664447,0
True,3.05416412446321,0
True,1.12246629863259,0
True,2.18227344449554,0
True,1.30657161592878,0
True,1.64200205518428,0
True,3.63655239291058,0
True,3.32492795714145,0
True,2.55197042142338,0
True,1.74910561795619,0
True,1.27898683609393,0
True,0.842600380739978,0
True,2.79337834556691,0
True,4.13363078829336,0
True,2.77489596939128,0
True,1.4775976155184,0
True,1.29556204362656,0
True,2.83755484250587,0
True,2.91767241296427,0
True,1.24254851394835,0
True,1.12007007482536,0
True,1.52937172657022,0
True,3.17178178687585,0
True,3.02273875776705,0
True,2.30243524440169,0
True,1.07870958303452,0
True,3.04551245352085,0
True,2.7005583618859,0
True,2.72067342855815,0
True,2.50525528273289,0
True,1.12253035956521,0
True,2.28496854685606,0
True,1.27881879416719,0
True,1.44865940463285,0
True,0.828256204042149,0
True,1.38305369221776,0
True,3.29599815684245,0
True,1.30266795376452,0
True,1.59870571344243,0
True,3.79931435656529,0
True,2.42807214559024,0
True,0.793972435310073,0
True,1.29069065057301,0
True,1.87069759391798,0
True,2.16184711832365,0
True,3.00038752522231,0
True,1.31646131307987,0
True,0.790671751859723,0
True,0.840971427209755,0
True,2.24281428985901,0
True,1.65979122244593,0
True,3.07963181164031,0
True,1.44181322040727,0
True,2.22126862366699,0
True,1.85477902879741,0
True,2.67314247907901,0
True,2.74747715778874,0
True,1.56391396676336,0
True,3.69225231303779,0
True,4.03439833152992,0
True,1.17851951387625,0
True,1.20139765851646,0
True,0.874838800962555,0
True,2.02077806116544,0
True,2.136010131135,0
True,1.71829629426847,0
True,1.57034024771041,0
True,2.79788221384476,0
True,1.21552776119173,0
True,1.62194294237013,0
True,1.27491642854103,0
True,1.79012829828951,0
True,2.39800138593995,0
True,1.69026091989228,0
True,1.01989743175155,0
True,0.785891031108336,0
True,1.49239409104469,0
True,2.24333127252391,0
True,2.24330871794212,0
True,2.4593673259712,0
True,1.24983464878617,0
True,1.76309563212069,0
True,1.89821087927559,0
True,2.31149759045143,0
True,2.24165315274151,0
True,1.70710202600565,0
True,1.44711685141163,0
True,3.84337901502579,0
True,1.41835848637625,0
True,1.25248264383603,0
True,2.7545916937184,0
True,2.93609514701191,0
True,1.75020126003907,0
True,1.24984521741166,0
True,1.98543773644047,0
True,1.8376045843739,0
True,1.85266146308302,0
True,1.10186104245764,0
True,3.54515169292697,0
True,3.55991392200621,0
True,1.09821971956202,0
True,1.39852938260212,0
True,1.12180395016125,0
True,2.24926555141595,0
True,0.815381232448322,0
True,2.2303591894301,0
True,2.55800533186386,0
True,2.3644186727194,0
True,2.45545496799039,0
True,1.38172882582313,0
True,1.26047264187372,0
True,2.99643909535858,0
True,3.84052838234192,0
True,3.20655403247856,0
True,1.19612931107741,0
True,2.38484151383462,0
True,2.28409154161547,0
True,3.0019990258211,0
True,0.730335298684103,0
True,2.17491637283377,0
True,2.04339692508913,0
True,1.4433989451213,0
True,1.57936639467518,0
True,1.4862091572272,0
True,1.17578626359788,0
True,2.96005745368315,0
True,1.16919458032628,0
True,2.44623105702704,0
True,2.37929374100075,0
True,1.69238509678877,0
True,1.67948356985095,0
True,1.26835499019817,0
True,1.8937909648277,0
True,1.45641307235291,0
True,2.78013356652336,0
True,1.29697467373758,0
False,1.97900835466901,0.000165491117729136
True,1.18422808076331,0
True,1.87726100352815,0
True,2.90025606404683,0
True,3.30102963952672,0
True,2.03113589269726,0
True,2.80261619108808,0
True,2.05718560105564,0
True,1.42825538074308,0
True,1.33851417795159,0
True,0.497527904510294,0
True,0.865917467258454,0
True,1.51068399796121,0
True,0.909810785214887,0
True,1.12342561102616,0
True,0.965231230060173,0
True,0.568833406644591,0
True,1.2494601702037,0
True,2.30032877695399,0
True,2.73757667881592,0
True,0.986131923288701,0
True,1.80482534094174,0
True,1.8535236106679,0
True,3.20898891388248,0
True,2.83390490162309,0
True,1.07048139741785,0
True,1.07566109533178,0
True,1.15350331414755,0
True,1.29655514576919,0
True,1.75372977961367,0
True,1.3058928576226,0
True,1.69054741415927,0
True,1.80646943525354,0
True,1.33599199123789,0
True,2.49518172320766,0
True,0.822824578699971,0
True,1.59433241315994,0
True,1.25858511213986,0
True,1.30692417023312,0
True,1.83642358253836,0
True,1.16669835035776,0
True,1.72245131554684,0
True,3.15527060288171,0
True,1.91663750103989,0
True,1.80690374799538,0
True,1.67276257755423,0
True,2.54452616450117,0
True,2.63331046715831,0
True,1.07971069733108,0
True,1.74772949592645,0
True,3.79801786390215,0
True,2.52196322694223,0
True,1.72448613774288,0
True,0.67277450182397,0
True,2.68768012660508,0
True,3.73370013802661,0
True,2.5379622156029,0
True,1.87003948666525,0
True,2.43237120992754,0
True,1.28088540502225,0
True,1.05150245224039,0
True,2.15236731917104,0
True,1.98724992789847,0
True,3.17026443449079,0
True,2.35255868514252,0
True,1.08756001648134,0
True,2.01448723032094,0
True,0.853719891290068,0
True,1.51231257292152,0
True,3.1748376769327,0
True,0.697603608629468,0
True,2.53838497241354,0
True,1.32551537259511,0
True,2.25825074587216,0
True,1.8251847094147,0
True,1.67398579044496,0
True,1.28293904038336,0
True,1.3822202074703,0
True,1.51289103858907,0
True,0.721161971021671,0
True,1.97722206716461,0
True,1.02007236029014,0
True,1.79706522264881,0
True,2.55980849716482,0
True,2.86092805549345,0
True,1.73638963339751,0
True,1.59828498564883,0
True,2.64328848129791,0
True,1.35778686393965,0
True,2.19792743562573,0
True,3.06953583860207,0
True,1.63559167221375,0
True,1.34454972898234,0
True,0.807956566030274,0
True,1.41349070759367,0
True,2.67228477045834,0
True,2.10032545379285,0
True,3.90076842568409,0
True,1.89792044115786,0
True,2.33541682203315,0
True,0.905063784183723,0
True,0.875021507712487,0
True,2.81236696223456,0
True,2.12090613439566,0
True,1.77728068589205,0
True,2.02841062287238,0
True,1.81174763164658,0
True,1.59399365228677,0
True,1.13375158113538,0
True,1.32804787725571,0
True,2.45729076371673,0
True,1.29532373892457,0
True,1.59673584134904,0
True,1.86625364250867,0
True,1.3302929509137,0
True,1.42687384393382,0
True,3.02756323156355,0
True,1.88715332535458,0
True,2.09640095532894,0
True,3.33964266092822,0
True,0.970553626830588,0
True,3.20891428077123,0
True,1.84601218655448,0
True,2.52134290756016,0
True,1.86921348412215,0
True,0.880258808140422,0
True,0.719190044949695,0
True,1.4945385964552,0
True,1.73182089653637,0
True,1.11166123911133,0
True,1.51387239243722,0
True,2.35634435975875,0
True,0.913597389124231,0
True,1.57466494324196,0
True,1.4257330868731,0
True,1.1286536933101,0
True,2.40434111817388,0
True,1.31079061919116,0
True,2.06526762950053,0
True,0.801279821258731,0
True,3.02460488448556,0
True,1.93301914618943,0
True,2.04182452334128,0
True,2.03554753163222,0
True,0.833585986705644,0
True,1.53067796858973,0
True,2.79514202305927,0
True,2.7220256981563,0
True,2.86565774714715,0
True,2.26557742980788,0
True,0.964838565725582,0
True,3.11054907118557,0
True,2.78846275748408,0
True,0.883541392496214,0
True,2.92986662712713,0
True,2.32346576934636,0
True,2.3792677580229,0
True,2.50016802998876,0
True,1.57929426169426,0
True,2.02795269049793,0
True,1.11475800351951,0
True,0.962005590666467,0
True,3.73608929217464,0
True,2.49638685232962,0
True,1.89100134352598,0
True,2.19261915659496,0
True,3.25548032996678,0
True,2.33902686051979,0
True,2.06367575778748,0
True,3.93919770090711,0
True,2.1762689039,0
True,1.47294451136961,0
True,0.240166781783713,0
True,1.52541837176608,0
True,1.76939903238834,0
True,0.807753593288722,0
True,1.78466139957971,0
True,2.83388954231512,0
True,2.29292469738059,0
True,3.78579727745664,0
True,3.48960740687909,0
True,3.70305298170048,0
True,2.50920098425059,0
True,1.2414370083518,0
True,1.43189404311607,0
True,1.93161389982634,0
True,0.824983770541259,0
True,2.07497415186265,0
True,1.91925746477442,0
True,2.86481138701619,0
True,2.86144112904558,0
True,3.72222519686568,0
True,1.93271346572027,0
True,1.25437475777763,0
True,0.894169523185052,0
True,1.09817805761746,0
True,2.89556314857302,0
True,2.76685790578035,0
True,2.29473323805477,0
True,1.93306356820649,0
True,2.49633736981989,0
True,1.66155358186645,0
True,1.55018479599882,0
True,1.34754598254474,0
True,1.38713952138872,0
True,1.14828749201267,0
True,1.1843571286607,0
True,1.1667412746683,0
True,1.02653386349223,0
True,0.953982833631644,0
True,1.97473560820769,0
True,3.10560772345947,0
True,4.71214113837819,0
True,2.93311738775992,0
True,1.41263761333819,0
True,1.99240791395807,0
True,1.65844120211021,0
True,3.0123436665957,0
True,3.59053498024595,0
True,1.01473510577294,0
True,1.67013513755134,0
True,1.9139365708595,0
True,2.68912428977223,0
True,1.16164580496288,0
True,2.09883426794713,0
True,1.08086544211534,0
True,1.91884887203462,0
True,2.33593257668341,0
True,1.892982252606,0
True,0.749510402468068,0
True,1.69281959700306,0
True,0.85202938805259,0
True,1.4836468757769,0
True,3.43901393680482,0
True,3.19319817590946,0
True,1.61520878104908,0
True,1.7135827946052,0
True,0.845358597496652,0
True,1.35275799404886,0
True,1.92665209355878,0
True,2.97877904170228,0
True,1.47507199825635,0
True,1.57928727671771,0
True,2.25605760872768,0
True,1.95115578215022,0
True,2.63337953513431,0
True,2.97464006842908,0
True,1.10088542252034,0
True,4.06003168519612,0
True,1.71950798720627,0
True,3.59283065232939,0
True,2.25332899304898,0
True,2.68687967507623,0
True,2.96069112990072,0
True,3.44596890025313,0
True,0.694287995488046,0
True,0.995937867364608,0
True,1.2939806953867,0
True,1.45505992228854,0
True,2.61775367748868,0
True,1.16513895848886,0
True,1.00288104999734,0
True,1.10730177098645,0
True,3.05056923078473,0
True,0.843563085994034,0
True,1.65923979517737,0
True,3.01342310030004,0
True,1.78099749794579,0
True,1.79520160324837,0
True,2.27339926669855,0
True,1.12281517623164,0
True,2.17216113489748,0
True,0.762274603169278,0
True,3.22544369207591,0
True,3.3726859323677,0
True,1.37636393228704,0
True,4.11401990293588,0
True,1.50752606509002,0
True,1.70345567377135,0
True,1.93092712872993,0
True,1.21865503840427,0
True,3.0766805839378,0
True,2.48440091997424,0
True,2.55111937189257,0
True,1.62856257529463,0
True,3.28317759281733,0
True,4.52328586761634,0
True,2.20059856740704,0
True,2.96150513937214,0
True,2.30046912297043,0
True,0.753525948387222,0
True,2.78808286619183,0
True,2.61990674390084,0
True,1.95573968430325,0
True,2.45997411745155,0
True,2.88764998155695,0
True,1.36517013656127,0
True,1.29749628075634,0
True,2.4713622489195,0
True,1.6260638231703,0
True,2.79201654614659,0
True,2.06899250950274,0
True,1.0686738916105,0
True,2.30085755731063,0
True,0.509292891642935,0
True,1.38703532490166,0
True,0.910651518217079,0
True,1.5442259413608,0
True,1.70048902584721,0
True,2.15936392726159,0
True,2.00762913952413,0
True,1.85128547456186,0
True,1.21507453854523,0
True,2.85706497910702,0
True,1.58679595921186,0
True,3.67736849918393,0
True,4.15940194551326,0
True,1.53921658386761,0
True,1.96579865000777,0
True,1.54942767790329,0
True,0.951386498115216,0
True,1.70790752481299,0
True,1.6828952124011,0
True,1.44067036917511,0
True,1.4589873489462,0
True,1.93864453123321,0
True,3.74139649796455,0
True,2.91270647289654,0
True,2.32313560494385,0
True,1.74124577652262,0
True,1.80819270558877,0
True,2.03699474746076,0
True,1.82152593929959,0
True,2.7526365925809,0
True,3.09584165232276,0
True,2.19597413484689,0
True,2.26540754223241,0
True,0.978095179517803,0
True,1.40561298656552,0
True,2.86605779041679,0
True,0.764886182822209,0
True,1.8768291825296,0
True,2.96710902355325,0
True,0.842698489849671,0
True,3.40370500434638,0
True,1.70989155956279,0
True,2.31701352390099,0
True,1.66312718212603,0
True,0.726712723093769,0
True,0.700829839109551,0
True,3.48008847739304,0
True,1.26898312151715,0
True,2.16929556779248,0
True,1.36203832333469,0
True,1.50099580283247,0
True,2.23392869936093,0
True,3.65297355712807,0
True,0.912368207693464,0
True,1.87987545401446,0
True,3.61976084554509,0
True,1.92797998960701,0
True,1.576141205867,0
True,1.32945760771934,0
True,2.4196053065452,0
True,1.38151767732486,0
True,1.33948156229266,0
True,1.11975649106306,0
True,1.64668928543049,0
True,4.34065411008714,0
True,1.22779226013808,0
True,1.61685958389922,0
True,1.76676520151311,0
True,2.18822995814722,0
True,2.73348334770824,0
True,2.45385330534565,0
True,1.9170126806726,0
True,2.00996897149696,0
True,1.76930822623643,0
True,1.20183935748182,0
True,1.41068891150663,0
True,1.35763937483984,0
False,1.21468044914341,0.000162181035762667
True,2.11471902821869,0
True,4.28055106240542,0
True,2.34592388616718,0
True,1.2544132195564,0
True,2.99447472372702,0
True,3.42982208169966,0
True,1.89748925429591,0
True,1.73542845626945,0
True,2.07527763130106,0
True,2.00502132992939,0
True,2.00572410432483,0
True,1.07386738607124,0
True,1.38217604135554,0
True,0.665940940260577,0
True,2.0153006074324,0
True,2.74115942276446,0
True,4.18422532230695,0
True,1.97575591471211,0
True,1.9431811050683,0
True,0.793633055770476,0
True,1.4961857806454,0
True,3.13608540451117,0
True,1.85890167288147,0
True,1.72460093163157,0
True,2.66716466021097,0
True,1.33000705164759,0
True,2.23162431026381,0
True,2.56020728755559,0
True,1.21657812142754,0
True,2.44527918271367,0
True,1.93149530885879,0
True,1.5836498696988,0
True,1.30054325200423,0
True,1.38335298370611,0
True,3.54205922071525,0
True,1.50140831819275,0
True,1.28010492058373,0
True,1.97480972679708,0
True,1.36268280742474,0
True,2.63853847216296,0
True,2.55153903833222,0
True,1.9149136780425,0
True,1.20085627950619,0
True,0.911754230134903,0
True,4.05088664940192,0
True,2.55376527586746,0
True,2.05429667215566,0
True,1.52832281440954,0
True,3.62143211122447,0
True,2.16555553249912,0
True,0.922994933757797,0
True,3.13710527927962,0
True,1.21767661937058,0
True,1.3622396655455,0
True,1.76123685167578,0
True,2.08228851412164,0
True,1.22079073816716,0
True,1.71777455085066,0
True,3.87605376760038,0
True,2.00604809664024,0
True,1.86876703934364,0
True,1.20258791192783,0
True,2.74028434751155,0
True,3.77574858070033,0
True,2.41191594813259,0
True,1.51293184999264,0
True,1.00780000458813,0
True,0.88153899526727,0
True,3.779314350805,0
True,3.77906632301602,0
True,0.955285717154707,0
True,3.78720389114536,0
True,2.00796727021536,0
True,1.23574566932852,0
True,3.04719379831051,0
True,1.50138958834253,0
True,2.13434679844593,0
True,1.62546063680648,0
True,1.43590900552416,0
True,1.24051857257772,0
True,0.54890357954887,0
True,2.84030813060164,0
True,2.53536025025883,0
True,1.68757454556467,0
True,1.66192266425918,0
True,2.23533693395226,0
True,2.80448297316525,0
True,1.41171782721953,0
True,1.26469091885298,0
True,1.87999538188005,0
True,1.00407064368037,0
True,0.888375485547289,0
True,1.91262642304938,0
True,1.12680498202415,0
True,2.63738946223369,0
True,1.97859637553834,0
True,3.07672666476519,0
True,1.91235744715189,0
True,1.88523679010876,0
True,1.62077889918712,0
True,2.67279236191784,0
True,1.89138124406001,0
True,1.30560533530021,0
True,1.19286235247682,0
True,3.47769218494415,0
True,1.23234524803564,0
True,1.29914815550119,0
True,1.1462781702914,0
True,3.14292391327572,0
True,0.957405597133976,0
True,1.58425313719373,0
True,1.06435923013294,0
True,2.11401906597997,0
True,3.38405025357823,0
True,3.39335144290704,0
True,0.702064327241891,0
True,3.3456106857695,0
True,1.71464559633476,0
True,1.11257434607325,0
True,1.92488681618857,0
True,1.41363757175299,0
True,2.39416487178278,0
True,2.07473475514594,0
True,1.95344631276657,0
True,1.64875568543777,0
True,1.66659500229426,0
True,0.919916721073628,0
True,1.14670239065908,0
True,1.30886184033222,0
True,1.41116398112135,0
True,1.58901680724537,0
True,1.00614927691324,0
True,1.15117486243427,0
True,1.2254713498435,0
True,1.20546813964999,0
True,2.2424102816807,0
True,1.17245886063979,0
True,3.35489706879046,0
True,3.90865437456974,0
True,2.16838750605035,0
True,1.78544290824507,0
True,1.29430301152172,0
True,1.4851895411248,0
True,2.97208015487335,0
True,1.63041256860339,0
True,1.12525876638771,0
True,3.03217874823406,0
True,2.13591984015718,0
False,3.16191299857155,9.62288768520826E-05
True,1.96585387369131,0
True,3.61116021816912,0
True,1.45676461553129,0
True,1.9488246633932,0
True,2.82823295749622,0
True,1.25499609248323,0
True,2.45197923410974,0
True,1.84163959986081,0
True,1.42199767710614,0
True,1.01437911952369,0
True,0.969576923733413,0
True,2.8187211842902,0
True,1.30408141835972,0
True,3.61435243994446,0
True,0.872612997880737,0
True,1.39718174686528,0
True,1.41121534481281,0
True,2.06074159082006,0
True,3.42931559742539,0
True,0.840097700244447,0
True,1.12219566552588,0
True,3.81533543082594,0
True,3.04391170855689,0
True,1.49586163613266,0
True,1.93819784461676,0
True,3.33717737434736,0
True,1.3670786790132,0
True,1.72958038846123,0
True,1.28034361602362,0
True,1.39371934350936,0
True,1.35835000405604,0
True,2.75259814434756,0
True,2.85379442551445,0
True,3.20634865455465,0
True,1.74542156560196,0
True,1.45975402905239,0
True,0.9135186937035,0
True,3.44970912449516,0
True,0.919578427007676,0
True,3.13175009400108,0
True,1.01564601929461,0
True,2.89142688194403,0
True,1.92669080337894,0
True,1.29205333843179,0
True,3.74411652145848,0
True,1.44939547103859,0
True,0.911730942706142,0
True,2.56667193566069,0
True,2.70501818218787,0
True,2.29696695667618,0
True,2.25104179478315,0
True,1.80501958463353,0
True,1.88753083797775,0
True,3.24998471692764,0
True,1.41090326877483,0
True,1.49255005502653,0
True,1.76108893538827,0
True,1.94723213601781,0
True,1.96293115038559,0
True,2.56284667717105,0
True,2.9288739591682,0
True,1.26258552828913,0
True,1.72059409864774,0
True,0.872096144606009,0
True,1.78679009319441,0
True,2.76857386457917,0
True,1.40206243259579,0
True,1.4969382410441,0
True,1.84302711561942,0
True,1.76769300489553,0
True,1.83924947569535,0
True,1.39066790288717,0
True,2.00908729352111,0
True,2.47856515650078,0
True,1.13032563124346,0
True,2.18960311630186,0
True,1.89167556456364,0
True,4.01369308722948,0
True,2.03021099315285,0
True,3.26254168899338,0
True,2.82789635505433,0
True,1.8247679425163,0
True,1.40575186513333,0
True,4.02189353819504,0
True,2.85625001678604,0
True,2.00493642016139,0
True,2.01207784331331,0
True,2.97056775880053,0
True,0.962530498797394,0
True,4.40225340460679,0
True,4.19210753645285,0
True,3.81861930917004,0
True,2.26326630460907,0
True,1.13376776566619,0
True,1.32673988918151,0
True,1.21650517786664,0
True,0.816963106399604,0
True,3.32656262764745,0
True,2.69153772590817,0
True,1.49764019843014,0
True,1.19450136857829,0
True,1.55403218761099,0
True,2.46386416905466,0
True,2.97841583285945,0
True,2.01185525473073,0
True,1.07735097171188,0
True,1.90830982156946,0
True,2.62435330067562,0
True,0.924196942601936,0
True,2.86817520147838,0
True,1.70588535179549,0
True,1.09872782289128,0
True,2.695449577429,0
True,0.583836507358235,0
True,1.5199367379024,0
True,1.03554932741733,0
True,1.38883239565687,0
True,1.51289237763536,0
True,1.77323453720033,0
True,2.84138772745176,0
True,2.28669474092296,0
True,2.28211483491683,0
True,1.86376886931068,0
True,1.33117988227762,0
True,3.06525303446739,0
True,1.21710871508749,0
True,2.46222068297804,0
True,2.5801251499058,0
True,2.15798890234491,0
True,1.44009521400164,0
True,2.68728034613043,0
True,2.04881985879429,0
True,1.34963437249806,0
True,1.20104281948168,0
True,1.64246620598682,0
True,1.19083697575895,0
True,2.14094471978122,0
True,1.06670569592756,0
True,1.82655529870786,0
True,1.32027962792928,0
True,3.25256739632341,0
True,2.47859616241928,0
True,2.05456451790484,0
True,1.96937290610964,0
True,1.45151142022883,0
True,3.20369663097997,0
True,0.697254181290407,0
True,2.58670520094355,0
True,2.04470027460697,0
True,1.51742372366955,0
True,1.66631281966341,0
True,3.9445853520287,0
True,1.77209306874434,0
True,0.74744286999407,0
True,3.46624366825922,0
True,1.2313809292497,0
True,2.14161547473988,0
True,1.65374982911222,0
True,1.86563319265117,0
True,2.40925675527222,0
True,1.31329004229529,0
True,3.59637086023367,0
True,1.43012344469644,0
True,2.984218357927,0
True,2.60974066108416,0
True,1.10084216843588,0
True,2.36069625017179,0
True,1.08205274535631,0
True,1.71503647350212,0
True,2.34566480678629,0
True,1.75979316484879,0
True,3.50364904993373,0
True,3.0692464259956,0
True,1.24882823585784,0
True,1.53950945402973,0
True,1.84871622813807,0
True,1.68743786077022,0
True,1.50357104420143,0
True,1.24636888090903,0
True,1.91953340255265,0
True,2.07469270964645,0
True,2.70423933259727,0
True,0.723926097762668,0
True,2.43453515157209,0
True,3.0952393955233,0
True,2.6196383986602,0
True,3.10473910807259,0
True,3.0488500830359,0
True,1.64220353310076,0
True,2.85136657201456,0
True,3.56335978209848,0
True,1.05612256105289,0
True,1.1775007308425,0
True,1.12210472170764,0
True,1.2193049434912,0
True,2.86889966739526,0
True,0.884223284566457,0
True,1.64684983925263,0
True,1.75891040405539,0
True,3.37560129845867,0
True,1.5753102683579,0
True,2.45638534108087,0
True,2.45116363168257,0
True,1.69057726013196,0
True,2.1367954920886,0
True,0.726844293097321,0
True,2.10600986084669,0
True,2.20408884324648,0
True,1.07576714027061,0
True,2.76541088323173,0
True,2.27055951350448,0
True,1.58313111138916,0
True,0.991810705712979,0
True,1.62612827482647,0
True,1.40830302298486,0
True,3.04150988791189,0
True,2.45448540604017,0
True,1.70408025131158,0
True,1.2069787307684,0
True,2.82534274426048,0
True,3.64868144742424,0
True,1.62407892147362,0
True,1.79784599823024,0
True,1.85342076133218,0
True,1.63907380006396,0
True,0.739441067911683,0
True,1.07437028992591,0
True,2.0190024118462,0
True,1.63889876825739,0
True,1.15964613143962,0
True,1.89635661169426,0
True,2.06452214832301,0
True,3.92343785394786,0
True,3.10005659536235,0
True,1.87714246757285,0
True,2.34804540018426,0
True,1.43558587103819,0
True,0.92332109762495,0
True,1.82330395196342,0
True,2.04006924121219,0
True,2.55603761171111,0
True,0.885569089720359,0
True,1.83391429133905,0
True,1.30066187045143,0
True,3.15355399540196,0
True,2.81406990320253,0
True,1.81410851756783,0
True,1.88180300397237,0
True,1.86759154364088,0
True,1.18259217885021,0
True,3.20906034490606,0
True,1.8139881418265,0
True,1.44308022770773,0
True,3.37625577117718,0
True,2.86188131038651,0
True,1.8161750334705,0
True,2.00972907701916,0
True,1.49173315122593,0
True,1.9425487660604,0
True,3.31316422710882,0
True,1.17724857478807,0
True,1.45471286737225,0
True,1.62528152245487,0
True,0.930380107755311,0
True,4.70410843273206,0
True,1.89982361734244,0
True,1.93380757127216,0
True,0.923709915659211,0
True,3.28190685911219,0
True,3.30364207631793,0
True,2.91849219788844,0
True,1.21798173507534,0
True,0.967006455838887,0
True,3.10375905914128,0
True,1.13788654299679,0
True,1.26426624708931,0
True,2.75033460257436,0
True,3.66498856021513,0
True,2.05455473303192,0
True,1.97964139326956,0
True,1.58082652320785,0
True,1.61968532920177,0
True,1.7830480819156,0
True,0.867743175501125,0
True,1.04268315634882,0
True,0.899795039465158,0
True,1.25258074005149,0
True,1.3752977926292,0
True,1.08811586791878,0
True,1.7123364772948,0
True,1.74482352312708,0
True,1.92376453719063,0
True,1.60337986926714,0
True,1.58218481378852,0
True,1.00114930826849,0
True,3.98687295576443,0
True,2.54883422192816,0
True,1.39172835776197,0
True,1.02770588117741,0
True,1.79225961098107,0
True,1.65437089760398,0
True,1.79161818717815,0
True,3.17586696204882,0
False,2.26791063947629,7.65890191670929E-05
True,1.59153516001065,0
True,2.9534591891465,0
True,1.26677372077843,0
True,2.11836519793173,0
True,1.0397759665691,0
True,0.790123766135593,0
True,2.44005828954973,0
True,1.43420856546148,0
True,1.53836595272201,0
True,1.91008916885504,0
True,1.87612866240325,0
True,3.26055275913494,0
True,2.28821700445695,0
True,3.04204044023189,0
True,2.76558345113328,0
True,1.50302609267821,0
True,2.13332726441505,0
True,2.29873446342186,0
True,3.43479103708213,0
True,0.71048781351859,0
True,1.95593657734838,0
True,2.27233984316297,0
True,1.59444832473453,0
True,1.89530740586966,0
True,1.57793478259349,0
True,2.0188122680849,0
True,2.50019490637988,0
True,1.05422004559818,0
True,1.40246849584782,0
True,2.41961080106516,0
True,1.71133329518713,0
True,1.01740104092152,0
True,0.87477914643171,0
True,1.32321717852541,0
True,0.80961082592256,0
True,1.49144331530201,0
True,2.20653850799902,0
True,3.02145336072921,0
True,2.17347499430715,0
True,1.63345807322659,0
True,1.06049103768447,0
True,0.748784187301599,0
True,0.979383130040401,0
True,1.55401144817817,0
True,1.13915570623982,0
True,2.18808041051241,0
True,1.7690806939963,0
True,1.92879708310656,0
True,2.17869109405446,0
True,2.1445352199159,0
True,1.81618535122693,0
True,2.0388774748341,0
True,2.04392391554618,0
True,1.37763006627964,0
True,0.980809204512645,0
True,2.76138249550297,0
True,2.46586027828348,0
True,0.831315140373546,0
True,1.94898544825053,0
True,1.09250375405743,0
True,1.9325806755838,0
True,1.70937288812653,0
True,1.93539927511172,0
True,1.63822590414467,0
True,3.77799791562545,0
True,3.38099265881634,0
True,2.18779759088567,0
True,1.791145082671,0
True,3.00852100250151,0
True,4.00176826450645,0
True,1.0086892566618,0
True,1.89208662009387,0
True,2.07659418085526,0
True,1.2560277580292,0
True,1.33240403062481,0
True,1.02795360930785,0
True,1.40613268525951,0
True,1.72231709896249,0
True,2.28194662307201,0
True,2.01823320653637,0
True,2.65277988860503,0
True,2.00287744118639,0
True,1.09283837442025,0
True,1.95814683648438,0
True,2.2337511464231,0
True,1.64504783163324,0
True,1.22536732809313,0
True,1.63095446864153,0
True,1.27647330247574,0
True,0.681543374891232,0
True,2.23854619948664,0
True,1.5009908919561,0
True,2.62428437253059,0
True,1.93170997729742,0
True,1.22507699478179,0
True,1.80593336377878,0
True,0.676494474171153,0
True,1.20600839345826,0
True,2.2757473058754,0
True,1.50488528784968,0
True,1.95367345572217,0
True,0.955291285238983,0
True,2.61207191905776,0
True,2.37416733100999,0
True,1.56436670727001,0
True,1.38900896386992,0
True,1.37778810200588,0
True,1.77958579970056,0
True,1.62430939741466,0
True,4.20454264384677,0
True,1.59500607254476,0
True,1.12135093105346,0
True,2.71003900753025,0
True,1.53554822065085,0
True,3.30898061821098,0
True,1.58271226353032,0
True,2.81489936250677,0
True,2.05671398728562,0
True,2.37246274247322,0
True,1.4225177096995,0
True,3.41480929924232,0
True,1.80084018443552,0
True,1.80860342738925,0
True,2.0272253765343,0
True,2.56066206966161,0
True,3.63272410776752,0
True,2.6581682688429,0
True,1.63331335500384,0
True,2.94111057365696,0
True,2.67126434459765,0
True,1.02658219406724,0
True,1.09740097250352,0
True,0.999340747580205,0
True,1.74438744419876,0
True,2.85444779036287,0
True,3.33170355038054,0
True,0.889480493771357,0
True,1.55790815074771,0
True,1.57418665803292,0
True,1.29950497326177,0
True,1.57681221388004,0
True,2.01019415804745,0
True,2.73696243067683,0
True,2.07788687832484,0
True,4.58177990319288,0
True,3.43490513266161,0
True,1.23576262644954,0
True,2.95658339829355,0
True,1.00137732085003,0
True,3.38730452408477,0
True,1.65778129342961,0
True,1.01626132095326,0
True,1.42015201853103,0
True,2.20875978100712,0
True,1.31795955376726,0
True,2.10437673683836,0
True,1.92500850169676,0
True,2.19528224363437,0
True,4.23313438277056,0
True,3.76757852106544,0
True,3.48261090724126,0
True,1.58543614068706,0
True,2.8236254300624,0
True,2.47797298571266,0
True,1.32716167146166,0
True,2.33110831333012,0
True,2.6704091561758,0
True,2.26514845882332,0
True,3.53266757541653,0
True,1.47476938131406,0
True,1.35883483924269,0
True,3.03354068701877,0
True,1.43646281663924,0
True,2.23450369154109,0
True,2.15556319430852,0
True,2.75003132256906,0
True,2.86051370391123,0
True,1.89022337761413,0
True,3.44691775551312,0
True,3.71067574067312,0
True,1.66444724714858,0
True,2.32630100921017,0
True,3.21004183401545,0
True,1.16165967274855,0
True,0.807997079206353,0
True,1.26302755799837,0
True,1.64813552674505,0
True,2.70249409576272,0
True,0.819035168397691,0
True,2.48854561180745,0
True,1.18146653470573,0
True,1.57824578302743,0
True,2.29358232619895,0
True,1.92542807462237,0
True,1.131870917751,0
True,1.74800870327283,0
True,3.55976148808122,0
True,1.39185562162077,0
True,1.79956258463179,0
True,1.84375632924428,0
True,0.776462968696486,0
True,1.17665629347132,0
True,1.76271218497385,0
True,3.03805220053737,0
True,1.04713709470325,0
True,2.30133072400102,0
True,1.90308744706252,0
True,0.965794327778607,0
True,0.998742935736805,0
True,2.42222058640876,0
True,1.49065356566051,0
True,1.70915058067439,0
True,1.61551231554035,0
True,2.87873593152597,0
True,0.960483374072191,0
True,1.64214745652389,0
True,1.42886532129517,0
True,1.57615458125598,0
True,1.60136574490229,0
True,3.13917619644096,0
True,1.76259482288195,0
True,2.72754637206024,0
True,2.915617206155,0
True,1.7619119997885,0
False,1.50863485045511,0.000670038437288405
True,3.18726934585903,0
True,1.99285146719947,0
True,2.7109377273948,0
True,1.63138731808903,0
True,1.29520695896178,0
True,1.08584255672715,0
True,3.00234841865808,0
True,1.56675817279615,0
True,1.51218152124698,0
True,1.23303913344395,0
True,0.81061943323891,0
True,2.12615640339695,0
True,4.08922841485165,0
True,0.731113318736197,0
True,1.52902796544515,0
True,1.0912780966808,0
True,2.25047903593412,0
True,1.73126115544515,0
True,2.86145205238543,0
True,1.60651990282387,0
True,1.28249051300604,0
True,1.93263617584821,0
True,1.925883717833,0
True,1.50405629044864,0
True,2.33898089827839,0
True,1.140149464123,0
True,4.15160593626039,0
True,3.10588435361077,0
True,1.79296840145392,0
True,1.4101484443856,0
True,1.56114779577529,0
True,1.04472061868937,0
True,2.36165819702153,0
True,2.43985675250224,0
True,1.69545822284838,0
True,1.94749015842362,0
True,3.16475458705517,0
True,1.2945033615731,0
True,1.47001115717973,0
True,1.66283288271041,0
True,2.45662220202084,0
True,2.37881283583237,0
True,1.11123323581235,0
True,0.965032386502049,0
True,1.55583078130588,0
True,2.47844230460647,0
True,1.57691068261283,0
True,2.32243126679606,0
True,3.42676488843549,0
True,4.11371980565359,0
True,0.769652079822996,0
True,3.2394229960714,0
True,1.34960770536105,0
True,1.33723490029888,0
True,1.23725647180268,0
True,3.34791633136777,0
True,1.02775483561337,0
True,2.61144192251566,0
True,1.93935559850641,0
True,1.8259361561357,0
True,1.49327894181642,0
True,1.45615026742865,0
True,1.32129765022387,0
True,4.61745054427604,0
True,3.87553431660632,0
True,4.00981104924077,0
True,2.71320335949162,0
True,1.52220292505548,0
True,1.74319523958661,0
True,1.27802321221302,0
True,2.7794589274095,0
True,2.37613914523621,0
True,2.38769513619373,0
True,1.05963690893905,0
True,2.01668853442262,0
True,2.08639786314448,0
True,1.54908906201177,0
True,1.46876246119427,0
True,1.51096619242267,0
True,2.60266465847524,0
True,1.78355759370787,0
True,2.85021647130468,0
True,3.58729622218718,0
True,0.78949056275303,0
True,1.17214278549129,0
True,1.48224205299982,0
True,1.89135744370963,0
True,0.766424959832005,0
True,3.26192764919277,0
True,1.21166081183022,0
True,2.77158932309449,0
True,1.42566100278155,0
True,4.04403615747723,0
True,1.96372062821048,0
True,1.19083327068307,0
True,0.803636478325182,0
True,1.17518414499151,0
True,1.8907678188449,0
True,0.682134577075781,0
True,2.68267258371844,0
True,2.28024538850445,0
True,1.18959404462225,0
True,2.21784536694834,0
True,1.48604483801976,0
True,1.03369646391981,0
True,1.88815313371026,0
True,1.96373879150564,0
True,2.03861196435654,0
True,1.66239640490537,0
True,0.630993111299826,0
True,2.74096451307851,0
True,2.08518004392953,0
True,1.35829110880526,0
True,1.40458496223419,0
True,1.63340090339259,0
True,3.93342761320488,0
True,3.29700265014392,0
True,0.7332148869641,0
True,2.07713874844106,0
True,0.931621782156945,0
True,1.34461372001425,0
True,1.05547017924761,0
True,2.75186600771836,0
True,1.45459004925561,0
True,1.02458511863692,0
True,2.28434160883057,0
True,2.49520610100316,0
True,2.71315710762655,0
True,3.49665161768439,0
True,3.60712549687797,0
True,2.96182727301738,0
True,2.8961785327468,0
True,1.79045347537223,0
True,0.622348003475958,0
True,4.16372458328318,0
True,1.52205467174671,0
True,1.66552445391829,0
True,2.79658244669417,0
True,1.50920534746325,0
True,2.04940104419562,0
True,1.97966686035245,0
True,2.01322267501485,0
True,2.71445574030169,0
True,2.09312601477968,0
True,1.79823180598214,0
True,1.1211083440981,0
True,2.26123945399442,0
True,2.15648849119064,0
True,1.18184468899037,0
True,2.08695121834917,0
True,1.39680073932897,0
True,2.63669236361412,0
True,1.40121371869654,0
True,1.74312572623347,0
True,1.7592624607637,0
True,2.03248009118422,0
True,1.75446902458942,0
True,2.69755688508409,0
True,2.55643350727189,0
True,1.57509088714816,0
True,3.17954276516236,0
True,3.38858516090938,0
True,2.56436621402054,0
True,0.8549429814722,0
True,1.26431156707087,0
True,1.57972167000192,0
True,2.85662729754412,0
True,1.26074181401459,0
True,0.992225992918481,0
True,1.066794114119,0
True,2.75530660154758,0
True,1.53235342595884,0
True,1.90504995660661,0
True,1.78589465278481,0
True,1.44541831159265,0
True,3.13627326536334,0
True,2.36441748220147,0
True,2.09576586254374,0
True,0.573932460738609,0
True,1.65476525754294,0
True,2.93902587014921,0
True,1.10572638781731,0
True,1.74326462884205,0
True,1.01753235480327,0
True,2.11240634632549,0
True,3.28241323287587,0
True,1.53496986584372,0
True,1.31180774289295,0
True,1.24295092470108,0
True,2.07744633553002,0
True,1.17591481848159,0
True,0.891296704988409,0
True,1.14860193836967,0
True,1.37837369417299,0
True,1.0581050413852,0
True,1.02023258211779,0
True,0.601161648714136,0
True,1.28118380519124,0
True,2.1265556900391,0
True,1.87281059178858,0
True,2.558566133323,0
True,0.792871149622513,0
True,1.7370638811682,0
True,1.44347176841618,0
True,1.63846218019895,0
True,1.68877572674241,0
True,3.86626938875582,0
True,2.2996444072831,0
True,1.62359869894884,0
True,1.96305563267106,0
True,1.35373049427013,0
True,2.03219897007305,0
True,0.921682886664667,0
True,1.8535388027948,0
True,1.2008269852685,0
True,1.3541279744033,0
True,2.5526232120879,0
True,1.26034474274734,0
True,1.94990363259699,0
True,1.86587659045135,0
True,1.0141470610169,0
True,1.78378282116687,0
True,2.03307692816013,0
True,1.32276759679233,0
True,1.86456060548234,0
True,1.42048670845829,0
True,1.49623026545951,0
True,1.00674691222106,0
True,1.74897475961928,0
True,1.60452511827569,0
True,1.57785547769012,0
True,2.10367206495567,0
True,4.02875447185821,0
True,3.16675660366704,0
True,1.80909065814086,0
True,1.24196028013017,0
True,2.12552118331114,0
True,4.48763682484595,0
True,3.15758300656808,0
True,1.34299539270712,0
True,1.25429101366266,0
True,2.30034596513071,0
True,3.40503175042327,0
True,1.52452483116715,0
True,1.30283472233131,0
True,1.12816046429872,0
True,2.26834020901003,0
True,1.44766372547679,0
True,0.777731106422279,0
True,2.62085274828033,0
True,1.51398486362161,0
True,3.85813343113948,0
True,2.67531768365793,0
True,3.16989713666537,0
True,1.56833311641943,0
True,2.17507504331184,0
True,1.52298602339363,0
True,1.58592971214312,0
True,1.13664994659505,0
True,2.00318614566936,0
True,2.33216315111008,0
True,1.09427750364258,0
True,1.02608533851275,0
True,0.980787031463049,0
True,1.9219030276525,0
True,1.684612742689,0
True,0.659709529937002,0
True,1.75360093532278,0
True,3.29586325069307,0
True,3.86734592212548,0
True,0.879926946007413,0
True,2.20402360000133,0
True,1.09329994976085,0
True,1.86777297445446,0
True,1.26845872683701,0
True,0.913174276203541,0
True,1.35522589709092,0
True,1.43525839443027,0
True,1.34240061597345,0
True,1.96467707746756,0
True,1.56778113109831,0
True,4.21719939893586,0
True,1.37952899952132,0
True,1.72996397540955,0
True,1.63792720037082,0
True,1.42767000616237,0
True,1.90708871667616,0
True,2.34802356976666,0
True,0.991095698132818,0
True,1.19859806933282,0
True,2.1041417626796,0
True,4.49671027455137,0
True,3.38352645242135,0
True,0.905600186679721,0
True,3.47234118605131,0
True,1.90169996197755,0
True,0.740445364879817,0
True,1.25434243504194,0
True,1.20033854123515,0
True,0.816914171940485,0
True,1.70409329608518,0
True,2.38295672402061,0
True,1.78828413311998,0
True,2.25910082385617,0
True,2.18630624753678,0
True,2.72975648402556,0
True,3.68751963735363,0
True,2.30078085837147,0
True,2.0519781535572,0
True,1.27071508610452,0
True,1.66154948487851,0
True,1.1662771278059,0
True,1.79776521159593,0
True,0.766360504090964,0
True,3.29154102863578,0
True,0.998249096442322,0
True,2.5099815099045,0
True,1.5677282337282,0
True,1.09076241917239,0
True,1.66787557987358,0
True,1.26701165294334,0
True,1.11212230169325,0
True,1.95550632106143,0
True,4.30562384880762,0
True,0.657334481492959,0
True,1.16286805762671,0
True,1.33080051451795,0
True,2.13665550041245,0
True,3.36507852834316,0
True,1.92745226449219,0
True,2.17642165368042,0
True,1.25265157735844,0
True,1.32765657753492,0
True,2.06503680888761,0
True,1.21391230344655,0
True,1.59040851839399,0
True,1.86175218600051,0
True,3.94996134736816,0
True,0.485212237767842,0
True,2.82333902029632,0
True,3.1650713416759,0
True,3.96722340887812,0
True,2.6389099280488,0
True,2.10989775785686,0
True,1.38432823792397,0
True,3.70447224051535,0
True,1.97485606854592,0
True,0.869314769451058,0
True,1.72175346987761,0
True,0.725173864242843,0
True,3.49739926871667,0
True,1.61666208160029,0
True,2.2616891392468,0
True,0.654385253000422,0
True,3.20632540440765,0
True,4.15212533769745,0
True,2.48665944271047,0
True,1.92918649492883,0
True,3.45361949743112,0
True,4.18771720135929,0
True,3.75033544906993,0
True,2.11058347616785,0
True,1.31534940167935,0
True,0.855101022305874,0
True,1.9262727991981,0
True,1.10498887262467,0
True,2.49458459043037,0
True,3.99738851968416,0
True,3.28115590442886,0
True,0.604277990798477,0
True,1.65188516978701,0
True,1.68066020192562,0
True,1.5144078485311,0
True,2.9504950880921,0
True,2.31823446835543,0
True,2.63825566510525,0
True,1.15008520145768,0
True,1.31696787758295,0
True,2.67836874478006,0
True,1.61283758353234,0
True,0.776635756166667,0
True,2.49867604884674,0
True,4.07744300436805,0
True,1.45041554651935,0
True,0.765514556877608,0
True,1.23387307874747,0
True,0.911612916049433,0
True,2.63442169242285,0
True,2.15680858913933,0
True,3.33940807789696,0
True,2.73448760127421,0
True,0.998937166567721,0
True,2.19018859605724,0
True,1.42930273444471,0
True,2.59401715098945,0
True,1.34093326582911,0
True,1.58748271554816,0
True,3.2208488849081,0
True,1.64184147497979,0
True,0.871338177248409,0
True,3.00184045097786,0
True,0.967961807287524,0
True,1.12036228588802,0
True,2.03171070691372,0
True,2.25045732818881,0
True,2.15647642514093,0
True,1.74574313031919,0
True,1.0778575849555,0
True,2.69085308986328,0
True,0.746160734438692,0
True,1.82871579481148,0
True,1.65720094400906,0
True,0.769647941780433,0
True,1.97197297063252,0
True,1.79285241341563,0
True,2.89758200038321,0
True,1.75683546156667,0
True,3.45427520649067,0
True,2.47041149227948,0
True,1.25721476501985,0
True,0.887574591010834,0
True,1.82483770769773,0
True,2.20372259145869,0
True,2.58570660207394,0
True,1.44477037828078,0
True,1.12093016781614,0
True,1.74765740688534,0
True,1.30731012055268,0
True,3.13431187838916,0
True,2.09022273771401,0
True,1.41606958232212,0
True,1.84030681167411,0
True,1.54240732062712,0
True,1.22314143312729,0
True,2.07537671035489,0
True,1.98347042127369,0
True,0.835575348468901,0
True,0.875078008074978,0
True,1.62262669545238,0
True,1.82743926930616,0
True,1.1926493668129,0
True,4.01916513488875,0
True,2.66302026874989,0
True,2.59459944673348,0
True,3.81195332451918,0
True,1.49336920256678,0
True,1.69452934319355,0
True,1.17580639204017,0
True,1.35564640473738,0
True,1.50700952997821,0
True,2.34950999775443,0
True,1.23008315670442,0
True,1.18244814654099,0
True,3.92186414256568,0
True,2.52236851095711,0
True,1.48253967692333,0
True,0.577292641640617,0
True,3.55417074303302,0
True,1.01060635953934,0
True,1.89115584834494,0
True,2.24193462476607,0
True,4.49957361676232,0
True,1.84300041040588,0
True,0.968147710596711,0
True,1.58850106630167,0
True,1.47469968517338,0
True,1.97040802142437,0
True,2.32108234848061,0
True,1.88349169441195,0
True,2.61916889684161,0
True,1.13542489739308,0
True,1.43538264119243,0
True,2.40292408062508,0
True,2.64884672478752,0
True,1.10331994332864,0
True,2.33736584042555,0
True,1.72605123295182,0
True,0.744706149738328,0
True,3.88548178056742,0
True,0.782411184151477,0
True,1.8012395089104,0
True,1.15984804096108,0
True,3.15437742061547,0
True,1.14760199007332,0
True,1.9871613296167,0
True,1.33822524128927,0
True,1.23937182878201,0
True,0.913839953554614,0
True,0.990913069342778,0
True,2.02993223576086,0
True,1.32120733814006,0
True,3.39711529963407,0
True,1.25401524341276,0
True,2.02975063757041,0
True,2.1937766471934,0
True,1.42082416188797,0
True,1.34885876159653,0
True,1.22330043716977,0
True,1.21070341595434,0
True,2.06052284793415,0
True,3.26484527580622,0
True,1.50062843540083,0
True,1.48865675151766,0
True,1.42780395834002,0
True,1.35011986208274,0
True,1.84295188914385,0
True,2.31148776098488,0
True,1.21591711225887,0
True,1.68371596389559,0
True,2.10177868743197,0
True,2.37244541109506,0
True,1.42608600258591,0
True,2.20514472880384,0
True,1.8950679819377,0
True,1.87328669498282,0
True,1.20880322075338,0
True,1.08127271240041,0
True,3.70668227258549,0
True,1.04979405461071,0
True,2.46332004625328,0
True,2.58759527416532,0
True,2.51808908285493,0
True,1.71206167360365,0
True,1.17326213979839,0
True,1.43446084099281,0
True,2.12011996049405,0
True,1.56363609115617,0
True,1.28915118997246,0
True,1.46154779321389,0
True,1.09621953632937,0
True,2.33287800615624,0
True,2.72496145167645,0
True,2.36725654605302,0
True,1.61532852179324,0
True,3.93041384485752,0
True,2.82506604278532,0
True,3.27525364755011,0
True,2.08388400034374,0
True,3.01711159318815,0
True,2.27528152643639,0
True,2.79564493060581,0
True,0.797843362936786,0
True,2.68778587055741,0
True,2.68524912623046,0
True,1.95372117642832,0
True,1.82711022838541,0
True,1.1081353773221,0
True,1.39205044961937,0
True,2.59029498937919,0
True,2.75084503142382,0
True,1.93418418545534,0
True,3.71461818912225,0
True,1.51019818760177,0
True,1.79146448163858,0
True,1.87864918299434,0
True,2.69480734191998,0
True,1.11262846913902,0
True,3.00105424020758,0
True,2.45647875950285,0
True,1.48842306573343,0
True,1.0765791684464,0
True,1.25160507560188,0
True,1.5021592466698,0
True,0.79613482513733,0
True,1.49654702703652,0
True,1.6054729051074,0
True,1.56432674831966,0
True,0.93445159853324,0
True,1.73153649449029,0
True,1.81941035449941,0
True,1.18068183598372,0
True,3.00220625284218,0
True,1.7713137364336,0
True,2.28414081130335,0
True,2.74130347104844,0
True,1.69013427840053,0
True,0.641515251665264,0
True,0.644704570973916,0
True,2.11729558151374,0
True,0.660854845246209,0
True,2.68144205323225,0
True,1.07724158896602,0
True,2.23149419139636,0
True,1.02055101797167,0
True,1.2551053446764,0
True,1.19685335833974,0
True,1.64375644908998,0
True,1.95773451339517,0
True,1.9878318895146,0
True,1.14057315258833,0
True,3.75611309467242,0
True,2.88027749509778,0
True,2.91238948817043,0
True,3.16083166412232,0
True,3.45015100989984,0
True,2.84956056718576,0
True,1.73784512207128,0
True,1.33418835127635,0
True,1.47094983872315,0
True,1.4345533889183,0
True,3.43900850475011,0
True,1.52248577040147,0
True,1.77281715255923,0
True,1.42515496134411,0
True,4.39819016077192,0
True,1.23786196013743,0
True,2.00377231805573,0
True,2.8722343919061,0
True,3.11530077309903,0
True,1.63596210653541,0
True,1.18416679784546,0
True,1.06859794083073,0
True,1.40719840846791,0
True,2.64207552974222,0
True,1.26667826070251,0
True,1.2869520511342,0
True,1.7003482624165,0
True,2.49925467300382,0
True,3.65751643543869,0
True,2.2898914377761,0
True,1.17674999163855,0
True,1.37033225934858,0
True,1.65035381950263,0
True,0.904592753633583,0
True,1.4750137001789,0
True,0.972932251457897,0
True,1.11072076745897,0
True,0.929669849416379,0
True,1.81553207897347,0
True,2.91568117522823,0
True,2.70089924123605,0
True,1.18634088774612,0
True,2.48452975400605,0
True,2.34597511721121,0
True,1.14830011734102,0
True,2.26902714855946,0
False,2.13377775518373,0.000340484589085177
True,1.85561913464389,0
True,1.41804185124275,0
True,1.05665594499006,0
True,1.5687098766674,0
True,2.56625251259002,0
True,1.29172195879852,0
True,1.61039730104084,0
True,1.41039041494579,0
True,3.46590110091616,0
True,3.73790248997839,0
True,0.920592469520484,0
True,1.94104949540811,0
True,2.75126626279693,0
True,2.24977099339404,0
True,1.98810370306313,0
True,2.41932255844599,0
True,2.22762071654876,0
True,1.09780211057268,0
True,2.52924555602015,0
True,1.97333826391491,0
True,1.43410787523997,0
True,2.6068747931825,0
True,1.91011931871519,0
True,2.38935943423567,0
True,1.29014020927651,0
True,3.73119443345418,0
True,0.950774805939481,0
True,1.99722201183939,0
True,0.838042066786555,0
True,1.1356859759018,0
True,2.33229934144577,0
True,1.98172685964924,0
True,3.04796262318584,0
True,0.980984375423852,0
True,1.38741936271645,0
True,1.13862447994046,0
True,1.10668039665157,0
True,2.03360783948626,0
True,3.02280584489758,0
True,2.40541526568019,0
True,0.69664683195043,0
True,1.29413095260393,0
True,0.968163328316689,0
True,1.44162463257898,0
True,2.0275165467339,0
True,3.07829332033741,0
True,2.02743124954313,0
True,0.979352362128139,0
True,1.20186011516761,0
True,1.6724266113835,0
True,0.830984403299111,0
True,1.60121400087212,0
True,1.60376796590931,0
True,1.72013462758526,0
True,1.74121383181669,0
True,2.16658208832332,0
True,2.48495701664534,0
True,0.958909533549276,0
True,1.15326868574461,0
True,2.22661642839831,0
True,2.45388316978689,0
True,0.591366064835825,0
True,1.3096090101983,0
True,1.7297722988921,0
True,1.18134679763409,0
True,1.04190005981768,0
True,1.12388088961904,0
True,1.57786173303736,0
True,1.39640659978464,0
True,2.31684914511096,0
True,1.54593577397044,0
True,1.71520391125705,0
True,1.51158025408196,0
True,1.43908215210506,0
True,1.38469577397998,0
True,1.56910093424836,0
True,1.35002288072601,0
True,1.77913423368332,0
True,3.07964575682588,0
True,3.11764466716822,0
True,0.820540520393399,0
True,1.35828407911724,0
True,2.51424363366058,0
True,1.83089165909565,0
True,4.15821403270541,0
True,1.61100713696184,0
True,1.52314551167497,0
True,1.36575497581102,0
True,1.19138579789195,0
True,1.17764932108787,0
True,1.36526674923651,0
True,1.79923061922482,0
True,1.39816255438519,0
True,1.489096146997,0
True,3.85607381104257,0
True,2.77557809857915,0
True,4.06380828826404,0
True,1.42905573529779,0
True,1.29037535741759,0
True,2.74572417301908,0
True,1.09725686225869,0
True,1.53982382300249,0
True,2.56898679152253,0
True,2.06892584795682,0
True,2.69312755503083,0
True,1.54685715053714,0
True,2.06975620750769,0
True,2.25666491801927,0
True,1.45604615597224,0
True,1.87192500485443,0
True,1.55375282614231,0
True,1.23071097493229,0
True,1.89367896192051,0
True,1.74761075582643,0
True,0.937963447957315,0
True,0.676297475039525,0
True,2.21683886096507,0
True,2.11139797716514,0
True,2.61319977764938,0
True,2.91744551962936,0
True,1.46065675899358,0
True,2.93806604895172,0
True,3.18969549549143,0
True,2.25075216417167,0
True,1.35428596425114,0
True,1.20901647195795,0
True,1.63385443805045,0
True,1.79238329504176,0
True,1.38788904560707,0
True,1.0944503282488,0
True,2.19594673834778,0
True,1.56317292290409,0
True,1.55732611060246,0
True,1.38734046636793,0
True,1.77256906015687,0
True,1.14485573736703,0
True,1.67478695580459,0
True,1.78101114900345,0
True,1.33930954817887,0
True,0.802860592684787,0
True,1.72833251192354,0
True,2.14181288812893,0
True,0.679414001555509,0
True,2.00761178012951,0
True,1.38167403010556,0
True,2.02985632304496,0
True,1.62431393237657,0
True,1.49642351248429,0
True,3.93600631024323,0
True,2.51373156335544,0
True,1.3438705863748,0
True,1.6938108121307,0
True,0.935605398181586,0
True,2.01328086678699,0
True,1.76605575692042,0
True,3.4849084901772,0
True,1.51300275671884,0
True,1.32922823520718,0
True,2.50215824126874,0
True,2.34848698359185,0
True,1.13416638930692,0
True,2.30496787565205,0
True,1.96964576222621,0
True,3.58451758767273,0
True,2.59807085554207,0
True,3.37291521319092,0
True,1.70877336491401,0
True,1.97211376138216,0
True,2.52240155181043,0
True,1.82813894889042,0
True,2.08090558110177,0
True,2.24018294755432,0
True,1.25946245893585,0
True,2.38271225110941,0
True,1.51714884301853,0
True,1.5372805549605,0
True,1.17710626823007,0
True,2.11282757029936,0
True,2.46990810480876,0
True,1.3176934015001,0
True,1.73166846284837,0
True,1.17519807411912,0
True,2.57961285139103,0
True,2.04550509938257,0
True,1.66240053685899,0
True,1.4170062835617,0
True,2.43401429549714,0
True,1.69335641432769,0
True,1.66221037431383,0
True,1.19476187493235,0
True,2.55818169582491,0
True,1.57491785491342,0
True,2.14945212367725,0
True,3.59475893148263,0
True,0.970818663220892,0
True,0.770320923052446,0
True,1.05775496151913,0
True,1.39375884860408,0
True,1.60390971953814,0
True,0.715688764752308,0
True,3.60872727282399,0
True,2.04397579613963,0
True,1.47249042412854,0
True,2.09252298313767,0
True,2.35614872545392,0
True,2.02225634637109,0
True,1.04962331729228,0
True,1.09390886504035,0
True,1.79996367984196,0
True,2.08331093188684,0
True,2.47494672434147,0
True,1.8556359613008,0
True,2.58616051244164,0
True,1.23268426118615,0
True,2.4897753683818,0
True,3.80719323224341,0
True,2.1312146341901,0
True,0.940291354050238,0
True,1.50583724036192,0
True,2.39604713032528,0
True,1.37909415735135,0
True,1.36739798528634,0
True,1.14928139916179,0
True,1.83891537303395,0
True,2.0264257139883,0
True,1.93890535415448,0
True,2.76697727500031,0
True,2.17965140357991,0
True,1.19879095178206,0
True,2.88411137783528,0
True,1.8711626533067,0
True,2.30463912236137,0
True,2.15115928615486,0
True,2.42907680323127,0
True,1.01023165440902,0
True,0.951189191986267,0
True,2.6828423196022,0
True,1.82382270527197,0
True,1.15311108127205,0
True,2.43618081369017,0
True,1.03753998760806,0
True,2.34448943345613,0
True,2.49122182021986,0
True,1.56859469377287,0
True,1.96130368739211,0
True,1.75890162924895,0
True,3.19280344802044,0
True,2.0519653379388,0
True,2.34848742640966,0
True,1.47624210943683,0
True,3.17894852775907,0
True,2.56619753855819,0
True,3.20453323203592,0
True,3.73925889087759,0
True,1.37161789005088,0
True,0.767409986816724,0
True,1.46844041871839,0
True,2.36661322027021,0
True,2.40573880137553,0
True,2.79655557966702,0
True,2.04052803844409,0
True,1.36631521444958,0
True,2.30226276313482,0
True,2.15188233437333,0
True,1.26860797773309,0
True,1.37542954743894,0
True,1.61847274281644,0
True,1.36317118235589,0
True,2.04800846757169,0
True,2.29392346222439,0
True,4.4095690805655,0
True,4.06232415600497,0
True,1.17149111675004,0
True,1.91302821222342,0
True,0.936815334303985,0
True,0.855775292410836,0
True,1.07187870461919,0
True,2.01386675856158,0
True,1.85891869601672,0
True,2.21847648485841,0
True,1.44523583523497,0
True,3.98746117697809,0
True,1.18690336836156,0
True,1.64751470491005,0
True,1.13707360571842,0
True,0.961654159571407,0
True,2.24912620725199,0
True,1.56298160693818,0
True,1.48776748993718,0
True,2.90450490562817,0
True,1.79709470941762,0
True,1.72612056177494,0
True,1.16601797461569,0
True,4.2169846898302,0
True,1.39993589777563,0
True,1.73074394041006,0
True,2.0077010443701,0
True,3.24912651892704,0
True,3.45709446166324,0
True,1.41517354377418,0
True,4.25753652977757,0
True,0.831802729920997,0
True,1.3669723597367,0
True,2.48110074127715,0
True,2.66691886338622,0
True,1.83917853763053,0
True,1.05535238469625,0
True,1.30495550167852,0
True,2.0427603398581,0
True,2.08374024101903,0
True,1.97131443954444,0
True,1.65714331384142,0
True,1.99200858262563,0
True,1.60980334346338,0
True,1.5421009669896,0
True,2.53168582897684,0
True,2.27827110907961,0
True,3.30557736353176,0
True,1.89194220794034,0
True,1.92639200536624,0
True,2.64008326912559,0
True,3.45582906773381,0
True,2.37686785698059,0
True,2.2669037564112,0
True,0.849776670424757,0
True,2.21155832314153,0
True,1.02058734236412,0
True,1.17136247827357,0
True,1.72360768540252,0
True,1.89206083099243,0
True,2.25678617901566,0
True,1.61530161954077,0
True,1.50239696490946,0
True,3.35532351079781,0
True,2.53628419829903,0
True,1.25761670732337,0
True,1.04366572165519,0
True,2.18494067003064,0
True,1.917198439628,0
True,0.974704072393272,0
True,3.67294747442991,0
True,2.33905198961995,0
True,1.28668095698415,0
True,2.46091841924845,0
True,2.55441985849781,0
True,3.59649801119724,0
True,1.97892086372999,0
True,0.697685391492242,0
True,1.80085373139003,0
True,1.92853384546324,0
True,1.95013815429713,0
True,2.09776318461805,0
True,2.64030250654249,0
True,1.0288533896858,0
True,2.54841777874838,0
True,1.61779494569117,0
True,2.58930158593636,0
True,2.73234543975723,0
True,0.836046256225461,0
True,1.08042688444929,0
True,1.73089187905875,0
True,2.22187124567582,0
False,1.69700374214974,0.000255826146310318
True,1.40551734527362,0
True,1.0995273851588,0
True,3.92176296125258,0
True,1.98477593417223,0
True,2.15666279906221,0
True,1.4002926423752,0
True,1.45178915314035,0
True,2.30797729354605,0
True,2.0158241918889,0
True,2.0883918540823,0
True,1.48478999527744,0
True,1.0351366304575,0
True,1.649478436993,0
True,2.28842389632293,0
True,1.64826292355079,0
True,0.988703564946695,0
True,2.16605378572793,0
True,1.44339635254239,0
True,1.60441376732134,0
True,1.45439956241555,0
True,1.35208932998663,0
True,2.67130351546804,0
True,2.26158452615958,0
True,4.28428615778433,0
True,1.78508162395304,0
True,2.54739672949032,0
True,1.14272672821709,0
True,1.33875928245064,0
True,2.71831341381563,0
True,2.56794682366317,0
True,2.56385481418616,0
True,1.84361283604003,0
True,1.22010951557187,0
True,1.21488289171449,0
True,2.17980220513158,0
True,2.53601145323599,0
True,2.41256918589669,0
True,1.60760140355701,0
True,1.78380953878016,0
True,2.37238744898553,0
True,1.65924013679588,0
True,1.49942861204423,0
True,1.69652220266111,0
True,2.09822281350556,0
True,1.67841299120081,0
True,1.49786461396311,0
True,1.42537937379518,0
True,1.08635020995969,0
True,0.95045598676426,0
True,2.71784353555998,0
True,2.38100167802431,0
True,1.43115463329254,0
True,1.44136081007207,0
True,2.15765378270885,0
True,1.49368970660938,0
True,2.34813697222123,0
True,3.11925518839429,0
True,0.854393184735423,0
True,2.30128788173936,0
True,0.959474033398288,0
True,1.64611765848183,0
True,1.77386871122381,0
True,1.59394052399761,0
True,1.0419130171576,0
True,1.08738106272246,0
True,0.996741841246883,0
True,2.1334831513891,0
True,2.22300070811899,0
True,1.8152951381484,0
True,1.12786639494722,0
True,1.11667216706541,0
True,2.16436076689962,0
True,1.30804083969613,0
True,1.05870017201429,0
True,1.23462693043029,0
True,1.06494432819131,0
True,1.17186020962585,0
True,0.923521032606565,0
True,3.3656816378488,0
True,2.05355791039278,0
True,1.88993542689472,0
True,2.90507439433454,0
True,1.32627729076185,0
False,2.83067915834405,0.000542243562768886
True,2.13829597623935,0
True,2.78898416406549,0
True,1.30589655029969,0
True,1.3672762851604,0
True,1.48808479885455,0
True,2.3761619523587,0
True,2.89197848304774,0
True,2.58980141556996,0
True,1.83280398522524,0
True,2.33894337013421,0
True,1.73809552262355,0
True,1.11990579629958,0
True,1.09362118495088,0
True,1.23397607470338,0
True,1.59581371675885,0
True,4.55131960291134,0
True,2.08850786016435,0
True,1.46997367344419,0
True,2.85694228202242,0
True,0.825331934435004,0
False,1.11056306357742,0.00021055601374788
True,1.23420696243308,0
True,2.21639036663874,0
True,1.69535183560339,0
True,1.2256728375197,0
True,1.1596122526794,0
True,0.595202606866759,0
True,1.79693450309444,0
True,3.38468567364807,0
True,1.86435281946672,0
True,1.0069479308859,0
True,2.70470195211144,0
True,1.60301787215163,0
True,1.63106765467818,0
True,2.46473759295266,0
True,2.42279715446753,0
True,1.60161933309951,0
True,0.728456002046761,0
True,1.41656273861121,0
True,3.74609745238233,0
True,2.16076123273999,0
True,2.58032068382808,0
True,2.43599893056853,0
True,2.67302328946428,0
True,2.00120678308954,0
True,1.43364082391837,0
True,1.12440368924199,0
True,1.22370634246572,0
True,4.13530469456532,0
True,2.68602726460327,0
True,2.29911094189424,0
True,2.25514117337912,0
True,1.01907939760308,0
True,2.14779759067293,0
True,2.13478238925828,0
True,3.38712420970223,0
True,2.36683004377198,0
True,2.69922862101542,0
True,3.7252388674634,0
True,2.00515758297813,0
True,1.91130783650384,0
True,2.16278148172165,0
True,2.17454198877472,0
True,2.26663329289999,0
True,1.89171705054638,0
True,1.10821994068449,0
True,1.50882427688179,0
True,1.86126364189382,0
True,1.6816075904037,0
True,0.73715873989678,0
True,1.03391966962421,0
True,1.60533730333415,0
True,2.0051716771223,0
True,3.6671341822336,0
True,2.45223726057631,0
True,1.67024488637745,0
True,0.961922636014181,0
True,1.99325731380306,0
True,3.34261175211989,0
True,1.8300671096818,0
True,0.875874532573003,0
True,2.52957388729242,0
True,1.3946902543825,0
True,1.47653621936974,0
True,3.27073901469397,0
True,1.38079360470233,0
True,1.81814345420399,0
True,2.92498425285843,0
True,2.94531683561802,0
True,1.95176301939269,0
True,1.78583875481585,0
True,0.879801060536635,0
True,1.61908952164488,0
True,2.28370011467922,0
True,1.76031790772325,0
True,2.10431805557381,0
True,1.72091219933868,0
True,2.47007856140035,0
True,1.64354481601583,0
True,1.63086230631803,0
True,1.295475796774,0
True,2.12354021620018,0
True,3.49455578888753,0
True,2.23493378856972,0
True,1.28528008822065,0
True,1.53402016483018,0
True,0.684377450797093,0
True,0.962080699735752,0
True,2.02780035143771,0
True,1.13358970602263,0
True,1.56487238814374,0
True,3.00062173946624,0
True,1.44330726798334,0
True,1.70992473099713,0
True,1.49111270980952,0
True,2.17631103801099,0
True,3.01852076583519,0
True,1.79117323527455,0
True,1.99745618785972,0
True,3.22182543546209,0
True,1.31758314646454,0
True,1.76254721326009,0
True,2.30809437268024,0
True,0.959571161004515,0
True,1.9110165628433,0
True,1.70360324655448,0
True,1.00605912507153,0
True,1.41346810171556,0
True,2.44384403775472,0
True,1.47470833952089,0
True,1.97054498858629,0
True,1.89291438228668,0
True,2.24981888634802,0
True,1.71903821212734,0
True,2.16064347419765,0
True,2.42922949567219,0
True,1.23539726761113,0
True,0.972387137356702,0
True,1.23089133503491,0
True,1.5858069727616,0
True,1.95402181818932,0
True,2.1838411634155,0
True,1.22518956615889,0
True,1.55856390618503,0
True,1.092486095296,0
True,1.69868594974779,0
True,1.68391531142617,0
True,1.80845250912408,0
True,1.94901871525427,0
True,0.65915999232601,0
True,0.581774437652392,0
True,1.94455900811228,0
True,1.85015820736935,0
True,2.66332890286885,0
True,1.36341467709706,0
True,1.28808744184961,0
True,1.10474335561077,0
True,2.42109753508948,0
True,1.75419123751523,0
True,2.2359210091244,0
True,1.3624633875466,0
True,2.22645837900881,0
True,1.35148821956388,0
True,1.36265074660027,0
True,1.41818403676291,0
True,2.08164281432327,0
True,1.0409829008182,0
True,1.54677012582844,0
True,4.54377704386112,0
True,2.49747502258683,0
True,1.50492413305044,0
True,1.2624884687183,0
True,1.67845936963341,0
True,1.97073099784999,0
True,0.971469867193747,0
True,3.53373742108884,0
True,2.61494062056073,0
True,2.44828065754699,0
False,1.42152296970088,9.5867663965459E-05
True,1.34462417811385,0
True,1.18372190213535,0
True,1.33563374109483,0
True,2.88613224300279,0
True,2.90679263256036,0
True,2.52220763276497,0
True,1.1957061570612,0
True,1.68651863591845,0
True,0.853369601342536,0
True,3.41018639775721,0
True,1.90680827899937,0
True,2.82825960760792,0
True,2.66404002178427,0
True,2.68460619118289,0
True,3.10317234918522,0
True,1.69075180093063,0
True,2.67205848455535,0
True,3.52225654738039,0
True,0.694168767494764,0
True,1.15348774539967,0
True,1.12092722477465,0
True,2.05690079995641,0
True,3.0558383960414,0
True,2.67584747366196,0
True,3.41529366214598,0
True,1.81918063423936,0
True,1.49360492999255,0
True,0.761370218196383,0
True,1.97936315053859,0
True,2.45141049844364,0
True,1.27603830413976,0
True,1.99629923576326,0
True,2.5174869056664,0
True,2.14225928230832,0
True,1.6683059243868,0
True,2.04452448628569,0
True,2.39800563204224,0
True,1.39880136438492,0
True,3.63603169665911,0
True,3.01148815520977,0
True,2.3522099655121,0
True,1.38290058210646,0
True,1.96954844607245,0
True,1.68771920642891,0
True,2.62999071380426,0
True,2.27763995366562,0
True,1.16147890657204,0
True,2.53326936067508,0
True,2.39716916435011,0
True,2.0491473521488,0
True,4.1262837229211,0
True,1.92984102682315,0
True,1.16435290256752,0
True,3.3549111088952,0
True,2.28031002187528,0
True,1.08582233685811,0
True,1.28071487547508,0
True,2.35563421404287,0
True,2.07182454293843,0
True,1.2041579546491,0
True,3.4574782746926,0
True,2.38769797318494,0
True,2.07092617301591,0
True,0.993514758031809,0
True,2.18798515558348,0
True,2.34713818749985,0
True,1.77123845250748,0
True,1.77950803830898,0
True,2.13589451216854,0
True,1.73914540767437,0
True,1.29230663266886,0
True,1.31446725206298,0
True,3.3754033085195,0
True,2.18240455529391,0
True,1.3126826927301,0
True,0.796751109435649,0
True,1.63089237459797,0
True,2.28382963366702,0
True,1.79823948880322,0
True,1.04766095691236,0
True,3.76418315668014,0
True,2.42928169127695,0
True,3.00254011013202,0
True,0.946526593525437,0
True,1.57893046670804,0
True,3.01287690166334,0
True,1.78500747328113,0
True,1.70910378168145,0
True,1.88349871434546,0
True,0.967502176443888,0
True,1.27373938551325,0
True,3.78434820801775,0
True,3.98673592597429,0
True,1.44445331629982,0
True,1.37068850482068,0
True,1.17120759837977,0
True,1.16530920389667,0
True,2.07311133144207,0
True,2.10361063167777,0
True,1.16288487911132,0
True,3.32488545124265,0
True,4.35773949681174,0
True,2.10615214069939,0
True,1.9654115732277,0
True,1.7956052905311,0
True,3.06952112713607,0
True,1.91983247420254,0
True,0.865333869846105,0
True,1.79720390630107,0
True,2.55083451407899,0
True,1.94266375490223,0
True,1.67663242677597,0
True,2.20027092175132,0
True,2.72615017454241,0
True,1.10995269502428,0
True,1.11896346956553,0
True,2.61085312048022,0
True,2.61866993395564,0
True,2.02309018175595,0
True,1.40785883284426,0
True,1.17547256861333,0
True,3.39738787943974,0
True,0.936369301620028,0
True,1.59978187023992,0
True,2.35144507278362,0
True,1.72152249341236,0
True,2.59736147254998,0
True,2.73896211023885,0
True,1.20819186740382,0
True,2.31407154112365,0
True,1.77621088312,0
True,2.04450975776793,0
True,1.54151561293187,0
True,1.02079306619166,0
True,2.42401517399383,0
True,2.85359904400235,0
True,2.6679068763804,0
True,2.6244345359622,0
True,1.37105611668347,0
True,1.03408753354362,0
True,3.53609861426491,0
True,1.39393473191917,0
True,1.2870913075734,0
True,2.66971799319452,0
True,3.39478082772037,0
True,0.868695560433852,0
True,3.48549495866697,0
True,2.5420656258,0
True,1.79421688026928,0
True,1.57056429066908,0
True,3.67941969887155,0
True,2.30029846533691,0
True,1.71718202943111,0
True,3.85322275981215,0
True,2.60356869675669,0
True,2.01569780460817,0
True,1.35698183732608,0
True,0.961498508458245,0
True,1.10957524003045,0
True,2.04039472645032,0
True,2.09310088556807,0
True,2.05194282826861,0
True,0.920449098469679,0
True,1.11252182272926,0
True,0.833994542027233,0
True,1.59150592512441,0
True,2.25735987766746,0
True,2.61301167223087,0
True,1.02276893125405,0
True,0.886053686914104,0
True,1.50668846810087,0
True,1.64810600240321,0
True,1.96709115027129,0
True,1.59074841675687,0
True,1.89288634612079,0
True,3.45137285854589,0
True,2.75247964619226,0
True,1.40257892722549,0
True,3.61800655352512,0
True,2.92175874351781,0
True,1.97383998034199,0
True,1.27656887727859,0
True,1.28415574163581,0
True,1.55837414099549,0
True,1.92573492801826,0
True,1.88161569818837,0
True,1.41430525287304,0
True,1.70690199636523,0
True,1.02860729894184,0
True,1.37612426206115,0
True,2.04864929608602,0
True,1.31333631029008,0
True,1.33255425237763,0
True,1.65261887590528,0
True,1.58669220288992,0
True,2.95108261663296,0
True,2.64845415494312,0
True,1.12353786728789,0
True,2.10636604699189,0
True,2.97570127502782,0
True,2.29042443379459,0
True,2.47391742695806,0
True,2.82483612763253,0
True,2.61847532736222,0
True,3.50934411289858,0
True,1.24861925619749,0
True,1.46282764742457,0
True,2.53246182251794,0
True,0.913123647924742,0
True,2.12007609161947,0
True,2.0088341282043,0
True,1.70893950769609,0
True,1.40685306448237,0
True,1.58976371652923,0
True,1.97323775019168,0
True,1.38659288592494,0
True,2.19495676842595,0
True,1.76651147814291,0
True,1.86396933866635,0
True,2.10756728499457,0
True,1.95449653807768,0
True,1.62147113538315,0
True,3.03675904672586,0
True,2.31013955783257,0
True,1.10850634108499,0
True,2.74986650521361,0
True,2.39449179195267,0
True,1.90142867838411,0
True,2.39580451250721,0
True,2.82468037043188,0
True,1.708338061329,0
True,1.81346407999941,0
True,0.690796646889617,0
True,2.19029692157661,0
True,2.13283586100336,0
True,1.37659993991592,0
True,0.903139724452789,0
True,1.08767703121643,0
True,2.48614765311361,0
True,2.20772492275896,0
True,2.36414537520109,0
True,0.659590402005368,0
True,2.01169178921868,0
True,3.57136798456084,0
True,3.01642758348517,0
True,2.07880265386356,0
True,1.36379107713572,0
True,2.12745367038239,0
True,1.94391346979495,0
False,2.04704580580703,0.00029476075925786
True,3.39974187168435,0
True,2.39814242536881,0
True,2.19639508153357,0
True,2.02326617187196,0
True,1.71160838505844,0
True,1.99309979180193,0
True,3.23996413668944,0
True,1.61592612208638,0
True,3.25758913050702,0
True,2.85437015527309,0
True,0.735848167190965,0
True,2.7290848883561,0
True,1.27177141367817,0
True,3.43285888403936,0
True,1.67574539054062,0
True,2.77809125219726,0
True,2.18790044748029,0
True,2.04540961196127,0
True,2.201444504663,0
True,1.9969890993915,0
True,3.62326331750475,0
True,2.34424083909401,0
True,1.23458356729599,0
True,1.22749165999304,0
True,1.4317931744868,0
True,1.82764098396179,0
True,2.10387951341876,0
True,1.19012008749387,0
True,2.09250220762698,0
True,2.37469947157192,0
True,0.758626142458636,0
True,0.943780316207934,0
True,3.42646020633869,0
True,2.97380542010643,0
True,1.71298978198847,0
True,3.10716716680608,0
True,1.35363312615466,0
True,3.63836229310093,0
True,3.54029249496338,0
True,1.47081243061094,0
True,1.69399430671884,0
True,2.52599955321033,0
True,2.23849565514672,0
True,2.51974297362327,0
True,0.581940241575059,0
True,1.53802271999868,0
True,2.92397421298509,0
True,1.10871362502473,0
True,1.51756604217292,0
True,1.16362548081932,0
True,1.49355432557479,0
True,2.09671349622153,0
True,1.55555047087737,0
True,2.24321080221887,0
True,2.34321110651045,0
True,2.25727725947023,0
True,3.44704173200311,0
True,1.19534427179257,0
True,1.85503317976684,0
True,1.74580706554066,0
True,3.0564251059491,0
True,3.6286032867053,0
True,1.686369911067,0
True,0.598486876763465,0
True,3.66214219902148,0
True,0.95057203347166,0
True,2.1040083780952,0
True,1.75864371538006,0
True,1.95972386310453,0
True,2.18561630245525,0
True,1.65793418583018,0
True,1.1834086048532,0
True,4.07985936436495,0
True,1.70212908607232,0
True,1.42739685887737,0
True,1.62736598956334,0
True,3.46997421309013,0
True,1.59318218388941,0
False,4.0601854189971,0.00055774127716063
True,4.03588889409376,0
True,1.4884289829215,0
True,1.46467965174533,0
True,1.34453085440781,0
True,1.4320209289992,0
True,2.96360116436576,0
True,1.90323546918862,0
True,2.48766943046315,0
True,1.8702715423168,0
True,3.7752433653725,0
True,3.33372490304075,0
True,1.86115413276216,0
True,1.30802179751072,0
True,2.21899011183606,0
True,1.63385504245405,0
True,1.50998560053861,0
True,1.9306643725729,0
True,2.30701965654188,0
True,2.55242049390928,0
True,1.52609927961731,0
True,0.684247614122336,0
True,1.12128719288966,0
True,2.16138442850748,0
True,3.50912660364695,0
True,1.40619039745811,0
True,1.34916260614882,0
True,0.962487332042589,0
True,2.06826721906531,0
True,1.46504250449114,0
True,1.1021751857804,0
True,1.95020026265307,0
True,1.76446744491101,0
True,1.74294317331287,0
True,1.91861742111191,0
True,1.65231608006125,0
True,1.66895366467438,0
True,1.46494847666159,0
True,1.76918179651684,0
True,1.99289449647585,0
True,1.57274699819967,0
True,3.64095101462713,0
True,3.90302561433483,0
True,2.97963936371488,0
True,2.68529758970711,0
True,2.10702372801803,0
True,1.52841951593811,0
True,0.823686682047049,0
True,1.57378354513536,0
True,1.73175928142638,0
True,1.25233099757148,0
True,1.27322555022419,0
True,1.85715943672081,0
True,2.70174203417097,0
True,1.58825066213436,0
True,1.41212136815958,0
True,1.28836806532714,0
True,1.54635500143106,0
True,1.22022538805386,0
True,3.4794165821165,0
True,2.04691301030472,0
True,1.24331668208875,0
True,3.03742449465992,0
True,2.50092265653844,0
True,1.55659284669185,0
True,2.97167564532989,0
True,1.74655524828489,0
True,4.15567737338117,0
True,1.96170497383858,0
True,2.27295950766828,0
True,1.42524288811954,0
True,1.56816351356558,0
True,1.12730880648488,0
True,1.44550311844546,0
True,2.89068997923676,0
True,2.97325921271408,0
True,2.19555447100057,0
True,3.62019058020636,0
True,2.26340415663833,0
True,1.23700336339333,0
True,1.24171113947673,0
True,1.27195793581883,0
True,3.19199207274835,0
True,1.62731563014258,0
True,3.61225180573517,0
True,1.82370806311679,0
True,1.17471223746137,0
True,0.946301663451282,0
True,1.43089420054243,0
True,2.22702345263204,0
True,0.948228732565588,0
True,1.50005345152912,0
True,2.75694180699324,0
True,1.54020789352991,0
True,1.39528249385746,0
True,1.45715197912094,0
True,2.40546130221329,0
True,2.47189466368721,0
True,0.9549056243899,0
True,3.92111658418921,0
True,1.10087491138818,0
True,1.30350579103252,0
True,1.38012654232967,0
True,3.7654342897317,0
True,1.65818832039417,0
True,3.5508963447611,0
True,1.0835367318457,0
True,3.41080634710716,0
True,2.48934076271894,0
True,2.61577980374326,0
True,1.93770817671269,0
True,1.86608126942251,0
True,2.55025030699656,0
True,1.17607509295614,0
True,1.14888119773476,0
True,1.19661000923844,0
True,1.09191157852552,0
True,1.58055010540248,0
True,2.36268816636305,0
True,2.9344769183938,0
True,2.2053835228662,0
True,1.84159893206205,0
True,1.58722389668746,0
True,1.28527613303361,0
True,1.84915635627439,0
True,1.48786808214129,0
True,1.65063819076988,0
True,0.972426724963822,0
True,3.67916776490498,0
True,1.51642578888012,0
True,2.24888727483986,0
True,1.66002256573582,0
True,3.47911222288051,0
True,3.52546952373246,0
True,3.13707775740078,0
True,2.82437544480474,0
True,3.76693849635222,0
True,3.78272256446811,0
True,1.16955891302723,0
True,1.48531893066664,0
True,1.80545073197081,0
True,1.79942763699599,0
True,1.36395270220802,0
True,1.87213742483839,0
True,1.65987492543927,0
True,1.64227278039719,0
True,2.09093666624504,0
True,1.53984116144385,0
True,1.77255164023292,0
True,2.67269657952727,0
True,2.80646582349313,0
True,2.17716527057772,0
True,1.97081106590944,0
True,0.951424147976441,0
True,1.79252698263135,0
True,1.75239613882617,0
True,1.70136897256374,0
True,3.55294435321456,0
True,2.43252805277802,0
True,1.73120598788824,0
True,2.20600845377242,0
True,1.31703193318633,0
True,0.867155445590625,0
True,0.63125814479776,0
True,1.01140397091204,0
True,1.12843030537712,0
True,1.07285049623784,0
True,2.41437964184745,0
True,2.3494927444742,0
True,2.45293267227366,0
True,1.81881985636964,0
True,0.910841616199855,0
True,1.16617083954136,0
True,1.70913480065394,0
True,2.34683024561463,0
True,2.5637871704924,0
True,2.21987630847587,0
True,1.91397283105483,0
True,1.95205553264758,0
True,2.7984218750371,0
True,1.72827453917513,0
True,2.67803800904191,0
True,3.18234066215016,0
True,1.12504150125443,0
True,1.48344840223843,0
True,1.17133927433345,0
True,1.02772004539399,0
True,3.21890135843128,0
True,2.14691764191611,0
True,2.17069830038915,0
True,2.16581753264824,0
True,1.08661159465855,0
True,1.93898338499961,0
True,1.64203005320094,0
True,1.49826649409854,0
True,3.62225099899023,0
True,2.35911596130988,0
True,1.84253854322952,0
True,1.61633909132234,0
True,0.926190223762627,0
True,0.997064153039426,0
True,1.32718534872993,0
True,1.63138923862857,0
True,1.81751224519397,0
True,1.17210791069275,0
True,1.57108010051871,0
True,0.677859010280441,0
True,1.21103316376705,0
True,0.838334067549309,0
True,2.60532282806655,0
True,1.55035147578974,0
True,1.411646585816,0
True,1.52686508973307,0
True,1.13017087981562,0
True,1.55567215499061,0
True,2.30659156566559,0
True,1.86084061314645,0
True,1.42972469418738,0
True,2.19431525146319,0
True,1.04842731182928,0
True,1.9170403762984,0
True,2.16774888648202,0
True,1.96701247487075,0
True,2.57240734730671,0
True,1.80505665010515,0
True,2.48543602361347,0
True,1.77924443820869,0
True,1.95837348549749,0
True,1.13853786951015,0
True,1.51899821329915,0
True,1.3820717118625,0
True,1.49015010780191,0
True,1.66860140751663,0
True,1.19152359359162,0
True,2.81557158974262,0
True,2.21947238489575,0
True,3.49444499643062,0
True,3.28043861935667,0
True,1.58883802182681,0
True,2.02525613054585,0
True,1.80453659425623,0
True,1.53319336862249,0
True,2.49064156586304,0
True,1.73440037081114,0
True,1.26167753669018,0
True,1.10619458120229,0
True,2.28577091744831,0
True,1.00404852608531,0
True,2.15166178100475,0
True,1.31627040796127,0
True,1.70776787156892,0
True,1.94541582005903,0
True,0.969137972547147,0
True,2.44518729711429,0
True,1.7955254931416,0
True,1.62698254516756,0
True,2.39583052474397,0
True,1.94692078806801,0
True,1.55118216355139,0
True,1.89896103199002,0
True,2.60536199643425,0
True,2.58325643035744,0
True,0.778335991510775,0
True,2.24461560852862,0
True,3.18534298890735,0
True,3.66497092396524,0
True,4.58817656201378,0
True,2.52779649245536,0
True,1.67580967213994,0
True,1.36016550293078,0
True,1.32353150838462,0
True,2.44435192154605,0
True,3.57946525361917,0
True,4.05099110869523,0
True,1.26776462834664,0
True,2.04448914438547,0
True,1.82983711967299,0
True,1.40786498931785,0
True,1.91352728561909,0
True,1.25375273599431,0
True,2.13478480768023,0
True,3.16299785815249,0
True,3.06590587934178,0
True,3.41714121300172,0
True,3.51852361620005,0
True,3.19080990376885,0
True,1.39073675584601,0
True,2.99714340506091,0
True,2.56078602284718,0
True,2.42260429572813,0
True,1.85093931871145,0
True,1.67923062570771,0
True,1.76427610164095,0
True,1.2585085149509,0
True,2.63056601418661,0
True,2.51316001358652,0
True,1.32098276261065,0
True,1.29786890055034,0
True,1.05538957785488,0
True,1.56187484268792,0
True,3.62972844584564,0
True,0.949578621561119,0
True,1.07003857375464,0
True,2.11870847032396,0
True,0.853110386233252,0
True,0.768193098109295,0
True,1.79056803232772,0
True,3.42154233258412,0
True,2.01394764128481,0
True,1.34849289859821,0
True,1.75744131865528,0
True,2.68658882564,0
True,2.85277960557968,0
True,0.794724384245654,0
True,2.94522194756688,0
True,1.5133323344602,0
True,1.04991592364448,0
True,1.50863126727856,0
True,1.32781417497127,0
True,0.687068546360324,0
True,1.71170856932838,0
True,1.06323149707604,0
True,1.00847771289569,0
True,1.98049841554361,0
True,1.27051788902572,0
True,4.08965905081182,0
True,4.3199610342315,0
True,1.81025556956253,0
True,2.3186587155278,0
True,1.0619861788938,0
True,0.843797934624743,0
True,1.11778243460757,0
True,0.846426358929142,0
True,2.78052067126121,0
True,3.30406409927195,0
True,4.28101366773493,0
True,1.01593723041612,0
True,3.98500801698451,0
True,1.88382619430935,0
True,1.68538210730981,0
True,0.863277478676588,0
True,1.89033138089615,0
True,0.508164577833155,0
True,1.05837875992668,0
True,2.56501257320914,0
True,1.97774304312961,0
True,1.21915196583552,0
True,2.00202305221841,0
True,1.35580111125574,0
True,2.6875398844943,0
True,1.87049849396198,0
True,2.10976722899369,0
True,2.59770312557454,0
True,2.82412924757702,0
True,2.23336962862426,0
True,1.2356385135416,0
True,3.38133785790072,0
True,2.42701582510563,0
True,0.337340616983572,0
True,2.37544020819699,0
True,2.75324910342083,0
True,2.70536542639596,0
True,2.27184382541964,0
True,1.45700383445365,0
True,1.03985341899809,0
True,1.64093955334804,0
True,1.02980256769018,0
True,2.30438968021504,0
True,3.14694676275654,0
True,1.66712909775387,0
True,0.83625198334064,0
True,1.81219682156877,0
True,2.32440493003507,0
True,3.26822647482795,0
True,2.08605865634622,0
True,0.947947736890834,0
True,1.21747853282045,0
True,1.12506070894956,0
True,0.97128263565102,0
True,1.33973590901333,0
True,4.18912441705482,0
True,1.35429508835085,0
True,1.860624135949,0
True,2.44499286078345,0
True,0.822438871474071,0
True,1.7497807950932,0
True,2.66102373098442,0
True,2.21781221306948,0
True,1.51938465068136,0
True,1.01765810805144,0
True,0.980715615325326,0
True,1.26356796772632,0
True,0.888938890729951,0
True,1.77357411869389,0
True,1.94519532099162,0
True,1.41616108923444,0
True,2.22781690800302,0
True,2.33880609189016,0
True,2.80926359522183,0
True,1.51301111400536,0
True,1.21712223530684,0
True,1.7017361553957,0
True,1.98957110993477,0
True,1.52385910358842,0
True,1.5496885180774,0
True,0.787658189224006,0
True,1.90030902761877,0
True,1.49481442144401,0
True,2.49564836629076,0
True,2.11580570932493,0
True,3.32176194752367,0
True,1.80067123818531,0
True,1.25801374532055,0
True,0.782256748599449,0
True,1.75030718671482,0
True,1.48962796398758,0
True,0.84959956064992,0
True,2.02910020293768,0
True,2.13532553048179,0
True,1.98750288059047,0
True,1.49833711636741,0
True,1.6183174503357,0
True,1.88837373718538,0
True,2.28573224624258,0
True,1.2310224971588,0
True,2.36749521404506,0
True,2.38313699573074,0
True,1.10259114494144,0
True,3.75795219545637,0
True,2.49258158066608,0
True,1.20405898503451,0
True,1.92365273551895,0
True,2.3619741700009,0
True,2.1389305461437,0
True,2.55709085070674,0
True,3.74156734820089,0
True,4.31593267082809,0
True,1.2512359494834,0
True,2.40357279820263,0
True,3.41108951038216,0
True,1.67046368957496,0
True,1.27969744906654,0
True,2.64956955274215,0
True,2.67694933909333,0
True,1.33417641365003,0
True,0.830284306075195,0
True,1.24481003111441,0
True,2.48035309281259,0
True,1.2515129049709,0
True,2.45144150957878,0
True,2.36052450258843,0
True,3.25368764375664,0
True,2.14392977195287,0
True,1.89955077415248,0
True,1.70778519834392,0
True,1.03782513887249,0
True,1.6333036498311,0
True,2.37596726877719,0
True,1.56549847331096,0
True,2.60217373272991,0
True,2.847284326649,0
True,1.80177159326662,0
True,2.02177375197229,0
True,2.73969252128211,0
True,0.629776305269843,0
True,1.30118313710289,0
True,2.82608107578197,0
True,1.45032824019665,0
True,1.18880196424164,0
True,2.92262671973039,0
True,3.5377872706063,0
True,4.53335868707246,0
True,0.994653030795724,0
True,2.3388384389547,0
True,3.68532878397918,0
True,1.68899187926136,0
True,1.29407964205235,0
True,1.73397872014481,0
True,0.88036575562366,0
True,2.44462168203423,0
True,1.12942172284575,0
True,1.01067270254329,0
True,2.24119009142596,0
True,1.09596614139401,0
True,1.68625696889005,0
True,1.98174107301082,0
True,1.55338561697613,0
True,1.76612766928026,0
True,1.99724694370387,0
True,1.81603592186658,0
True,1.80978577344589,0
True,2.10738923409353,0
True,1.86997542307361,0
True,1.80441578360109,0
True,2.09077658077653,0
True,2.14320113912831,0
True,1.72822198031318,0
True,3.05670307125074,0
True,1.7382670755881,0
True,4.10627884639393,0
True,4.17686372802214,0
True,1.68705563168244,0
True,2.21501674624424,0
True,2.33995051274463,0
True,2.70281993263808,0
True,0.807878722044133,0
True,2.09213467210035,0
False,3.07988688880839,9.25141507661298E-05
True,1.36168747498569,0
True,1.05583906339414,0
True,1.88754987290388,0
True,4.51677764838894,0
True,1.35715879831172,0
True,2.93448097272524,0
True,2.53750265828987,0
True,1.33718617475362,0
True,1.91469827844978,0
True,1.65272058065419,0
True,2.00201960192186,0
True,1.2102648055596,0
True,0.927803975003189,0
True,1.76148814449903,0
True,1.71935033757243,0
True,1.37730058050107,0
True,2.55503606556248,0
True,1.46659454002805,0
True,3.09591102999954,0
True,1.69781184535977,0
False,1.48757670501266,8.88089815313815E-05
True,1.34998219604313,0
True,1.40158883684867,0
True,1.71921782365102,0
True,2.04869288668691,0
True,0.700765105803281,0
True,2.09905044920819,0
True,0.99912766406953,0
True,1.3582573243999,0
True,1.68017024527334,0
True,1.72497641736894,0
True,1.89479453611896,0
True,1.75178226342923,0
True,0.76958714482244,0
True,2.17620709050353,0
True,2.57365631334193,0
True,1.82192740624013,0
True,2.30440625440667,0
True,1.92835225795023,0
True,1.44622340350728,0
True,1.33049369446483,0
True,0.913021136423508,0
True,1.5078636746763,0
True,1.28024424071079,0
True,2.47541549348791,0
True,1.53131934634365,0
True,2.22279960856528,0
True,2.14756648693379,0
True,2.534555716779,0
True,2.3566921198251,0
True,1.9843172327381,0
True,1.80255122074948,0
True,1.83157861453168,0
True,2.77760740097327,0
True,1.0066930271959,0
True,0.656605707345329,0
True,1.13044265707992,0
True,1.35503505881619,0
True,1.8130896934791,0
True,1.27672241941435,0
True,2.21047013387546,0
True,1.47497128923722,0
True,1.10778013599444,0
True,2.05721827277748,0
True,1.70821327273394,0
True,1.60721474329661,0
True,1.5460122761394,0
True,2.10017900755801,0
True,1.15676904694589,0
True,1.09117822146752,0
True,1.00290602968877,0
True,1.50097083918154,0
True,0.846976256654475,0
True,2.38044886771082,0
True,1.79703137195957,0
True,1.45684893789001,0
True,1.30419606325224,0
True,2.11927641280015,0
True,2.39968111801063,0
True,1.46873246703529,0
True,1.61867921569942,0
True,1.75600277463002,0
True,3.25847579809041,0
True,2.00538003853818,0
True,1.84131023968769,0
True,4.29095297238484,0
True,1.97542103210034,0
True,1.99492746885279,0
True,1.35886296199794,0
True,4.09561755152788,0
True,2.6028589255472,0
True,1.45254528107152,0
True,1.18166701487955,0
True,2.15545351667171,0
True,1.12380551046306,0
True,3.75995356367338,0
True,1.4071385164766,0
True,2.04274026437368,0
True,0.977532145116708,0
True,1.77692850362439,0
True,2.3870070982588,0
True,2.16144189499207,0
True,1.53239905803426,0
True,1.06798003393573,0
True,1.34337886302893,0
True,1.41517605398649,0
True,1.11929538250749,0
True,1.90296554324514,0
True,1.39374555401508,0
True,3.87169901791661,0
True,3.51568286994957,0
True,2.58918034225081,0
True,2.18198392308853,0
True,1.67013279906684,0
True,3.34211605294015,0
True,1.93585671446326,0
True,1.64165976537459,0
True,2.62234533017412,0
True,1.25799780196469,0
True,2.17667051440394,0
True,1.46211523899226,0
True,2.01932004718507,0
True,3.89282666244435,0
True,1.57867523145282,0
True,1.82365763709433,0
True,2.16800412896036,0
True,2.18248583045744,0
True,2.25999339929551,0
True,2.20323201570544,0
True,3.49232132137085,0
True,1.24001611632883,0
True,2.16213549275715,0
True,2.68540814561949,0
True,3.41907626319154,0
True,1.86859209323843,0
True,2.09321158966643,0
True,3.71289119052295,0
True,2.20521039344628,0
True,0.769311293295122,0
True,1.13671452895848,0
True,1.74864209712648,0
True,0.949619960304779,0
True,1.15553195490349,0
True,1.34741635858545,0
True,1.80904960347859,0
True,0.98175793458606,0
True,1.87757229970938,0
True,1.02627263477146,0
True,1.08626677720756,0
True,1.66380804739469,0
True,2.85674216930103,0
True,0.965609104526581,0
True,2.41463849729115,0
True,2.36332154174928,0
True,2.02873985760687,0
True,1.28731477841233,0
True,2.03427332125743,0
False,2.75271963072788,0.00117132050130502
True,3.04744276379872,0
True,2.49975093066206,0
True,2.07479036353936,0
True,1.43221595032334,0
True,1.22670007400172,0
True,3.58939853922221,0
True,1.12358035734799,0
True,1.01185146740621,0
True,2.37474114770054,0
True,1.6888075585465,0
True,1.66529201300615,0
True,1.29344265284359,0
True,1.26545321270485,0
True,1.12086139631377,0
False,1.72176223770533,0.000181073555145508
True,0.722078589939319,0
True,2.2378071627686,0
True,1.38789826828131,0
True,2.28192295322372,0
True,0.834004638886679,0
True,1.13034642170469,0
True,2.20841189736324,0
True,1.27682440515632,0
True,2.42719305921333,0
True,2.61722770960254,0
True,0.96650189088518,0
True,3.84384936857707,0
True,2.39020315997919,0
True,1.41641639202079,0
True,3.94071129027501,0
True,2.73271784855487,0
True,1.7876317993083,0
True,3.06745854403155,0
True,1.47197919699444,0
True,2.28452029433258,0
True,2.95591933295612,0
True,2.22379830078791,0
True,1.38022299055142,0
True,1.04477260370514,0
True,3.03311298710522,0
True,2.22091802273491,0
True,2.74252467132587,0
True,0.788979916010097,0
True,1.65606011226228,0
True,3.02541619712894,0
True,1.32638523817102,0
True,1.9346248048012,0
True,2.7800422803674,0
True,2.04562440115279,0
True,2.65608148560115,0
True,1.90185325279062,0
True,1.0472378085016,0
True,2.94936466224882,0
True,1.50584544287319,0
True,1.48945715912187,0
True,2.35758029357022,0
True,2.02652299365505,0
True,2.2212203357799,0
True,0.866488253260494,0
True,0.7724744032902,0
True,0.69664417589516,0
True,1.39509721560167,0
True,2.57692246381217,0
True,2.16721094340387,0
True,1.25035160092568,0
True,1.07590008023348,0
True,1.39330390265715,0
True,1.03223553482599,0
True,1.38946008238927,0
True,1.08486121871942,0
True,2.45402436992852,0
True,2.38080753102706,0
True,1.22929664755283,0
True,1.20798787904401,0
True,1.65867581695461,0
True,3.43631665863894,0
True,2.16427064145279,0
True,1.57817496570419,0
True,2.88321529128179,0
True,1.84003231142608,0
True,1.50508115098386,0
True,1.46874044421099,0
True,1.49724808192666,0
True,2.16205126113786,0
False,2.48810466048221,0.000326153930358803
True,2.40218879226619,0
True,2.04119891732774,0
True,2.51280673219666,0
True,2.01070850868461,0
True,1.21940152380666,0
True,1.36679968255003,0
True,0.756295575157562,0
True,1.16749504245024,0
True,2.75432021775813,0
True,2.14469527367973,0
True,2.08244570527415,0
True,1.25704516204751,0
True,1.51277842552449,0
True,2.98583828034808,0
True,1.08528028119273,0
True,1.08781330117375,0
True,1.16277646163736,0
True,1.432165090951,0
True,2.10888146159314,0
True,1.68523254343142,0
True,2.33930795263037,0
True,1.65575103280909,0
True,2.89104224929854,0
True,2.63050225686467,0
True,3.00646841769055,0
True,1.43909793553406,0
True,1.33201076967363,0
True,1.67791709939785,0
True,1.31107079368503,0
True,1.55372056292752,0
True,2.17657045008502,0
True,2.16103733670807,0
True,1.40529463764989,0
True,3.31418413252853,0
True,2.98115856526493,0
True,3.43930988270231,0
True,1.98905365378894,0
True,1.49964245104095,0
True,2.66087844248286,0
True,3.11411717929207,0
True,1.71496257669297,0
True,1.50416688744732,0
True,1.31906805134665,0
True,0.955638049344188,0
True,0.982704426721116,0
True,3.68577767579854,0
True,2.52001822311109,0
True,0.672226281237435,0
True,2.15755001366911,0
True,2.97015443285603,0
True,1.55612024087528,0
True,1.44418869666021,0
True,1.76705259487917,0
True,1.43755387951335,0
True,1.7835577971435,0
True,3.58969616481592,0
True,3.80636652123921,0
True,2.40233015672858,0
True,1.09271465463169,0
True,2.0317780664867,0
True,1.32703653034002,0
True,3.4071575675571,0
True,3.06247830337417,0
True,1.12730540039955,0
True,3.84671040689374,0
True,1.70909655294191,0
True,1.21956217040201,0
True,2.32302393994597,0
True,2.00457423187327,0
True,2.41973295155535,0
True,1.92138051925083,0
True,2.34710822571612,0
True,4.40438521618874,0
True,1.01664919252309,0
True,1.10731250890155,0
True,0.893193347617057,0
True,1.96660996295617,0
True,2.5067358966445,0
True,2.64026638310509,0
True,0.744345936153839,0
True,2.39754480389532,0
True,2.76060955639557,0
True,1.62950862787017,0
True,1.02387547428775,0
True,1.47170102235264,0
True,1.28548703616352,0
True,0.680659749597765,0
True,0.966158292497536,0
True,1.66833628023393,0
True,1.92244222432116,0
False,2.48174155185679,0.000117455330206523
True,0.897375698930233,0
True,3.19788782859834,0
True,2.76794322442516,0
True,2.63468586341777,0
True,1.5881506641404,0
True,2.9450172004621,0
True,3.1566817374524,0
True,2.20439017606198,0
True,1.69772510550505,0
True,2.68685984111936,0
True,1.27922075027989,0
True,1.68206349849934,0
True,1.62682479997832,0
True,0.941957084998978,0
True,2.21462717718723,0
True,2.51690427773752,0
True,2.33129233518264,0
True,2.47542092968617,0
True,1.87908816733277,0
True,3.10738972977519,0
True,1.60899715841412,0
True,1.2859794316188,0
True,1.28922770884269,0
True,1.62738965473746,0
True,3.06816783182429,0
True,3.86495326722263,0
True,1.91250256321454,0
True,2.15540165715646,0
True,2.53808705924486,0
True,2.81925784772061,0
True,0.987995225848348,0
True,1.57307219795468,0
True,1.17976451765819,0
True,1.58569929748315,0
True,0.823560372669013,0
True,1.32525501810739,0
True,1.50244295018556,0
True,1.5142222386552,0
True,2.06057794501027,0
True,1.09827764020059,0
True,1.70597854624143,0
True,2.67167528501002,0
True,1.76679127902721,0
True,1.03966217513724,0
True,2.6161802727825,0
True,0.932631342261608,0
True,1.46227024434356,0
True,2.20321268094795,0
True,1.92235488083653,0
True,2.78119031446165,0
True,2.24820729390565,0
True,1.7104778389397,0
True,2.49177775664135,0
True,1.98272920904624,0
True,0.857829098662255,0
True,1.4227726176951,0
True,2.04840523811148,0
True,1.8091961039594,0
True,1.0727953377674,0
True,1.4533731839616,0
True,1.00792784602176,0
True,1.67669099734975,0
True,1.18402323828791,0
True,0.891072598247434,0
True,1.54910691075881,0
True,1.23237302911556,0
True,1.96367306578167,0
True,1.51528140363216,0
True,2.06472846189405,0
True,0.662306138380799,0
True,1.36415672769011,0
True,3.16439015015054,0
True,2.86248228052866,0
True,1.67977611343969,0
True,0.921118237794852,0
True,1.25008808942535,0
True,1.62432532335545,0
True,2.3045031167051,0
True,2.70511620205724,0
True,2.05105983327063,0
True,1.23988577184595,0
True,1.89632244463186,0
True,1.99437804666987,0
True,2.97082412102505,0
True,1.05066287770523,0
True,1.6977101446423,0
True,2.40912335062922,0
True,2.01463731866036,0
True,1.41057995192293,0
True,0.732096484802176,0
True,1.71300938324907,0
True,1.06321146177093,0
True,2.86734802782704,0
True,2.81451669325042,0
True,1.62676996578388,0
True,2.95075294399904,0
True,2.95594143253025,0
True,2.67425477700961,0
True,1.20197970932628,0
True,1.94057582953512,0
True,1.42673244078267,0
True,1.23495651935574,0
True,0.925171343381835,0
True,4.01505045762769,0
True,1.21219853567178,0
True,3.43074515494892,0
True,2.64182162337844,0
True,2.45403177187158,0
True,2.20555580633394,0
True,2.52172639710715,0
True,1.5840317239399,0
True,3.85718211453789,0
True,1.72918426871956,0
True,1.24073847728957,0
True,2.34370632711058,0
True,0.84899795405561,0
True,2.03707770241219,0
True,2.632983737547,0
True,1.99631347644044,0
True,1.06261023889054,0
True,0.891515905903382,0
True,2.99835938128649,0
True,2.44296291473381,0
True,2.59532339501011,0
True,2.74235235454933,0
True,1.4895731163706,0
True,1.72251460436934,0
True,2.52801538202277,0
True,2.2743886527334,0
True,3.12253606187428,0
True,1.81611545597661,0
True,1.89497418219502,0
True,2.06731822651783,0
True,1.1097006452606,0
True,0.934003398503065,0
True,2.32592094992302,0
True,1.51035346412156,0
True,1.24813507599995,0
True,1.69009767814666,0
True,1.20651911184796,0
True,1.32862751666439,0
True,1.27671442906552,0
True,0.83611711791179,0
True,1.5401905558217,0
True,2.63011344100931,0
True,2.02569371322035,0
True,2.45853574133962,0
True,2.98215623674159,0
True,1.75526091577351,0
True,3.13295307514177,0
True,2.38760458078542,0
True,0.989191522203646,0
True,1.51639966749535,0
True,0.792992757724943,0
True,0.795002228345741,0
True,3.36110761936203,0
True,1.80926360274201,0
True,1.60861408988215,0
True,1.58687457479059,0
True,1.85729834153742,0
True,3.14493376887471,0
True,1.39505594843749,0
True,2.22407036800667,0
True,1.3982902371429,0
True,2.10081742343446,0
True,1.9121266926565,0
True,1.46663493611488,0
True,2.8791136140701,0
True,1.23680870499217,0
True,2.63950137521163,0
True,1.39285701343515,0
True,1.21603195696025,0
True,1.338311315766,0
True,1.6816872677071,0
True,1.33703259237395,0
True,1.77090883627865,0
True,3.94661817928461,0
True,2.79686118717047,0
True,2.51296725897018,0
True,2.81324534102112,0
True,2.22472411048787,0
True,1.78629302332976,0
True,1.29607466343,0
True,0.808395456611585,0
True,1.53060640449956,0
True,2.26078048714512,0
True,1.65995748614835,0
True,2.52399095549868,0
True,1.46491184717991,0
True,2.3693846520862,0
True,0.636364724119558,0
True,1.55631948814575,0
True,2.65262086901308,0
True,1.59908796057626,0
True,1.60434842701927,0
True,1.66898714504309,0
True,2.91377225622279,0
True,1.81791963630329,0
True,2.30316609171166,0
True,1.64027133379118,0
True,1.29216141677478,0
True,2.18124690290664,0
True,1.95225985402688,0
True,1.7466682608497,0
True,2.21193661898412,0
True,2.19084068842035,0
True,0.592566801877065,0
True,1.16908586074386,0
True,1.16881101482362,0
True,2.37878623656375,0
True,2.73030539933625,0
True,2.31527535852411,0
True,1.05343426463186,0
True,2.05070064393656,0
True,4.10464105209976,0
True,2.13516442501781,0
True,1.50374265214676,0
True,1.71711498623323,0
True,1.46269997657431,0
True,1.35578359884036,0
True,1.8622392861285,0
True,0.592604475359288,0
True,2.62949701906155,0
True,1.35674925366466,0
True,2.07898320406585,0
True,1.36695170910277,0
True,1.26162586567945,0
True,2.80378548569531,0
True,1.24138225151329,0
False,2.2378385478425,8.77224993468174E-05
True,0.844797552608445,0
True,1.96971383469023,0
True,0.989985714733798,0
True,1.63895457115601,0
True,2.03578600318537,0
True,2.16519734630797,0
True,1.84712299671647,0
True,2.53455125375052,0
True,1.67643121927759,0
True,1.04130244150191,0
True,1.30534067946668,0
True,2.08681491052238,0
True,1.40341468642297,0
True,1.69443337015164,0
True,2.45837861564939,0
True,3.32678830376351,0
True,4.23646758048422,0
True,1.84724240484174,0
True,2.56607758662955,0
True,1.23895336228148,0
True,0.705749012447587,0
True,1.77193201655123,0
True,1.12907190630889,0
True,1.51173900275975,0
True,3.29073461382666,0
True,1.43336553952625,0
True,0.906770484546217,0
True,2.6677677260527,0
True,1.52324224190995,0
True,1.80472581886089,0
True,2.44815680629034,0
True,2.91884408075639,0
True,1.06839561018447,0
True,3.28906711566019,0
True,1.24990393627666,0
True,2.47572988139553,0
True,1.03106370815145,0
True,1.30159373216642,0
True,0.919828165715161,0
True,1.47849130068999,0
True,2.74380215039903,0
True,2.64389881153332,0
True,1.48789398897749,0
True,2.88075517033685,0
True,1.72928207157472,0
True,2.44611074712556,0
True,2.05145125475368,0
True,1.22098485986423,0
True,0.708191225910111,0
True,1.98658221260156,0
True,1.08988241607439,0
True,1.43785890931073,0
True,3.60901903669042,0
True,3.41454042733955,0
True,3.47165898610121,0
True,2.01442468529869,0
True,1.40636799665209,0
True,1.14492423308988,0
True,1.41717808398066,0
True,3.01136958179327,0
True,1.42138333848249,0
True,1.49726791909446,0
True,0.927822689355604,0
True,1.94267958014161,0
True,2.7649093145202,0
True,2.64197052489109,0
True,1.55785450036621,0
True,0.719770239491764,0
True,1.3852456608291,0
True,4.4776692516727,0
True,2.58071287720822,0
True,1.45666675375833,0
True,1.39293909023562,0
True,1.83146152407138,0
True,0.621556031196999,0
True,2.21435867154866,0
True,1.79682078861703,0
True,1.51651967674107,0
True,2.50023309097508,0
True,1.07160561945967,0
True,2.36995626002418,0
True,3.76966622396518,0
True,1.70015763100355,0
True,2.16740117077949,0
True,1.29932221506599,0
True,3.42039561922202,0
True,2.57722371382446,0
True,3.81905454173154,0
True,2.62505549613508,0
True,2.80864921676325,0
True,1.28046210774667,0
True,1.8100507809895,0
True,1.31552603650826,0
True,1.94925839758365,0
True,1.32149737500629,0
True,1.07450697614339,0
True,1.93623217998501,0
True,1.24997566506767,0
True,1.8587046311655,0
True,1.10698736567004,0
True,1.74019726544118,0
True,2.63279519726186,0
True,2.00092149007332,0
True,1.90155649607187,0
True,1.23500769574056,0
True,3.05585692967294,0
True,1.99718030143411,0
True,0.930986714538355,0
True,2.31651647079241,0
True,1.24468726436654,0
True,1.11606232105238,0
True,2.43288615224472,0
True,1.26938131573597,0
True,1.19310970685533,0
True,0.978295282429049,0
True,1.35485117439093,0
True,2.23686522975046,0
False,1.01825935036784,0.000153834734708815
True,2.31189457605803,0
True,1.63116828016667,0
True,1.5283688472359,0
True,1.43161558923246,0
True,1.17013914159884,0
True,2.28537608321519,0
True,1.46853276794907,0
True,1.58463701271794,0
True,2.06571999143249,0
True,0.966222948350886,0
True,1.61747036170573,0
True,2.73486536116438,0
True,3.94184822701999,0
True,2.00484764845222,0
True,1.48936579572434,0
True,3.008492640385,0
True,1.45758913462302,0
True,2.48194377031977,0
True,1.14830414358926,0
True,3.20208470487036,0
True,2.13767091243735,0
True,2.33339722854829,0
True,3.33949914044198,0
False,1.6905401341276,0.000360550056176622
True,1.99939196900913,0
True,0.673933970759833,0
True,1.49396127365977,0
True,2.09882503571287,0
True,2.04855006157104,0
True,1.36669106040828,0
True,1.74340224260644,0
True,1.84075458668351,0
True,1.50132896788847,0
True,2.51616950009586,0
True,1.08040133008703,0
True,1.17652720419914,0
True,1.60855207861826,0
True,0.954717910553135,0
True,3.56205427986312,0
True,3.14866462789779,0
True,1.1045080814313,0
True,1.26882487098752,0
True,3.16377719727116,0
True,3.10561455078522,0
True,4.01932346686414,0
True,1.67207267509384,0
True,1.07912379010954,0
True,3.23237697397362,0
True,1.54426072100306,0
True,2.37670881384259,0
True,1.90473608626687,0
True,1.16171938706319,0
True,1.46425532053368,0
True,1.67371420702721,0
True,0.793428070244113,0
True,3.21733390385432,0
True,1.02977370162233,0
True,1.3323162968616,0
True,2.53535096165709,0
True,1.54178729613756,0
True,1.07101976112888,0
True,1.14714824505419,0
True,1.19569313611782,0
True,1.92808067558784,0
True,2.15215892243346,0
True,1.63070340551543,0
True,3.52538015680701,0
True,1.78611472865078,0
True,1.52005148102775,0
True,0.794463104394388,0
True,2.13900236750342,0
True,1.12882928195018,0
True,2.18560340687941,0
True,2.47738981562489,0
True,3.37097556234109,0
True,1.5918042319473,0
True,2.35119038228937,0
True,1.82056494087952,0
True,1.30659622438047,0
True,1.39198895251644,0
True,2.12065366703193,0
True,3.8271971664213,0
True,2.79076352155159,0
True,2.8113221916645,0
True,2.26211077679871,0
True,2.05901220385178,0
True,1.39576592478441,0
True,1.0165199196266,0
True,2.58974493720072,0
True,1.44080873766596,0
True,1.42913601888797,0
True,1.27519584009553,0
True,1.65581196477677,0
True,2.97927269132147,0
True,3.8282807243359,0
True,2.67441424789168,0
True,2.60716919114012,0
True,1.76876955037915,0
True,1.24610338904546,0
True,1.7124632334929,0
True,1.91880868006194,0
True,1.78499482869155,0
True,1.50003069240724,0
True,1.37370439535178,0
True,2.27003658664582,0
True,2.45664602742942,0
True,1.17079817441412,0
True,0.910023588099613,0
True,2.84914885281592,0
True,1.94972273861203,0
True,1.9524844267044,0
True,3.69786210404948,0
True,0.959621211131113,0
True,3.20001444994982,0
True,2.62397661983248,0
True,1.09367293143855,0
True,2.02463166535109,0
True,1.41380341818426,0
True,3.18058822591482,0
True,0.816124109308798,0
True,2.99157411025682,0
True,3.58959864420762,0
True,1.63941721408653,0
True,1.90246969578566,0
True,0.999404215028015,0
True,1.81040521496659,0
True,1.96560914299158,0
True,1.11374841375533,0
True,1.33481731665636,0
True,2.05822295150715,0
True,2.27186246858933,0
True,1.93983756740664,0
True,1.7375007395914,0
True,1.85181761693739,0
True,2.14412148790156,0
True,2.63761049614636,0
True,3.30614738921163,0
True,1.4379523443834,0
True,2.9387584730559,0
True,2.36142557796664,0
True,4.16233990976464,0
True,2.08515246061824,0
True,2.14050177490159,0
True,1.50226255832354,0
True,1.74389278437988,0
True,2.43315996525058,0
True,3.53400510586594,0
True,2.9605124736425,0
True,1.08041822802329,0
True,2.98209885041411,0
True,0.790876601867807,0
True,1.38627376454868,0
True,1.25072517853162,0
True,0.746930871693726,0
True,2.82107937295174,0
True,2.99699573961202,0
True,2.79676190062489,0
True,1.68414285066306,0
True,1.39428770415624,0
True,4.00521409570428,0
True,0.837405130941679,0
True,2.85767251256852,0
True,1.44372980847025,0
True,3.51249418942996,0
True,1.55004244154941,0
True,2.30865019638379,0
True,1.22820915199996,0
True,1.50323648255348,0
True,2.34788176991405,0
True,1.94677047732934,0
True,1.44154483286154,0
True,1.34890472886641,0
True,1.71553149197131,0
True,1.35783949134609,0
True,1.41568088488902,0
True,2.44375750941066,0
True,1.80567925574133,0
True,1.4222377333268,0
True,1.6461066900836,0
True,1.44860379923398,0
True,1.05931119150091,0
True,1.61437516105511,0
True,1.79689060755178,0
True,3.94491047901571,0
True,1.43564693037473,0
True,1.77261772588506,0
True,0.992662331198821,0
True,0.981709597173546,0
True,1.11016558797203,0
True,0.722753271276863,0
True,2.09346027094767,0
True,1.06459384981562,0
True,1.4156557303744,0
True,1.84119390105456,0
True,0.924455347682553,0
True,3.44063488396478,0
True,2.72582153920532,0
True,1.296198346485,0
True,1.31001780633172,0
True,1.03182482607953,0
True,1.28013102507963,0
True,1.38554965608277,0
True,1.45529897392558,0
True,1.42335474112069,0
True,1.98993500013223,0
True,2.76342549216925,0
True,3.58361808521447,0
True,4.00289505932534,0
True,2.60814695322459,0
True,1.55154427662766,0
True,1.93172012511186,0
True,2.0262158729476,0
True,3.28316393561171,0
True,2.74116564816427,0
True,0.918702838198322,0
True,1.2836244893374,0
True,1.45593500345904,0
True,2.84740868603916,0
True,1.39953665580752,0
True,2.87093880643454,0
True,3.26971652729041,0
True,1.77874219763443,0
True,2.03204572191046,0
True,2.49124203213981,0
True,1.64273419136332,0
True,2.64630681157473,0
True,1.79477212306736,0
True,1.31700100327217,0
True,2.75771926270309,0
True,0.832705144194167,0
True,1.01048209649929,0
True,1.35805611637283,0
True,1.56138037532377,0
True,3.79689172360072,0
True,2.88746507205044,0
True,1.774724204604,0
True,2.39701500856731,0
True,2.74569102049262,0
True,2.27347074370357,0
True,1.38911984677865,0
True,1.60882994954704,0
True,1.59675683658509,0
True,0.765971154437175,0
True,2.14372217761918,0
True,2.64608546911445,0
True,2.45740988703836,0
True,1.76383232876694,0
True,2.16163437532919,0
True,2.42359206168837,0
True,2.29199890299198,0
True,3.29216357396831,0
True,2.00926446968705,0
True,2.50517946921365,0
True,1.55574994849644,0
True,2.09959237177977,0
True,2.16752274175347,0
True,1.43246105236315,0
True,0.923499109000579,0
True,0.49240583269184,0
True,2.00666886722438,0
True,1.28177310240659,0
True,1.48734776180745,0
True,1.16317610954886,0
True,1.07379465578255,0
True,4.0030779202773,0
True,2.50292559891985,0
True,1.13751460089808,0
True,1.26609282116196,0
True,1.22778119977245,0
True,0.9084636950736,0
True,0.918334592516551,0
True,1.61819909826616,0
True,2.07563745802203,0
True,1.50628287553287,0
True,3.69518290287055,0
True,2.75727952694312,0
True,1.47594422762583,0
True,2.13106453865424,0
True,1.16011592158907,0
True,2.57979464039477,0
True,0.877078308437187,0
True,0.898451154902592,0
True,1.22446751444923,0
True,3.15607653859574,0
True,0.991628729473873,0
True,1.89029323655071,0
True,1.98529003757649,0
True,4.108612381515,0
True,4.13478187970436,0
True,0.965600712576927,0
True,2.33269305858764,0
True,0.870837379368292,0
True,2.25000911333967,0
True,2.10520272211415,0
True,2.94665558518671,0
True,1.86093857910183,0
True,2.17029853938377,0
True,1.24869376725743,0
True,0.698748664086841,0
True,0.629889497657943,0
True,0.884851643548344,0
True,1.79663621101301,0
True,1.92926066705557,0
True,1.45247806728644,0
True,2.26712860894576,0
True,3.50040675652374,0
True,2.14781722982322,0
True,3.17360687783154,0
True,0.804762435761297,0
True,1.11667130702129,0
True,2.01191704332234,0
True,1.46329483573272,0
True,2.03013921866598,0
True,1.50835593169047,0
True,1.40700591289145,0
True,1.14600630211906,0
True,1.59492794077339,0
True,1.35470594061318,0
True,2.62362209268824,0
True,1.80612889044278,0
True,1.2884578297537,0
True,1.71140996076708,0
True,2.20612946730445,0
True,1.04320202605531,0
True,0.980239512504532,0
True,2.75399148523661,0
True,1.62185432503697,0
True,1.64270247822735,0
True,2.4839157176113,0
True,3.76541953322712,0
True,3.02767342987182,0
True,0.952214952096813,0
True,1.35561083902688,0
True,1.45838727029098,0
True,1.99247797073678,0
True,2.37415842582248,0
True,2.99819274432634,0
True,2.21976016917229,0
True,2.82144885082278,0
True,2.79228213818202,0
True,2.15718379979659,0
True,1.06223665351299,0
True,3.43771184880262,0
True,1.94475940648777,0
True,1.59780188758557,0
True,1.69974093752741,0
True,1.83813689453815,0
True,1.4555791520433,0
True,1.30833297156328,0
True,2.91242823136699,0
True,1.51640535623558,0
True,2.02394811922781,0
True,1.4124726522305,0
True,0.977566541299974,0
True,0.925874799348783,0
True,3.71138269014367,0
True,2.30085640713987,0
True,2.55726581771504,0
True,3.79891722767693,0
True,1.5742579122278,0
True,1.32325913419721,0
True,3.23176274877265,0
True,1.07775581186988,0
True,1.2132486815527,0
True,0.491972746184722,0
True,2.06316192655608,0
True,2.47015614339034,0
True,4.31062017309341,0
True,3.62749456186123,0
True,1.82758764051156,0
True,2.1680618419467,0
True,2.81312700390169,0
True,1.76704378053422,0
True,1.33420982095878,0
True,1.57412899323554,0
True,3.75367558535366,0
True,1.58859521425743,0
True,1.02974600712396,0
True,2.57919286760642,0
True,2.97909227123073,0
True,1.2310351805097,0
True,2.95292437200247,0
True,2.49483002026227,0
True,0.779580613195869,0
True,1.14129837936981,0
True,2.26533991822882,0
True,3.19464889691821,0
True,2.86609352386966,0
True,2.94219370278881,0
True,1.56030307858067,0
True,1.11177605710496,0
True,2.08930567307476,0
True,0.8796687059963,0
True,3.0776591599292,0
True,4.45097029406674,0
True,2.50843466277831,0
True,1.31488176740843,0
True,3.30413689459819,0
True,2.80226875776143,0
True,2.31093344893759,0
True,0.920737401224314,0
True,1.29984957176436,0
True,1.42029250672274,0
True,3.92516137168066,0
True,1.84445767972217,0
True,1.46476346285591,0
True,1.98367692657589,0
True,1.52099609725491,0
True,2.51116740264418,0
True,1.65927904506792,0
True,2.06239885118937,0
True,2.95278642198686,0
True,2.65557662708598,0
True,1.37275979035456,0
True,1.18771642907162,0
True,1.71995051128111,0
True,3.471644856004,0
True,0.81303750326853,0
True,0.812347074047251,0
True,1.0110745133181,0
True,1.61303930912669,0
True,3.75183354499648,0
True,1.59472287718057,0
True,0.804661442729285,0
True,1.47359703446457,0
True,1.71606029426423,0
True,3.32375150274969,0
True,3.42504506789659,0
True,1.64466858434326,0
True,3.38276649317696,0
True,0.978239425917539,0
True,1.85197422679456,0
True,1.53011377960828,0
True,2.58001702696649,0
True,1.48346807133638,0
True,1.66611924574746,0
True,2.07562410111722,0
True,1.50495766164051,0
True,1.06192219996837,0
True,2.06603791328319,0
True,0.752335661533711,0
True,2.36788391051433,0
True,1.60574025905458,0
True,0.812835146693689,0
True,1.40951839559606,0
True,1.0859983178505,0
True,3.62323528884434,0
True,1.25510140297524,0
True,1.60922657170348,0
True,1.57813048445926,0
True,1.56238079135974,0
True,2.24175282594336,0
True,1.78212218920038,0
True,2.11932222247057,0
True,1.86748118730364,0
True,0.869379099971872,0
True,3.51102098873054,0
True,1.18692128017023,0
False,2.07561966123816,0.000494333474022856
True,1.11810430992414,0
True,0.973216919791671,0
True,1.64530593042413,0
True,2.94979500441177,0
True,2.85342704020257,0
True,0.876095860711859,0
True,2.11042132625927,0