Success,Time,Fitness
True,2.04066546119553,0
True,2.27306159683493,0
True,2.77344688709991,0
True,2.47312596009875,0
True,2.82894885389245,0
True,2.52002331812266,0
True,2.33562113449444,0
True,2.66759636475709,0
True,1.98934106599981,0
True,2.08152851417354,0
True,2.55494437224249,0
True,2.08658985933884,0
True,0.868341084726734,0
True,2.29504523084305,0
True,1.5359036582965,0
True,1.66331031166964,0
True,2.35779031721654,0
True,2.60900782383325,0
True,2.47228570394472,0
True,2.54175212420316,0
True,2.2529061786139,0
True,2.20055193430146,0
True,2.08553730915034,0
True,2.57163501721221,0
True,1.82007078787734,0
True,2.07908035606427,0
True,1.30138480889389,0
True,2.07515041077573,0
True,2.4009759245331,0
True,1.94165751994891,0
True,2.8179069995289,0
True,2.58628163082094,0
True,2.20784170429121,0
True,2.8352642866437,0
True,2.30899303174898,0
True,2.50964936754772,0
True,2.26695215453381,0
True,2.38327492550103,0
True,2.38996168347156,0
True,2.58251718691915,0
True,2.18346617458088,0
True,1.76315335041747,0
True,1.98967877239327,0
True,2.58161006340167,0
True,2.47335733807041,0
True,2.25438466371539,0
True,1.693216037797,0
True,2.15207723052078,0
True,1.73979301110539,0
True,2.28353963029905,0
True,2.37900597935153,0
True,2.0417627177164,0
True,2.27254165168936,0
True,1.84832389991804,0
True,2.08217038117385,0
True,1.9960340175683,0
True,1.97278567460514,0
True,1.94007015834012,0
True,2.17026633688584,0
True,2.5186633238245,0
True,2.27125663820694,0
True,2.11084018915404,0
True,2.33225308789683,0
True,2.09455024338275,0
True,2.39095788607493,0
True,2.17969479086694,0
True,2.38863754626128,0
True,2.31660676929728,0
True,2.33612077018219,0
True,2.42459119279741,0
True,0.285216757509979,0
True,2.10081276731274,0
True,2.41107580357695,0
True,2.35273840264941,0
True,2.71676166709807,0
True,1.24955116087492,0
True,2.61720364547226,0
True,2.73973923898947,0
True,2.57990540008412,0
True,2.5447661218744,0
True,2.67696540216236,0
True,2.77410596102486,0
True,2.55284717039279,0
True,2.15306046976642,0
True,1.89409559350355,0
True,2.14774727413138,0
True,2.37258245432563,0
True,2.39223055966981,0
True,2.12132598163218,0
True,2.22175542538764,0
True,2.21674205586022,0
True,2.31941109083672,0
True,0.555092906994545,0
True,2.54320256068893,0
True,2.33210444214924,0
True,2.9041200732136,0
True,2.16564917822027,0
True,2.371795469581,0
True,2.6872717244745,0
True,2.15320286347121,0
True,2.27334571460104,0
True,2.43044255186952,0
True,2.45639207569033,0
True,1.93546333241933,0
True,2.35646653033893,0
True,0.365795820096086,0
True,2.88648639152705,0
True,2.55722829996579,0
True,2.6462966886774,0
True,2.73530217936961,0
True,0.653432478833664,0
True,2.13283214239911,0
True,2.00677117601813,0
True,1.82976046433805,0
True,2.08704113462468,0
True,3.02798803160355,0
True,2.25407884669419,0
True,2.06603828105613,0
True,0.754666136060327,0
True,1.94516028096274,0
True,2.12838531078807,0
True,2.34648942829515,0
True,2.27383907521513,0
True,2.27832915959392,0
True,2.20031859850246,0
True,1.86129790664405,0
True,2.60013499899963,0
True,1.97858069882325,0
True,2.36413578193659,0
True,1.89208669322215,0
True,2.42346465781488,0
True,3.0837684629545,0
True,2.20371701153889,0
True,2.46743649993516,0
True,2.50054667923687,0
True,2.86526997001683,0
True,2.42105810197898,0
True,2.13687092274314,0
True,2.15093045729966,0
True,2.72461104385668,0
True,2.14334008608552,0
True,2.32334228204867,0
True,2.1507298032918,0
True,2.08427003603085,0
True,1.86512408074183,0
True,2.14449830653809,0
True,2.42556598771565,0
True,2.14149874989035,0
True,1.84890113472959,0
True,2.64954065016882,0
True,2.00611547753125,0
True,2.09739824760296,0
True,2.07961303621802,0
True,1.49060437273697,0
True,1.7863067727162,0
True,2.64996959659268,0
True,2.28534035289185,0
True,2.49541278006739,0
True,1.92947739882706,0
True,1.93260667820353,0
True,2.84471314231875,0
True,2.29629117190909,0
True,2.40412302409114,0
True,2.30411404800076,0
True,2.61722538996566,0
True,0.22229901269222,0
True,2.62897697483089,0
True,2.83741635609824,0
True,2.36406695244309,0
True,2.10935346953356,0
True,2.11941793455154,0
True,0.544842894926346,0
True,2.04863629185085,0
True,0.501033069557844,0
True,1.9895215626743,0
True,0.194050752100315,0
True,2.30113704789398,0
True,2.58637082524517,0
True,2.88503040245992,0
True,2.18147569693539,0
True,2.32893906632113,0
True,1.92463660058804,0
True,2.07852644215335,0
True,1.89206301517284,0
True,2.12478273046648,0
True,2.11241352179825,0
True,2.7107717316409,0
True,2.13990935775425,0
True,2.07898098363093,0
True,2.29653588442745,0
True,2.52999800532242,0
True,2.40564377499049,0
True,2.09152130689705,0
True,2.60044036909939,0
True,2.5679687989599,0
True,0.846067934351201,0
True,2.49976110276299,0
True,2.32746682292047,0
True,2.79134941692881,0
True,3.05381890718426,0
True,2.01336493800238,0
True,2.20332741116037,0
True,2.50623733380234,0
True,2.29729584035312,0
True,2.12906798755651,0
True,1.94919225768212,0
True,2.36546142745254,0
True,2.19865801724807,0
True,0.170056597841236,0
True,2.37087714554634,0
True,2.36802512415907,0
True,2.34537586392716,0
True,2.60025070790387,0
True,2.75091639347726,0
True,1.59904461103354,0
True,2.26114851490535,0
True,2.4303697588655,0
True,2.16880016867987,0
True,2.19811104851498,0
True,1.86036048951971,0
True,2.18340067073682,0
True,2.30608783354808,0
True,2.64476693976139,0
True,1.15101112100512,0
True,2.35004596000477,0
True,2.31172868695177,0
True,2.11631778425933,0
True,2.22303651793895,0
True,1.67991433348713,0
True,2.51473545630275,0
True,2.74647945881916,0
True,2.72942241977374,0
True,2.43619951948,0
True,1.87811273431062,0
True,1.98516661713112,0
True,1.87369683560187,0
True,2.01707496265023,0
True,1.59469579457207,0
True,2.35170008757202,0
True,0.661500976017315,0
True,2.53659611493984,0
True,2.08473032363916,0
True,2.44046270821669,0
True,0.545355833912959,0
True,2.34510702777061,0
True,1.87260881102473,0
True,2.06282193662556,0
True,2.27815735415287,0
True,1.90263993872987,0
True,2.38069506510564,0
True,1.90075845188041,0
True,1.92012498305763,0
True,1.89316560026362,0
True,1.80711159488098,0
True,2.73735616515674,0
True,2.62120212725591,0
True,2.55461802438285,0
True,2.70040035410364,0
True,2.23341940108931,0
True,2.08399004227304,0
True,2.00968627499143,0
True,1.90106329293896,0
True,1.94782823530874,0
True,1.72563489767143,0
True,2.39745907582792,0
True,1.68529338601183,0
True,2.01151420034105,0
True,2.03931854523871,0
True,2.17145310510707,0
True,2.46594903174651,0
True,2.3293448735151,0
True,2.77535826833456,0
True,2.11582490503107,0
True,1.77680397085015,0
True,2.25231262223222,0
True,2.24575065482793,0
True,2.38058896058741,0
True,2.35349760288914,0
True,2.63991297480062,0
True,2.34458626427206,0
True,2.67939924674786,0
True,2.18545206895542,0
True,1.83847003911217,0
True,2.11795817512373,0
True,2.02711393759765,0
True,1.77473590884022,0
True,2.33421355771313,0
True,2.3876014750968,0
True,2.65033325826086,0
True,1.95382326235997,0
True,2.68229039023955,0
True,1.92699098932507,0
True,1.81943024728072,0
True,2.02228733400073,0
True,1.83461723964114,0
True,1.97456492522484,0
True,2.411487891914,0
True,2.30105102077143,0
True,2.36371390799933,0
True,2.42508607553197,0
True,2.18387887871486,0
True,2.26401693801042,0
True,2.22543522633702,0
True,2.60540509064232,0
True,2.36752272505581,0
True,3.06748593721713,0
True,2.73518883358354,0
True,2.04347648635763,0
True,2.09067345687577,0
True,2.36825031445448,0
True,2.3971204186532,0
True,2.02045465368224,0
True,2.33832185434352,0
True,2.15827899879209,0
True,2.42456936596951,0
True,2.33232035577715,0
True,2.27029151854199,0
True,2.64331605877098,0
True,1.85397285689494,0
True,2.43247824915577,0
True,2.1053804989108,0
True,2.47709135828355,0
True,2.46383487237021,0
True,2.51620771906096,0
True,2.52059735298048,0
True,2.31079674023309,0
True,2.72515906461358,0
True,2.36817871817976,0
True,2.26661697983766,0
True,2.39517056171394,0
True,2.45928519226565,0
True,2.47223122760383,0
True,1.91188714495993,0
True,2.31318884499706,0
True,2.23345276964818,0
True,2.46572843845015,0
True,2.19287014296594,0
True,2.69945649174606,0
True,2.02357595969483,0
True,2.43645941679556,0
True,2.96745644059107,0
True,3.07806391134771,0
True,0.424801180645662,0
True,2.48455179924708,0
True,0.752949120004822,0
True,2.06653524336449,0
True,2.20704765760611,0
True,2.09485735052673,0
True,2.11458231136735,0
True,1.87900308940965,0
True,1.69532234731735,0
True,2.00433006385598,0
True,2.1437206269058,0
True,2.66964898909435,0
True,2.38688133352552,0
True,2.40675079356458,0
True,2.90315666180703,0
True,2.07501815669318,0
True,2.16623237701776,0
True,0.487109904205499,0
True,2.07987705352143,0
True,2.38835848385134,0
True,2.53998612958985,0
True,1.93423492827644,0
True,2.67062702013023,0
True,2.7280738682766,0
True,2.47274970417797,0
True,1.10353210092735,0
True,2.20256532888736,0
True,1.82711074548913,0
True,1.54871408099591,0
True,2.30533955489891,0
True,2.18061540877825,0
True,2.21915061179971,0
True,1.24680157754168,0
True,2.33529895740562,0
True,2.2548586372252,0
True,2.45268678976233,0
True,2.84602706865008,0
True,2.03738994418767,0
True,2.28909357106332,0
True,2.46920433749228,0
True,1.88022555495972,0
True,1.60997689470686,0
True,2.77916430989483,0
True,2.16578016888816,0
True,2.2757420268618,0
True,2.10649810896395,0
True,2.46931475401045,0
True,2.46374039058784,0
True,1.7011599020018,0
True,1.71828181645217,0
True,2.61771365228402,0
True,1.98337691487664,0
True,2.05242388792343,0
True,2.43720341715466,0
True,1.86199812946701,0
True,2.05851935286467,0
True,1.89230195205445,0
True,2.2969281280497,0
True,2.58696665633935,0
True,1.64756832835468,0
True,0.528265783476959,0
True,2.41976356770596,0
True,2.39609343000765,0
True,2.01879278802325,0
True,2.17513759052016,0
True,2.02041334295052,0
True,1.77471013502219,0
True,2.28726590945973,0
True,2.43806122231422,0
True,1.85218542637703,0
True,2.25330678453469,0
True,2.77647084223969,0
True,2.23895465677787,0
True,2.59166421308564,0
True,2.38623970859947,0
True,2.17479998592192,0
True,2.15278340652054,0
True,2.50146980838316,0
True,2.33850206513126,0
True,2.64752273439819,0
True,2.22438316506932,0
True,1.43849953557618,0
True,2.12524228002618,0
True,2.36891975145888,0
True,2.19241540050881,0
True,2.39074489687921,0
True,2.22521044569455,0
True,2.47216183290349,0
True,2.33323239946932,0
True,2.42977041974513,0
True,2.59281700108175,0
True,2.73565461313056,0
True,1.92236848804085,0
True,1.99523037378639,0
True,1.75418142493793,0
True,2.34658595090785,0
True,2.00002884593113,0
True,2.4795165917104,0
True,0.595332667398282,0
True,2.7152499178767,0
True,0.792684689748617,0
True,1.63724749996991,0
True,2.35547907169143,0
True,2.39014939855476,0
True,2.21943559884467,0
True,2.26464638314281,0
True,2.24845334172433,0
True,2.26158109880121,0
True,2.07199038413954,0
True,2.76917589151684,0
True,1.89032152332425,0
True,2.32565323749567,0
True,2.24764153339818,0
True,2.2910581645828,0
True,2.59394567072098,0
True,2.32203609270178,0
True,1.86894146419845,0
True,2.37597682298554,0
True,1.83891372851504,0
True,2.06109076887259,0
True,2.22947638600583,0
True,2.01001438640869,0
True,2.05140416238744,0
True,2.06879001756891,0
True,1.64844051417538,0
True,2.24076180380699,0
True,1.92289207182114,0
True,2.10280050892212,0
True,1.55743072809432,0
True,2.06879625424178,0
True,2.23297698780852,0
True,2.38571702140205,0
True,2.30217462817218,0
True,2.12448686246667,0
True,2.57617518270201,0
True,1.60421498845012,0
True,2.05983397800022,0
True,1.8248929131324,0
True,1.99270579499207,0
True,2.27436984611265,0
True,2.32046460220008,0
True,2.1166755272001,0
True,2.5225068260137,0
True,2.31815451735135,0
True,2.16749189222232,0
True,2.03613323633179,0
True,2.16647269105217,0
True,2.4168639980741,0
True,2.67775423061715,0
True,2.2039431241836,0
True,2.14051685595383,0
True,2.46028920028953,0
True,1.94607000610385,0
True,1.71337959306491,0
True,2.07359688762333,0
True,2.56767127953117,0
True,2.13296725016282,0
True,1.18163358263503,0
True,0.940264417438419,0
True,2.52797423274224,0
True,2.74263393022246,0
True,2.84233216004448,0
True,1.86693853630807,0
True,1.67898202331158,0
True,2.26592208508838,0
True,2.25652403572201,0
True,1.93555712858622,0
True,2.05489770243614,0
True,1.9408482802832,0
True,2.1230957159094,0
True,2.35505295463152,0
True,2.14779156539736,0
True,2.260093086605,0
True,2.19637535977789,0
True,2.24271182523758,0
True,2.4331110923374,0
True,2.56876247015194,0
True,2.16025513923732,0
True,1.80839389288835,0
True,1.57909387582739,0
True,2.61287439545837,0
True,1.99187641386333,0
True,1.55407589526889,0
True,2.4939725478607,0
True,1.80680548876341,0
True,2.39088748599138,0
True,2.38090454768497,0
True,2.48895944444759,0
True,2.56230099780799,0
True,2.39334131374512,0
True,1.69972557809224,0
True,2.59399991818352,0
True,2.07465344465586,0
True,1.87360816963545,0
True,1.94659186270287,0
True,1.84879300861381,0
True,2.21687459843219,0
True,2.43773370357744,0
True,2.11903328956499,0
True,2.45971726295907,0
True,2.80163904526478,0
True,1.12569552519266,0
True,2.42756002170285,0
True,2.20955182602011,0
True,2.73804044569592,0
True,2.19156158634392,0
True,1.77810507584262,0
True,2.3805767735956,0
True,1.883408395873,0
True,1.69119174969319,0
True,2.6946006488737,0
True,2.56651956891169,0
True,2.07205584572954,0
True,2.6752732908518,0
True,1.98117791163762,0
True,2.39881717315047,0
True,2.22724484938017,0
True,2.06136809909052,0
True,2.17085348494426,0
True,2.23712613968874,0
True,2.35761644932018,0
True,1.79907494404782,0
True,2.01249786506331,0
True,1.96361804969233,0
True,1.57728759045676,0
True,2.10441628344633,0
True,1.09540611774065,0
True,2.559431672429,0
True,2.04182199372534,0
True,2.33899148699205,0
True,2.26830136240723,0
True,1.86049932526221,0
True,1.91104307309703,0
True,2.32774484998389,0
True,2.40693018238279,0
True,2.41076095717845,0
True,1.74060391382929,0
True,2.09844221149643,0
True,1.57410780599382,0
True,1.85595890414932,0
True,1.61876162732068,0
True,2.27397082335245,0
True,1.96317724249413,0
True,2.56867216217735,0
True,1.92828150124585,0
True,2.40663526658208,0
True,2.67029546233171,0
True,2.49541625212162,0
True,1.83308396941101,0
True,1.80864998752204,0
True,2.05088182343686,0
True,2.52969535850843,0
True,2.26733825114219,0
True,1.96483835044253,0
True,2.14528992020939,0
True,2.14421009156075,0
True,2.11134146717429,0
True,2.70914775202043,0
True,1.79953500405151,0
True,1.85978748920893,0
True,2.02362682499163,0
True,1.61565997562582,0
True,2.02768409139547,0
True,2.5307532520567,0
True,2.8796092586413,0
True,2.3887806090902,0
True,2.38850729031527,0
True,2.68073836987583,0
True,2.39654870815361,0
True,2.42856894143086,0
True,2.20638102050772,0
True,1.83789026084931,0
True,2.09691055011706,0
True,2.41959528725689,0
True,1.92920227656153,0
True,2.56725036245166,0
True,2.1229570692879,0
True,1.83482929100146,0
True,2.41304859446384,0
True,2.78341412476439,0
True,2.31691235348675,0
True,2.02171495925549,0
True,1.80042507640385,0
True,2.48159323939525,0
True,2.07787905104004,0
True,2.09716662753432,0
True,2.30983221247801,0
True,1.82412171942827,0
True,2.25572674194735,0
True,2.56186652117311,0
True,2.73849711931119,0
True,2.91202985834354,0
True,2.62190657607963,0
True,2.7211815957664,0
True,2.19898219067491,0
True,2.11830693118389,0
True,2.37869150008498,0
True,0.779740132470008,0
True,1.59796626405249,0
True,2.40200127507661,0
True,2.54255559867065,0
True,2.69431942972666,0
True,1.90450023824159,0
True,2.26280642342744,0
True,2.35898454974658,0
True,2.25968611186076,0
True,2.43598326804162,0
True,1.92597311245747,0
True,2.14237485637464,0
True,2.23074306582634,0
True,2.96954921403586,0
True,2.09780395918679,0
True,2.43857924606342,0
True,1.99374133462507,0
True,1.96226813490148,0
True,1.94994768729919,0
True,1.97359231146163,0
True,2.8408857658138,0
True,2.54797830001816,0
True,2.48928228551389,0
True,2.3114953608004,0
True,1.93383434486287,0
True,2.19352744798996,0
True,2.32478172597623,0
True,2.14169307408097,0
True,2.53279662799767,0
True,2.02451112419209,0
True,2.96410642718633,0
True,2.64964475793944,0
True,2.42156417021436,0
True,2.11857815433979,0
True,1.94486128189086,0
True,2.01180850316093,0
True,2.03783464806023,0
True,2.4950482635995,0
True,1.65938601436032,0
True,2.05400854378847,0
True,2.50560483692926,0
True,2.24722329403183,0
True,1.90332205027826,0
True,2.32142265938277,0
True,2.14820116978344,0
True,2.27721163715864,0
True,2.20411613162078,0
True,2.21085220195124,0
True,2.04096733092015,0
True,2.14404033935601,0
True,2.44078861758083,0
True,2.39144778092791,0
True,2.1178792048074,0
True,2.66143971279915,0
True,2.6964712154691,0
True,1.96734872441486,0
True,2.49388031672511,0
True,1.81357529816233,0
True,2.13696562327031,0
True,2.41233581419452,0
True,1.95447449983945,0
True,2.14314295920458,0
True,2.0231211496178,0
True,2.21917442772962,0
True,0.325947068368637,0
True,2.09609786807057,0
True,2.09380336581613,0
True,2.65498178188368,0
True,2.30188774653369,0
True,1.86326483611234,0
True,2.10954891159924,0
True,2.28440011912959,0
True,2.21706625739416,0
True,2.10196426406649,0
True,2.07724970524718,0
True,2.3261250035012,0
True,2.03284447227382,0
True,2.38455794148664,0
True,2.4714770594056,0
True,2.04598649592237,0
True,2.69941761614655,0
True,2.19080348458209,0
True,1.81981044700572,0
True,2.34631073437886,0
True,2.03207767723897,0
True,1.72884333320721,0
True,1.57532315425393,0
True,2.12953647750819,0
True,1.53099993947756,0
True,2.14916165469745,0
True,2.09967646164467,0
True,2.06979666027741,0
True,2.29588128594595,0
True,0.747225139100921,0
True,2.12329058967572,0
True,0.338294074512548,0
True,2.12162072702734,0
True,2.10702643906695,0
True,1.82866612604332,0
True,1.8825417693462,0
True,1.69978056686487,0
True,2.17190016270007,0
True,2.19244625790844,0
True,2.26293056333808,0
True,2.63012219687977,0
True,2.59783262743502,0
True,2.39170524053324,0
True,2.30781715867758,0
True,2.72804618557152,0
True,2.36166371916447,0
True,2.25751492229549,0
True,2.33683569016756,0
True,2.39459097158657,0
True,2.49704662330683,0
True,2.65722786097094,0
True,2.34057251123268,0
True,2.01286127937259,0
True,1.99585745584109,0
True,2.23531270389242,0
True,2.32796373329401,0
True,2.60108721484506,0
True,2.34072677177123,0
True,2.70255806731961,0
True,0.623940859388127,0
True,2.21121794010006,0
True,1.94441167341708,0
True,2.25910030660578,0
True,1.24798808913495,0
True,2.57906080727595,0
True,2.07450152957514,0
True,2.5865991651639,0
True,2.10400126189524,0
True,1.52157115871836,0
True,2.44744778045695,0
True,0.501136860030969,0
True,2.54634763530772,0
True,2.63565169944912,0
True,2.39743272459585,0
True,2.41086266240373,0
True,0.826971876752225,0
True,2.27507999447823,0
True,2.95517889386451,0
True,2.2570798529247,0
True,2.34411436306547,0
True,2.45417423349188,0
True,2.12738356011326,0
True,2.03074456166169,0
True,2.22369807711864,0
True,2.58685552671146,0
True,2.53132033616138,0
True,1.99595494977666,0
True,2.34862788647459,0
True,2.41768041796736,0
True,2.26954591700925,0
True,2.72094070871578,0
True,2.39483860779233,0
True,2.28327001218939,0
True,2.17220855512717,0
True,1.97360513306948,0
True,2.18614966279827,0
True,2.16096326702667,0
True,1.96200414124987,0
True,2.76734978541504,0
True,2.82580665619328,0
True,2.16011011246691,0
True,2.45289963993827,0
True,2.64493297219779,0
True,2.33252144756133,0
True,1.71582776284571,0
True,1.60722018695428,0
True,2.03150607516028,0
True,2.24752987606743,0
True,2.56333391727109,0
True,1.99553404476837,0
True,2.83682475729967,0
True,2.56858987183809,0
True,1.99580033263688,0
True,2.19417291630611,0
True,2.25440737754385,0
True,1.83893323735437,0
True,1.95704014391161,0
True,1.96780418553209,0
True,2.26053052435847,0
True,2.45930528906818,0
True,1.86332922361338,0
True,2.31186724809375,0
True,2.44085474625936,0
True,1.90202159666341,0
True,2.37622540211484,0
True,2.6908350226876,0
True,1.86859115313211,0
True,2.23905007836613,0
True,2.61237622379158,0
True,1.97029967510254,0
True,2.33894140095051,0
True,2.33613257347937,0
True,2.34842097610117,0
True,2.46933312463689,0
True,2.10973873276037,0
True,2.2090337624019,0
True,2.01847304964264,0
True,2.46148575005171,0
True,2.09377622714855,0
True,1.87806799074809,0
True,1.92353290288801,0
True,2.46684284234405,0
True,2.35376652870412,0
True,1.87740414230581,0
True,2.5489624174643,0
True,0.67009722242659,0
True,2.25653429531436,0
True,1.98939905530486,0
True,2.29907115714591,0
True,2.37157873943083,0
True,2.55624420446039,0
True,2.52339162518225,0
True,2.37956131627707,0
True,2.47781514312896,0
True,2.54888943400435,0
True,2.47518669666386,0
True,2.48649776321502,0
True,2.24488336396148,0
True,2.50000016647988,0
True,2.06670814147603,0
True,2.18129248948178,0
True,2.19434292360851,0
True,2.6797190159568,0
True,2.44958898993246,0
True,2.31241504593523,0
True,1.71389616877049,0
True,2.11704683550432,0
True,1.99631809653605,0
True,2.4790599044598,0
True,2.23495734820775,0
True,2.13851262351428,0
True,2.5277572163349,0
True,1.1479088736137,0
True,2.10128950214108,0
True,2.37282044220241,0
True,2.8941717836608,0
True,1.77837598370865,0
True,2.29078762108974,0
True,2.19231805801024,0
True,2.31310508268953,0
True,2.11687244030911,0
True,2.37938734918634,0
True,2.43191804660906,0
True,2.9022646579041,0
True,2.76930960511851,0
True,2.46587787563219,0
True,2.64086575492621,0
True,2.74566580692353,0
True,2.49234854345289,0
True,2.55795087721353,0
True,2.35397962828673,0
True,2.18179672382378,0
True,2.33829389377092,0
True,2.09886831568815,0
True,2.24619686534248,0
True,2.00049682019937,0
True,2.31590917961654,0
True,2.42211410089812,0
True,2.92268687155518,0
True,1.70213973293748,0
True,1.7704991622715,0
True,2.41928490177524,0
True,2.51782345599993,0
True,2.8151993331087,0
True,2.23818668958819,0
True,1.84139636791158,0
True,2.14589530846837,0
True,2.31115352497976,0
True,2.0326505743251,0
True,1.94900761678852,0
True,1.98129359326357,0
True,2.1300298858331,0
True,1.13848554241434,0
True,0.468241950992652,0
True,2.03613037303636,0
True,1.94486244604084,0
True,2.24540365639081,0
True,2.28526638951813,0
True,1.76851700320903,0
True,2.62857462557642,0
True,2.337816661097,0
True,2.58597509824239,0
True,2.65128731080661,0
True,1.85876488366311,0
True,2.20048603337967,0
True,2.06787697701656,0
True,2.32668268061598,0
True,2.90302939598525,0
True,1.81513136781633,0
True,2.237510937383,0
True,2.50004515101777,0
True,2.57623703593364,0
True,2.09733209405505,0
True,2.14587588020643,0
True,2.22735075473629,0
True,2.19551363662575,0
True,1.69916748841313,0
True,0.532793848585916,0
True,2.16305366450977,0
True,1.27937713455474,0
True,2.18769486143608,0
True,2.35063488752907,0
True,2.65027583728285,0
True,1.88483445986974,0
True,2.2711040192452,0
True,2.43284472869048,0
True,2.34797846709714,0
True,1.96800584000769,0
True,2.57282538780342,0
True,2.43184942896285,0
True,1.69729869222003,0
True,2.23139267848845,0
True,2.30784187795249,0
True,2.24799820869052,0
True,1.98176444308094,0
True,1.70373040184652,0
True,2.36235790086145,0
True,1.86634723463144,0
True,2.1570171542198,0
True,2.50878559549459,0
True,2.14023660042258,0
True,2.33328978533098,0
True,2.62371185066209,0
True,2.58909810138257,0
True,1.94879685449757,0
True,2.57930498342335,0
True,1.02769994033536,0
True,2.22932288043178,0
True,1.97627973184974,0
True,2.23139302261286,0
True,2.28408537289865,0
True,2.49401763892604,0
True,2.04123661095473,0
True,2.59943631761213,0
True,2.08128478866167,0
True,3.03772517468896,0
True,2.66063372347413,0
True,2.11785216030096,0
True,2.21351647629596,0
True,2.20255538096256,0
True,2.30175809024873,0
True,2.71772133070115,0
True,2.93733543172389,0
True,2.64813987185226,0
True,1.89193082984664,0
True,2.72493999232857,0
True,2.68092390256367,0
True,2.27695010683587,0
True,1.85107262657865,0
True,2.32750596105687,0
True,1.80864048380191,0
True,2.10223380559452,0
True,2.39441775221778,0
True,2.15787192569787,0
True,2.63139319065601,0
True,2.39576731121401,0
True,2.40748838738557,0
True,2.56388525755947,0
True,2.22760495399124,0
True,1.91372021956948,0
True,2.16387733136654,0
True,1.97334288983936,0
True,2.3593571228815,0
True,2.25868772070746,0
True,2.95461231321386,0
True,2.19841306403649,0
True,2.08462305819158,0
True,2.13015330610712,0
True,2.17459310213499,0
True,2.72128106884159,0
True,2.10532186809049,0
True,2.12806890186784,0
True,2.13340628488084,0
True,2.16940578798418,0
True,2.33294211220223,0
True,1.99051519967391,0
True,1.94871599155269,0
True,1.96827033659272,0
True,2.46160631394738,0
True,2.4297528804679,0
True,2.72037912111363,0
True,2.25949503090607,0
True,1.95145008352816,0
True,1.52352237108299,0
True,2.0324851188397,0
True,2.22516679911784,0
True,1.89819137045909,0
True,2.51980812454653,0
True,2.38792799086797,0
True,2.29289823993813,0
True,2.11277745361317,0
True,2.78240105024119,0
True,2.3828046351523,0
True,1.8027104065484,0
True,2.68944042971427,0
True,2.10670364484267,0
True,2.01707935161836,0
True,2.3141722303862,0
True,1.93853999316131,0
True,1.64938067576513,0
True,1.70922235886242,0
True,2.57030523012148,0
True,2.41869752880295,0
True,2.295846277342,0
True,1.74254448312426,0
True,2.03762181158686,0
True,2.45574736070198,0
True,1.87568799921084,0
True,2.43220486401747,0
True,2.09537886074875,0
True,2.32781284246752,0
True,2.09239352463696,0
True,2.13015797056119,0
True,2.27403132355174,0
True,2.13557579383829,0
True,2.52854316496182,0
True,2.43991521116819,0
True,2.1643141739797,0
True,0.471845280714461,0
True,1.83177143415491,0
True,2.36849755898345,0
True,1.94518873491227,0
True,2.00175888362473,0
True,2.22462762904447,0
True,2.43008526407806,0
True,1.28175065188258,0
True,2.21522388440414,0
True,2.4645237380695,0
True,2.28423777458209,0
True,1.71612092423008,0
True,2.57473097907636,0
True,2.19362415443557,0
True,1.35594175139611,0
True,2.52306185535931,0
True,2.47540484596045,0
True,2.31798368905201,0
True,2.07510975481447,0
True,1.60307544265664,0
True,2.07603898815646,0
True,2.21896861528118,0
True,1.90901327390138,0
True,2.10490841821869,0
True,1.18599405540389,0
True,2.71432168526027,0
True,2.41868747861766,0
True,2.40291507198479,0
True,2.04802369331995,0
True,1.62391777988592,0
True,1.65438314178736,0
True,2.16234694501517,0
True,2.2213418554321,0
True,2.84904525303223,0
True,2.54403209814727,0
True,0.510838846091441,0
True,2.77474430619842,0
True,2.17887680396911,0
True,2.19791807657129,0
True,2.44833605625618,0
True,2.26540371406067,0
True,1.97507425706703,0
True,1.9203167566232,0
True,2.46654316677564,0
True,2.24205418728708,0
True,1.33755738885483,0
True,2.06894475922762,0
True,2.8126657775564,0
True,2.42061133834032,0
True,2.19133578435149,0
True,2.02277591561692,0
True,2.34136868363903,0
True,0.839903643194433,0
True,2.63445283239121,0
True,2.59761037329943,0
True,2.16809063470988,0
True,2.06767717089805,0
True,2.1938896806764,0
True,2.43112992411573,0
True,2.31657806029223,0
True,2.73213674959433,0
True,2.8620289193843,0
True,2.36409201889276,0
True,0.513236352767372,0
True,2.08397224154263,0
True,2.11718131650441,0
True,0.808533989553762,0
True,2.19713277576672,0
True,2.50597011668784,0
True,2.6191506869461,0
True,2.21071436635172,0
True,3.2949587700171,0
True,2.45011345169286,0
True,2.2246423479525,0
True,2.18134284034894,0
True,1.80136557089373,0
True,2.08475126574539,0
True,2.61643607674812,0
True,2.14576545492695,0
True,2.32687702377838,0
True,2.56049824371075,0
True,2.13849360557994,0
True,2.22363861353504,0
True,1.7224178336411,0
True,2.32075775655477,0
True,1.96039995311518,0
True,2.33302476132472,0
True,2.63200940539861,0
True,2.26486718973856,0
True,2.56331078134307,0
True,2.10415266508196,0
True,2.47188655050859,0
True,2.23619269968897,0
True,2.81342558491592,0
True,1.89842267326441,0
True,2.32813349773413,0
True,2.40018166799203,0
True,2.04351546434165,0
True,2.45903291409636,0
True,2.07948036666962,0
True,2.55941333542769,0
True,2.31058369427801,0
True,1.8773718290648,0
True,2.25173862625379,0
True,2.26183685388633,0
True,2.41251694903204,0
True,2.07756551676437,0
True,0.621394061980265,0
True,0.813149476360177,0
True,2.68061238844625,0
True,2.26525824473084,0
True,1.49371502777203,0
True,2.37239098137921,0
True,2.52459129823932,0
True,1.64737639072598,0
True,2.80373431745317,0
True,1.96497459314302,0
True,2.55745196607954,0
True,2.39268720603494,0
True,2.11624220200113,0
True,2.87716390984591,0
True,2.28041831748145,0
True,2.26868498258732,0
True,2.73362486292627,0
True,1.68893942206148,0
True,2.38649850703326,0
True,2.64537323311454,0
True,2.52172734632309,0
True,2.39327639509474,0
True,2.75679206768703,0
True,2.2735290004351,0
True,2.20155998369865,0
True,1.85641552789429,0
True,2.33444460204512,0
True,2.6316855969045,0
True,1.53697906427072,0
True,2.41900547818363,0
True,2.68049147251939,0
True,2.30674155639333,0
True,2.30011149548767,0
True,2.16375417322537,0
True,2.22973928205057,0
True,1.62381125483036,0
True,2.42697467560902,0
True,2.08593961892946,0
True,2.39665184020046,0
True,1.60266591622044,0
True,2.01187254998728,0
True,2.06715255926659,0
True,2.23827699046298,0
True,0.836692400746521,0
True,2.0854567786704,0
True,2.22202660342227,0
True,1.83734166828677,0
True,2.13534428250471,0
True,2.50983174583706,0
True,2.77632308915659,0
True,2.34807935769195,0
True,2.39020066811228,0
True,2.06751232749212,0
True,1.92731820791466,0
True,2.2723278086293,0
True,2.5176282595434,0
True,2.33112222438896,0
True,2.22416764163201,0
True,2.39820359152755,0
True,2.27251297439867,0
True,2.23407518847533,0
True,1.784911636866,0
True,2.29154609083398,0
True,1.85366055540987,0
True,2.12153690310435,0
True,2.12243004284117,0
True,2.08203385094756,0
True,2.10233126730674,0
True,2.38617769045882,0
True,2.31868021715994,0
True,2.01378912601854,0
True,2.48977530517903,0
True,2.24415170912722,0
True,1.97795393923813,0
True,2.28235552998657,0
True,1.96494985885733,0
True,2.36906114846538,0
True,1.35829783281255,0
True,2.31853323538395,0
True,2.16687514803022,0
True,2.17681515688444,0
True,1.99043129862746,0
True,2.19499576525052,0
True,2.19885371691016,0
True,2.36751666366213,0
True,2.4501656083362,0
True,1.56906980090743,0
True,2.71712898762589,0
True,2.49329462719268,0
True,2.38152269206109,0
True,1.71877405393513,0
True,1.76322686225445,0
True,2.26468008497673,0
True,2.23435716617364,0
True,2.38532479693484,0
True,2.77524381436178,0
True,2.42284501793612,0
True,2.66013533419906,0
True,2.03627655842903,0
True,2.26142568398689,0
True,2.87282379975843,0
True,2.35206427203405,0
True,1.58749754857957,0
True,1.80658979361674,0
True,2.1813411819491,0
True,2.24203984502471,0
True,1.91233088050167,0
True,1.933597606352,0
True,2.96677745176757,0
True,2.74892351752248,0
True,2.77633329772112,0
True,2.25108293103212,0
True,2.19056515465019,0
True,2.07642064126118,0
True,2.34061668223387,0
True,2.14297081604892,0
True,2.48286709407042,0
True,2.08756813954389,0
True,2.68139449427421,0
True,2.37212195689,0
True,2.01310372442241,0
True,1.1546506932031,0
True,2.26991595867523,0
True,2.27507092449888,0
True,2.09242771078989,0
True,1.95211874324974,0
True,2.67585785360552,0
True,2.60566663633634,0
True,2.4116138383392,0
True,2.64446717540123,0
True,2.32630598708101,0
True,2.1521419921189,0
True,2.45568227370333,0
True,1.89373234273848,0
True,2.26746611823115,0
True,2.52473125535303,0
True,2.22836907755393,0
True,2.25345836225822,0
True,2.09571688916704,0
True,2.25598579167594,0
True,2.4034997780338,0
True,2.40620881418282,0
True,2.17418292976853,0
True,1.9699910165913,0
True,2.79176606927971,0
True,2.22660850419821,0
True,2.23285416033477,0
True,2.29753151231165,0
True,2.47573387864709,0
True,2.22191171473037,0
True,2.29399716870899,0
True,2.38792236840496,0
True,1.76941141146421,0
True,2.31877551818552,0
True,2.33009861637049,0
True,2.34718665482803,0
True,0.964492417965473,0
True,2.31946368415753,0
True,2.5172512707351,0
True,2.61301723714328,0
True,2.35474772490465,0
True,2.23687140939553,0
True,2.34254811384023,0
True,2.44221328023953,0
True,1.7923947064451,0
True,1.83895972309543,0
True,1.65484425232642,0
True,2.052648962234,0
True,2.15650567165198,0
True,2.14280268411151,0
True,2.17318700324004,0
True,2.09303965168837,0
True,2.04557144954335,0
True,1.90710449291321,0
True,1.99530744988363,0
True,2.12416766658422,0
True,2.35474614709396,0
True,2.30996700145418,0
True,2.08116536656386,0
True,2.92569433733347,0
True,2.48005228953487,0
True,2.1839818089432,0
True,2.65485943083884,0
True,2.56265300952181,0
True,2.52428701247339,0
True,2.24581858179861,0
True,2.49281699206218,0
True,1.98971665480274,0
True,2.58467405699327,0
True,2.31020404301369,0
True,2.46509839588417,0
True,2.28104913106333,0
True,2.54415750057922,0
True,2.46516471420065,0
True,2.25791379024748,0
True,2.4767377837099,0
True,2.90500257346147,0
True,2.56307027690992,0
True,1.97359158931635,0
True,2.38087547927444,0
True,1.55422278793631,0
True,2.04660546113724,0
True,2.327930497916,0
True,2.28757117828806,0
True,0.809527935876507,0
True,2.55003779095935,0
True,2.47126086483239,0
True,2.28267527595683,0
True,1.74355180548037,0
True,1.23505244838744,0
True,1.494822602412,0
True,2.0551571853931,0
True,2.44189177357906,0
True,2.7507257311088,0
True,3.10335140192357,0
True,2.61809255376673,0
True,2.57679076233217,0
True,2.06122204531071,0
True,2.18940706997667,0
True,2.61070543743768,0
True,2.89357647546479,0
True,2.97982862503266,0
True,2.28406805358638,0
True,2.45912708192855,0
True,2.1033277388496,0
True,1.97297434913709,0
True,2.17332009074934,0
True,1.65676227775729,0
True,2.49165638091225,0
True,2.75655923552515,0
True,2.24674763360474,0
True,2.16579745211312,0
True,2.17352454459828,0
True,2.23838528577017,0
True,1.95646053460985,0
True,1.89112296845543,0
True,2.09440716345267,0
True,1.49546286695823,0
True,2.10182624474799,0
True,1.71132527717969,0
True,1.04557734647169,0
True,2.54344838535687,0
True,2.10897783352173,0
True,0.884193362369633,0
True,2.6456815711669,0
True,2.42345550182368,0
True,1.89437165042225,0
True,2.25745794953043,0
True,2.20257521635618,0
True,1.95417384857861,0
True,2.32534321234182,0
True,2.45824954338918,0
True,2.28756419132915,0
True,2.86438983744192,0
True,2.75870291723167,0
True,1.92821935121692,0
True,2.09422343101809,0
True,1.9255382607687,0
True,2.39537369603224,0
True,2.46034719815979,0
True,2.47166720187526,0
True,2.64597157091852,0
True,2.58495152202866,0
True,2.07831890185935,0
True,2.72478929995309,0
True,2.51359413000953,0
True,2.21476558855932,0
True,2.55142997696347,0
True,1.68983864063921,0
True,0.644290917674857,0
True,3.21069174003171,0
True,2.83651413752923,0
True,2.43749195145043,0
True,2.55533591653815,0
True,2.452782615206,0
True,1.51166607662703,0
True,2.1997114696031,0
True,2.69932014122832,0
True,2.11539864908288,0
True,2.25122940494551,0
True,2.25066370637876,0
True,2.10782289560243,0
True,2.83103083477836,0
True,1.97993245375323,0
True,2.38661080842537,0
True,2.31862552589525,0
True,1.99978879136646,0
True,2.17991075160853,0
True,2.24068683219753,0
True,2.06657855846456,0
True,1.77668167942587,0
True,2.78947378954947,0
True,2.37205139616249,0
True,1.77601542919378,0
True,1.66103004013317,0
True,2.05924509341711,0
True,2.06496160507063,0
True,2.15916939277579,0
True,0.774663957962861,0
True,1.79148878747444,0
True,2.12059760943977,0
True,2.53996328031184,0
True,2.39071221466308,0
True,0.360582689726682,0
True,2.86367477683044,0
True,2.10976961071122,0
True,2.72525156988928,0
True,2.17275027854709,0
True,2.19520194510523,0
True,2.07655628587737,0
True,2.3822906857516,0
True,2.42657393809025,0
True,2.0861090750579,0
True,2.77143443269251,0
True,2.13358945188909,0
True,0.826969887419162,0
True,2.76188089717278,0
True,2.50626629684574,0
True,2.45078324900832,0
True,2.15502624526907,0
True,2.72572790062718,0
True,2.58907353083485,0
True,1.94151004106176,0
True,2.08077721026378,0
True,2.38467238322157,0
True,2.52348108331949,0
True,2.31541556378639,0
True,0.262905606644908,0
True,2.93830336186961,0
True,2.35937977529706,0
True,3.14237712791228,0
True,0.34367757328759,0
True,2.84426945236659,0
True,2.08283217726082,0
True,2.0272745973686,0
True,2.38442064605576,0
True,2.1666231042933,0
True,2.21309151220659,0
True,2.35612573269991,0
True,2.3164782081795,0
True,2.07294288054777,0
True,2.26013427848149,0
True,1.75342525524256,0
True,1.93403322019126,0
True,1.78968527624408,0
True,1.86916147760649,0
True,2.1659135516616,0
True,2.38878990414606,0
True,2.23313929713306,0
True,2.15075500685108,0
True,1.85991692192801,0
True,2.13838266338903,0
True,2.81566444828387,0
True,2.0262716544664,0
True,2.64856216975775,0
True,2.3047435604957,0
True,2.14464644720279,0
True,1.86153567043618,0
True,2.25177778344203,0
True,2.56886212500092,0
True,1.61754470159868,0
True,0.450948191563091,0
True,2.15139522315865,0
True,2.0678001473835,0
True,2.64886890607102,0
True,0.310014044588881,0
True,1.79481177404437,0
True,2.17708917427611,0
True,1.93296622672536,0
True,2.21202250341031,0
True,1.78055299421855,0
True,2.24275885004904,0
True,2.74460666149211,0
True,2.71525830953582,0
True,1.856749385046,0
True,2.57698449306517,0
True,2.43302971401148,0
True,2.12833267184675,0
True,2.67353593678164,0
True,3.40270050163991,0
True,3.26134893135697,0
True,2.44053760427908,0
True,2.57762568870249,0
True,2.36728272993225,0
True,2.04886761214893,0
True,2.47463805056883,0
True,2.08361805433716,0
True,2.27480521927381,0
True,2.50011110523101,0
True,1.09441467670103,0
True,2.14020376904985,0
True,2.34226672503417,0
True,3.07751695999471,0
True,1.66610723085143,0
True,2.22173470746933,0
True,2.2108945664674,0
True,2.99521325747552,0
True,2.64070255027552,0
True,2.7432482368161,0
True,2.55402879649191,0
True,2.13065922469178,0
True,2.06539926192757,0
True,2.18883111859311,0
True,2.4858918443497,0
True,2.47228640311855,0
True,2.24349050520409,0
True,2.24559691710297,0
True,0.260679110866583,0
True,2.29850481955111,0
True,2.01760440776762,0
True,2.31522287752333,0
True,2.25281154381353,0
True,2.51249473355768,0
True,2.20694641388931,0
True,2.37335215988176,0
True,2.09442473048419,0
True,2.46380641435547,0
True,2.13882806415874,0
True,2.27460640286937,0
True,2.29206753254091,0
True,2.56296565510733,0
True,1.9350313437189,0
True,1.83429461633346,0
True,2.0898863656375,0
True,1.69561533536905,0
True,0.871816044759082,0
True,2.01670345011396,0
True,2.57948489139622,0
True,2.52002157394833,0
True,1.82694699710644,0
True,2.31821934363617,0
True,2.45471609746276,0
True,2.05404933257604,0
True,2.42454774928362,0
True,2.28122910187198,0
True,2.15241217276145,0
True,2.50482584506271,0
True,2.13121075255552,0
True,2.39848965881278,0
True,2.25780696383087,0
True,2.16156980889564,0
True,2.44337885360945,0
True,0.782962529463105,0
True,2.3626304159708,0
True,1.84436250413691,0
True,1.83690798682364,0
True,2.46006630756765,0
True,2.02914437480389,0
True,2.61854026228545,0
True,2.55482074165663,0
True,2.37279489325464,0
True,2.43989966434553,0
True,1.84153936985833,0
True,2.03324511031786,0
True,2.35148405954941,0
True,1.86086012194075,0
True,0.512157787188086,0
True,2.20468943733669,0
True,2.55485049526643,0
True,2.33449742336789,0
True,2.89316412318566,0
True,2.78258489535064,0
True,2.10199823051794,0
True,2.34774932580019,0
True,2.33588554525362,0
True,0.438225762901037,0
True,1.96045914328226,0
True,1.94649510683524,0
True,1.92119838833785,0
True,2.09337510352945,0
True,2.03846890136016,0
True,2.21130249102163,0
True,2.12528760696871,0
True,1.98966939130001,0
True,2.07364822838544,0
True,2.4882702179645,0
True,1.93541921225205,0
True,2.34893831970751,0
True,2.37229801039222,0
True,2.16465506454398,0
True,2.49070473414473,0
True,1.91851451925781,0
True,1.79287522850389,0
True,2.50348508205076,0
True,2.89000411756191,0
True,2.1325901930732,0
True,2.28947512075265,0
True,2.07210514831372,0
True,1.82719291346489,0
True,1.95424423130453,0
True,1.2182205787724,0
True,2.80337130504493,0
True,2.11666861457024,0
True,2.20445604012071,0
True,2.24669336319419,0
True,2.25688768499906,0
True,1.91780762079641,0
True,2.14581979547776,0
True,1.84296558737722,0
True,1.89430657440587,0
True,2.01454299014121,0
True,2.17373998322093,0
True,2.18391044069951,0
True,2.20081507475032,0
True,2.22071327991258,0
True,2.31137076118619,0
True,2.06089799060808,0
True,2.34646611862975,0
True,2.21751242805099,0
True,2.7676525635959,0
True,2.38388178767003,0
True,2.12882003582123,0
True,2.51814734053487,0
True,2.54034752029879,0
True,2.78226583404514,0
True,2.40544957601517,0
True,2.28675510938538,0
True,1.5251424708991,0
True,2.14472436729764,0
True,2.25203558660019,0
True,2.03552467633813,0
True,2.01963690799539,0
True,2.26312145901962,0
True,2.22711588804722,0
True,2.74558094194896,0
True,2.89254665475685,0
True,2.45066333083268,0
True,2.34982584916713,0
True,2.06494570748051,0
True,2.63207778799719,0
True,2.76331945936829,0
True,2.39593872373417,0
True,2.38498425331079,0
True,2.84570394196773,0
True,2.47367557647428,0
True,2.70087433985161,0
True,2.04839291410836,0
True,2.68052926567494,0
True,2.19281935026545,0
True,2.24114069747985,0
True,3.0898479599266,0
True,2.01297855850939,0
True,2.26674844818049,0
True,3.15002020197042,0
True,2.58853834442485,0
True,2.42255355440952,0
True,2.8244162292613,0
True,2.6026192010277,0
True,2.50288903366083,0
True,2.6354589314214,0
True,2.545383052003,0
True,2.35999899049999,0
True,2.44944951465792,0
True,2.11531175005549,0
True,2.12275226618522,0
True,2.1116927086573,0
True,2.13122675539412,0
True,2.11879005434287,0
True,2.05123876407831,0
True,1.88201157699188,0
True,1.65435433029503,0
True,2.82184741929654,0
True,2.09602731107573,0
True,1.98895041381175,0
True,2.26212601206488,0
True,2.75443424886524,0
True,1.66636139499447,0
True,2.00648995375633,0
True,2.35123082667677,0
True,2.30676570661287,0
True,2.17373772131092,0
True,2.13949940209793,0
True,1.93110418256451,0
True,2.28732610348286,0
True,2.39856141224474,0
True,2.08989627782324,0
True,0.958061786749446,0
True,2.44413409190541,0
True,2.71335257594236,0
True,2.34318086585799,0
True,2.51083891648859,0
True,2.28980273701042,0
True,1.83565900375742,0
True,1.98803793807053,0
True,1.98623828748466,0
True,1.87393308077881,0
True,2.05793447832162,0
True,2.30119924571941,0
True,2.24821260422166,0
True,2.32418521654302,0
True,2.06539837803003,0
True,2.51714706949524,0
True,0.549058178212867,0
True,2.33438790802862,0
True,0.518623421962118,0
True,2.31937911887457,0
True,2.3408628671284,0
True,2.57078150044768,0
True,1.93407404168489,0
True,2.96714517346061,0
True,2.53974622088682,0
True,1.99176989926556,0
True,2.09625374501524,0
True,2.07764236671873,0
True,2.15464518508456,0
True,2.05276023418946,0
True,1.78240929717206,0
True,1.79273868750001,0
True,2.1409293202116,0
True,1.08814670642158,0
True,2.40897670365656,0
True,2.55066765375498,0
True,2.10258607215147,0
True,2.18793195938117,0
True,2.44553113340046,0
True,0.429010705412863,0
True,2.03341780733773,0
True,2.55018241218527,0
True,2.20358347456807,0
True,2.10469041797544,0
True,2.24906844616909,0
True,1.61481219311197,0
True,2.1140922050629,0
True,2.67858571214727,0
True,1.93851534269592,0
True,2.02986288055751,0
True,2.05044356351694,0
True,2.25849036480279,0
True,2.33641885594406,0
True,2.94728070487582,0
True,2.42734671680809,0
True,2.38048721343535,0
True,1.90701542991419,0
True,2.25417240470482,0
True,2.06204685053895,0
True,2.55177791494366,0
True,2.07819142554739,0
True,2.71136316304247,0
True,2.63976348497738,0
True,1.89027314277863,0
True,1.73688909076052,0
True,2.30267733019579,0
True,2.45276249803823,0
True,0.737771996738275,0
True,2.2930482565907,0
True,2.01658808748861,0
True,2.20403987665849,0
True,2.1230664438942,0
True,1.36487883426339,0
True,2.17989164103987,0
True,2.45945833512911,0
True,2.26538671258812,0
True,2.55112657918319,0
True,1.86227492847245,0
True,2.02661316746073,0
True,1.36497087455209,0
True,1.96774895441995,0
True,2.08461762581016,0
True,1.87108575747348,0
True,2.14665569435623,0
True,1.94165109808399,0
True,1.77277034557453,0
True,2.60719841473432,0
True,1.94390073567959,0
True,2.74416549024585,0
True,2.72778479659709,0
True,2.81219688921071,0
True,1.08340231342014,0
True,3.28988153676508,0
True,2.53134917077371,0
True,2.36125759397258,0
True,1.92943560944718,0
True,1.97564785216695,0
True,2.32461210725235,0
True,2.31641468912235,0
True,2.75029541690343,0
True,2.45388079733181,0
True,1.99242621172085,0
True,2.50537092754416,0
True,1.72554740670562,0
True,2.02397997766518,0
True,2.3273473925123,0
True,0.875108414864704,0
True,2.37158903708027,0
True,2.19182930323091,0
True,2.38221226290839,0
True,2.07480244554304,0
True,2.37649919545609,0
True,2.68901125998863,0
True,2.48620233338633,0
True,2.89841015474394,0
True,2.17863426539932,0
True,2.66737668962586,0
True,2.19549349627191,0
True,2.20710977092347,0
True,1.88338837692269,0
True,1.774545153217,0
True,2.32929688507086,0
True,1.88503241488495,0
True,2.21990625259789,0
True,1.82473855699193,0
True,2.18432367846309,0
True,2.67438308256944,0
True,2.5081109093872,0
True,2.26562968787139,0
True,2.4441587270954,0
True,2.61768931848201,0
True,2.47661705751398,0
True,2.21393001966292,0
True,2.39321712538583,0
True,2.51446837370901,0
True,2.46063213911866,0
True,2.69935856319617,0
True,0.401741004760803,0
True,2.22498138581989,0
True,0.802817786929035,0
True,2.51192637070461,0
True,1.97934222080768,0
True,1.86388913665439,0
True,2.29717688557857,0
True,2.28558900356903,0
True,1.849645301772,0
True,2.67406479732251,0
True,2.22686520186327,0
True,2.12611359123537,0
True,2.16516197391002,0
True,2.14751956626929,0
True,2.22960763985079,0
True,2.27192505275917,0
True,2.50507982940368,0
True,2.32005163723623,0
True,3.00686960425076,0
True,2.73222502901481,0
True,2.74011685109104,0
True,2.28070406382043,0
True,1.82612527286988,0
True,0.791635762822401,0
True,2.33549916043125,0
True,2.42719507604787,0
True,2.38456151958624,0
True,2.47217883045427,0
True,1.89064720446523,0
True,2.18972639368953,0
True,1.98786753871033,0
True,2.1910504376142,0
True,2.60598975385123,0
True,2.2129967577742,0
True,2.78743347662691,0
True,2.00898787956631,0
True,2.20068601004171,0
True,2.14834793478027,0
True,2.15532189854405,0
True,2.25056737820207,0
True,2.24102937676717,0
True,0.528291043066171,0
True,2.56093124060062,0
True,2.10641900447453,0
True,2.42494720192816,0
True,2.66692696736362,0
True,1.99191013866328,0
True,2.01333073537137,0
True,2.68501075015102,0
True,2.14902021635118,0
True,1.99635273626875,0
True,2.21054755269756,0
True,1.7792955543898,0
True,1.79875054278624,0
True,2.39610813583838,0
True,2.14621765417474,0
True,2.09081855817216,0
True,2.144445612465,0
True,2.10756096202091,0
True,2.47727318193329,0
True,2.44123898110937,0
True,2.13521419860372,0
True,2.29958045120695,0
True,1.94458061302175,0
True,1.7654342100214,0
True,1.62098299586897,0
True,1.66387880287369,0
True,2.35197834559757,0
True,2.56591043824115,0
True,2.32991649751702,0
True,2.56820553201719,0
True,2.30071133866195,0
True,2.69727192838739,0
True,2.82485918354637,0
True,2.54785514577398,0
True,2.13381293128891,0
True,2.038848115261,0
True,2.16282319645678,0
True,2.77663292431799,0
True,2.15739599502047,0
True,2.17489930643712,0
True,2.39300267045948,0
True,2.88651989291648,0
True,2.45209413297798,0
True,2.38625271334377,0
True,1.47696363086182,0
True,2.24352223067671,0
True,2.34926683051005,0
True,2.28116642117576,0
True,2.00944492828531,0
True,1.88644355457474,0
True,1.64822709557317,0
True,2.25521104912576,0
True,2.31351428781637,0
True,2.01821337023844,0
True,2.24034306717578,0
True,2.07277172878727,0
True,2.31007957070684,0
True,2.07957787823496,0
True,1.90670745368509,0
True,1.92995144157196,0
True,2.16284236394668,0
True,2.0959870217739,0
True,2.58889991969628,0
True,2.52105147007518,0
True,2.24027498128353,0
True,2.5304097833527,0
True,1.77425903398515,0
True,2.41426916494909,0
True,0.774177223102512,0
True,1.53877208195778,0
True,2.1389438990474,0
True,2.43499562808913,0
True,2.21813027595252,0
True,2.12840017651297,0
True,2.46979253458244,0
True,2.32909816520701,0
True,2.01522654013347,0
True,1.99476007571406,0
True,2.26221348021868,0
True,2.06867663148968,0
True,2.42883141027455,0
True,2.33406893249941,0
True,3.17613686155041,0
True,3.0029009308628,0
True,2.39725754504476,0
True,2.0447428954534,0
True,1.71256693640842,0
True,2.0211970209541,0
True,2.25899837516714,0
True,2.69353775674753,0
True,1.92085947847761,0
True,1.92425528245754,0
True,1.91365872632043,0
True,2.32613962216947,0
True,2.47265045256961,0
True,1.89836948815374,0
True,2.32853104012268,0
True,2.61591699044768,0
True,2.02885368657314,0
True,1.71710928409721,0
True,2.21000893883789,0
True,2.25284531531375,0
True,2.03849402484624,0
True,2.41502810165238,0
True,1.9319296760183,0
True,2.15863928511523,0
True,2.38267815941174,0
True,2.73709747250293,0
True,2.2714904896336,0
True,2.02680805707288,0
True,2.56343463528844,0
True,2.12623341841798,0
True,2.296421185007,0
True,2.03505901050376,0
True,1.11915002097108,0
True,2.23013116725356,0
True,2.12772165798405,0
True,0.49833487980121,0
True,2.12313800797867,0
True,1.86867947609694,0
True,1.91953062087953,0
True,2.09559172569276,0
True,2.53599477215017,0
True,2.11636818218786,0
True,2.71962944544638,0
True,1.85890102166191,0
True,2.57730193080414,0
True,2.50114971117781,0
True,2.44532991047184,0
True,2.24272831267912,0
True,2.52276835859763,0
True,2.07766506179931,0
True,2.15913703569362,0
True,2.20784477953607,0
True,2.33598424551417,0
True,2.45111875991859,0
True,2.16539242924376,0
True,2.50347008873656,0
True,2.29524020279014,0
True,2.26164984877404,0
True,2.05874183034907,0
True,2.48078937090336,0
True,2.34949746846855,0
True,2.46616226951439,0
True,0.670684348794916,0
True,2.50018184987134,0
True,2.2770586696618,0
True,2.13492763307334,0
True,0.385498939726368,0
True,2.34935169288508,0
True,0.56462454136265,0
True,1.94684226476539,0
True,2.22244036032241,0
True,2.59324069910026,0
True,2.05803297252725,0
True,2.63433185169306,0
True,2.32477582672482,0
True,2.58243997284138,0
True,1.90587603588663,0
True,2.14808637341896,0
True,1.97771772681991,0
True,2.49143360451864,0
True,2.06400877701161,0
True,1.69245647008749,0
True,1.69203339752968,0
True,1.96854198888836,0
True,1.09985646323356,0
True,0.430320124565813,0
True,2.13936562791846,0
True,2.22405354234118,0
True,2.18758959221083,0
True,2.96515729276973,0
True,2.52171598394231,0
True,2.15439255877993,0
True,2.00996601335607,0
True,2.26448517137576,0
True,2.43099591778105,0
True,2.24334993070331,0
True,1.96176209461911,0
True,1.07594941260261,0
True,2.30628095809155,0
True,2.07987010369616,0
True,2.1880483914914,0
True,2.34438752432257,0
True,2.07310482418606,0
True,2.08453253202276,0
True,1.81216722495198,0
True,2.58000827893647,0
True,2.34719100026771,0
True,2.00136422095525,0
True,2.23214485106981,0
True,2.20140652441207,0
True,2.67364427077971,0
True,2.44584697221679,0
True,2.50340322643892,0
True,1.80394760157807,0
True,2.28036115027192,0
True,2.53809444373131,0
True,0.32375475277687,0
True,0.457171053300777,0
True,2.39472976955935,0
True,2.22583106896615,0
True,2.91852084572946,0
True,3.04077399304124,0
True,2.16662054083167,0
True,2.23661594970593,0
True,1.68798612608284,0
True,2.75746831855178,0
True,2.50056315364573,0
True,2.77215497819098,0
True,2.63885474216496,0
True,2.59472233208048,0
True,1.090277773934,0
True,2.37126018654102,0
True,2.55582163289653,0
True,1.23171254112184,0
True,2.7024580917384,0
True,2.88948112263152,0
True,2.16274063964474,0
True,2.3054623187061,0
True,2.29254859782509,0
True,2.99993992087287,0
True,2.48938553288235,0
True,2.266879200934,0
True,1.70209021543368,0
True,2.62968286529888,0
True,2.52136781382653,0
True,2.00430798377261,0
True,0.25846158729937,0
True,2.31496203627876,0
True,2.08741301115941,0
True,2.76076718562732,0
True,2.31915818620708,0
True,2.55254334410158,0
True,2.34561472633612,0
True,2.04056194483704,0
True,2.06220371648601,0
True,2.87122821458586,0
True,2.81011476685595,0
True,2.96544708841641,0
True,2.67749048680471,0
True,2.21204308406264,0
True,2.39343070786418,0
True,2.66618111036379,0
True,2.23968223381282,0
True,3.04588570406942,0
True,2.55248216482686,0
True,0.355918348380071,0
True,2.88825436938092,0
True,2.31927346128683,0
True,2.17946986337001,0
True,2.3040083436036,0
True,2.17323449995373,0
True,2.38274816231087,0
True,1.87697256711265,0
True,2.08365891322317,0
True,2.36549386118868,0
True,2.47433494091626,0
True,1.72805280152337,0
True,2.73785425106529,0
True,2.71174983013706,0
True,2.43035142243141,0
True,2.27225747430305,0
True,2.10061899598166,0
True,2.47635610874957,0
True,2.23740394753639,0
True,2.23855799909406,0
True,2.61393791244124,0
True,2.08565424513065,0
True,2.5834789435224,0
True,2.61509847679829,0
True,2.10087165739447,0
True,2.07672250597223,0
True,2.79520736379368,0
True,2.36975130159073,0
True,1.56670496450701,0
True,1.83171672026887,0
True,2.29007178369047,0
True,2.47541296969252,0
True,1.98123936349805,0
True,2.2410315132576,0
True,2.56517740710999,0
True,2.34135228869169,0
True,2.07922545444342,0
True,2.52514004413613,0
True,1.63036803172739,0
True,2.52300852418253,0
True,2.76542352396113,0
True,2.28083318840627,0
True,2.2634702192236,0
True,2.17465742648679,0
True,2.52517361361641,0
True,2.86379691252422,0
True,1.89037868935064,0
True,2.29114463744511,0
True,2.42324762995968,0
True,2.4361381578781,0
True,2.49928401565099,0
True,2.90191418401389,0
True,2.51522102102904,0
True,0.444257708052861,0
True,2.5930401034711,0
True,2.43855689991412,0
True,2.31235806966184,0
True,2.06491581644711,0
True,2.60173823324407,0
True,2.39080803576338,0
True,1.54800384673096,0
True,2.03143795173862,0
True,0.47387185818166,0
True,2.9409255763497,0
True,2.44507321742226,0
True,2.77130313999709,0
True,2.81282844212014,0
True,2.242726494127,0
True,1.59190677554963,0
True,2.34705458440606,0
True,2.7299516304778,0
True,2.34309442680567,0
True,2.6046973000086,0
True,2.54963968727336,0
True,2.01198758976247,0
True,1.76866805709258,0
True,2.2266940288337,0
True,2.38732504219052,0
True,2.46539924666029,0
True,2.41198705136796,0
True,1.58823732623113,0
True,2.3605577669855,0
True,2.28401986424159,0
True,1.98242560985951,0
True,1.91057594381366,0
True,1.91305331747484,0
True,2.49226977589761,0
True,1.92883319413951,0
True,2.32244686916556,0
True,1.75680450542352,0
True,1.8639519632882,0
True,1.99996441547461,0
True,2.23307601731493,0
True,2.40909631923081,0
True,2.16296630687546,0
True,1.32853709833949,0
True,2.35886984575922,0
True,1.83938748780265,0
True,2.14372483272928,0
True,2.38238047130064,0
True,2.06468086675178,0
True,2.16636002791576,0
True,2.55587338049381,0
True,1.90295642088768,0
True,2.57979363550693,0
True,2.4563054295424,0
True,2.20328287744537,0
True,2.50971167679119,0
True,2.18596377698785,0
True,2.63175437416771,0
True,3.01749551039653,0
True,2.75255256988627,0
True,0.588346150833107,0
True,2.31036059540157,0
True,2.4586688045799,0
True,2.7341745699784,0
True,2.82331732516479,0
True,2.26266686698349,0
True,1.78682101103603,0
True,2.64680088644357,0
True,2.63664326673879,0
True,2.56554032469361,0
True,2.30158183954378,0
True,2.2300002847259,0
True,2.24833022205504,0
True,2.7918263027294,0
True,2.36016670752103,0
True,2.21848283825392,0
True,1.98551018765804,0
True,2.73165217396126,0
True,2.98550977341926,0
True,2.31700343817521,0
True,1.65262509665674,0
True,2.14796097082508,0
True,2.57513636326906,0
True,2.84890461148771,0
True,2.33486951580533,0
True,2.29515869838528,0
True,1.96791792919046,0
True,2.36792414826352,0
True,2.31210189513702,0
True,2.06234503812154,0
True,2.55648629427478,0
True,2.11592858449622,0
True,2.82856498157423,0
True,2.13947320302837,0
True,0.293946180770557,0
True,2.62591112797359,0
True,2.33177355119339,0
True,2.23904547322782,0
True,2.04514087769012,0
True,2.29454975313748,0
True,2.30573908502467,0
True,2.57934710690856,0
True,0.648668528633996,0
True,2.599319536164,0
True,2.43230128595786,0
True,2.44343938715017,0
True,2.23897258420127,0
True,2.33573549730669,0
True,2.25516741398652,0
True,2.34966945202104,0
True,2.63178028227428,0
True,2.22315729062932,0
True,2.18346041322492,0
True,1.95164102049947,0
True,2.22139114913928,0
True,2.45682244540683,0
True,2.59449911985191,0
True,1.99418870140544,0
True,1.95519066290359,0
True,2.19183245149606,0
True,2.05348379839295,0
True,1.93327000188768,0
True,2.04881413623732,0
True,1.86314131492737,0
True,2.28813685097818,0
True,2.66733146139846,0
True,2.52065614168446,0
True,2.44013252289924,0
True,2.76963984374208,0
True,1.89531719903292,0
True,2.42896160488391,0
True,1.97381744395432,0
True,2.32649498654146,0
True,2.15096498372169,0
True,3.0148254081107,0
True,3.55805175128502,0
True,2.33001421367547,0
True,1.88749748540869,0
True,1.84947152104589,0
True,1.85123382336388,0
True,1.85672917186889,0
True,2.42004026492843,0
True,2.53751252886083,0
True,2.51287854540509,0
True,2.32147676453211,0
True,2.28427328592787,0
True,2.00055433957615,0
True,2.11734080104288,0
True,2.89592728087781,0
True,2.2975132694027,0
True,1.84125576510499,0
True,1.6658026077572,0
True,2.32975481985685,0
True,1.80593576589667,0
True,2.37414897599494,0
True,2.23348460810802,0
True,2.507721671287,0
True,3.33423812661094,0
True,2.88901095451811,0
True,2.70981745340153,0
True,2.55839242446776,0
True,2.81320970317179,0
True,2.88203599706611,0
True,2.15241874689292,0
True,1.99510523813668,0
True,1.92885686219098,0
True,2.21957112054041,0
True,2.3774963318513,0
True,2.35268269046736,0
True,2.6319336945869,0
True,2.92157882351449,0
True,1.81118248821863,0
True,2.12459849592463,0
True,2.0667754447459,0
True,2.17754778900859,0
True,2.82381776875219,0
True,2.77759963322205,0
True,2.37921187187083,0
True,2.50122390437055,0
True,2.50354376829719,0
True,2.48006362186106,0
True,2.07833375891595,0
True,2.58760280609171,0
True,1.97457998467458,0
True,1.78884655769151,0
True,1.89038694167003,0
True,2.03644746212063,0
True,2.34212218803413,0
True,2.13813790885824,0
True,1.78468054587181,0
True,1.89018519642718,0
True,1.75097314095617,0
True,2.30379250141414,0
True,1.7796230067613,0
True,2.20595654509304,0
True,2.00765044958265,0
True,2.13554437868105,0
True,2.26724345342926,0
True,2.72040683025398,0
True,2.35313210216419,0
True,3.01248110195845,0
True,2.46075213189715,0
True,2.72251817870355,0
True,2.22832330988455,0
True,1.66103358679194,0
True,1.62144574646454,0
True,2.01205482201734,0
True,2.71532079821292,0
True,2.18170337856494,0
True,2.29225686445687,0
True,1.62900512428583,0
True,2.60432932773052,0
True,2.40487766755616,0
True,2.12685144733505,0
True,2.16199142076653,0
True,2.1023181518261,0
True,1.65856987883497,0
True,1.87684767249665,0
True,2.22519896665274,0
True,2.31965470198625,0
True,2.34113510366801,0
True,2.06526009219366,0
True,2.80400279789237,0
True,2.67286190336274,0
True,3.09266084399111,0
True,2.62014069471237,0
True,2.1821042501608,0
True,1.8236657890417,0
True,2.1084069408021,0
True,2.65056832397834,0
True,2.79124541267972,0
True,2.19511588765563,0
True,2.04575983504062,0
True,1.78577803314281,0
True,2.73209284785427,0
True,2.67653747769459,0
True,2.92986421499049,0
True,2.54758611403869,0
True,1.98201166390952,0
True,2.59050388739889,0
True,2.4604755917421,0
True,2.19797715381906,0
True,2.23859090033064,0
True,2.17725319511212,0
True,0.345851628942592,0
True,2.26528842055473,0
True,2.39869995780371,0
True,2.85756687414898,0
True,2.67021200061329,0
True,2.42983566498431,0
True,2.2712304762403,0
True,2.35006913111841,0
True,2.34173757873546,0
True,2.13407346185713,0
True,2.30578643706944,0
True,1.93592855823511,0
True,2.08035092324173,0
True,2.01113554325121,0
True,2.25696075718104,0
True,2.15202784422844,0
True,0.755857384988828,0
True,2.62466161893562,0
True,1.80402939730726,0
True,2.05762577590294,0
True,2.08914630636803,0
True,2.25149588441075,0
True,2.56536653989933,0
True,2.45657741231622,0
True,2.44264730418478,0
True,2.20605744898088,0
True,2.4824787525747,0
True,1.628679952371,0
True,1.82869707840352,0
True,1.75923601107269,0
True,2.40476603673865,0
True,1.8823455324374,0
True,2.51289656754343,0
True,0.507590292231037,0
True,1.18305208475123,0
True,2.78227267265923,0
True,2.179733888202,0
True,2.06300134722361,0
True,2.68079866068025,0
True,2.62046630083762,0
True,2.02169572007963,0
True,2.00811525852272,0
True,1.86614061279907,0
True,1.97532047282232,0
True,2.46853482932008,0
True,2.79798281230866,0
True,1.96576860611575,0
True,2.333140093476,0
True,2.5169043275603,0
True,2.77888106129524,0
True,2.54832261904305,0
True,2.23609480730383,0
True,2.6596524763987,0
True,1.93933242474567,0
True,2.22671223790661,0
True,2.63444914352829,0
True,2.16031628991401,0
True,2.08517615381644,0
True,2.88060117607903,0
True,1.45186700406489,0
True,2.40366619038743,0
True,1.93783990914124,0
True,2.69264192110728,0
True,2.48602182116321,0
True,2.4775481339624,0
True,2.30541899349402,0
True,2.45845425321042,0
True,2.21353407124426,0
True,2.05060952218712,0
True,2.61145227338177,0
True,2.5789826501775,0
True,2.39275926143166,0
True,2.0942572536203,0
True,1.95313489423564,0
True,1.906961172606,0
True,2.51773654892671,0
True,2.26524217553246,0
True,2.33806001699596,0
True,1.98876846944785,0
True,2.23860920605918,0
True,2.3736556349668,0
True,1.69434085307394,0
True,2.3172073358206,0
True,2.01358445498128,0
True,2.31945192175608,0
True,2.5062282264983,0
True,2.47268996315663,0
True,2.10056542337046,0
True,2.54384741783244,0
True,2.06410140286226,0
True,2.02008368859189,0
True,2.77942513759922,0
True,1.88564673548785,0
True,2.24935445407342,0
True,2.22425519356277,0
True,2.49529133079749,0
True,2.60867672159398,0
True,2.80546046734648,0
True,2.00112775080059,0
True,2.2463250574323,0
True,3.30258728015694,0
True,2.56897033171966,0
True,2.61548081214818,0
True,1.97412812305224,0
True,2.47269793391742,0
True,2.05702775667848,0
True,2.37888818304518,0
True,1.72446066965642,0
True,1.8719810837771,0
True,2.42010478976234,0
True,2.23724544699548,0
True,2.60229554668421,0
True,2.33096231068694,0
True,2.14996722170429,0
True,2.26573817460029,0
True,2.22636154101712,0
True,1.70655573290759,0
True,2.57642676615877,0
True,2.33766898609936,0
True,2.44965278412308,0
True,2.18048246257761,0
True,2.23294400202828,0
True,1.95283581659911,0
True,2.36497176868928,0
True,2.32356782343679,0
True,1.94228644452626,0
True,2.25454958907042,0
True,2.16231895333631,0
True,2.45021157563881,0
True,2.47310944839662,0
True,2.19036160327205,0
True,2.60117454814452,0
True,2.22402404827985,0
True,2.47849461444593,0
True,2.31415773458915,0
True,0.302865213524095,0
True,2.12248965014203,0
True,2.17957934491379,0
True,2.00355809150765,0
True,2.46998790928361,0
True,2.32047432197049,0
True,1.68151381083258,0
True,2.47354381851028,0
True,1.6487926643533,0
True,2.4826961028949,0
True,1.63801769550986,0
True,2.91007050660245,0
True,2.24265294437981,0
True,1.9206763897932,0
True,1.66277180166128,0
True,2.24632426693186,0
True,2.6998471375301,0
True,2.5354337950572,0
True,2.57988800340509,0
True,2.33837584532091,0
True,1.98434398034956,0
True,2.29935501629893,0
True,2.36655214339438,0
True,1.57277136581933,0
True,2.61835552377479,0
True,1.66022648839189,0
True,2.25082585720582,0
True,2.58452686607917,0
True,1.7490945139923,0
True,2.16830448198223,0
True,2.47105040462646,0
True,2.25794785745078,0
True,1.94303053636904,0
True,2.17050457771832,0
True,1.49982301306247,0
True,2.307888327716,0
True,2.88452428063732,0
True,2.50929369302876,0
True,1.93997086417617,0
True,2.65079497616785,0
True,2.23417742369759,0
True,1.70298824668716,0
True,2.69468366883674,0
True,2.1086630856645,0
True,2.28304442789005,0
True,2.46255561334682,0
True,1.73820983393925,0
True,2.11023484611542,0
True,2.5881574883497,0
True,0.413268055854161,0
True,2.46073665914972,0
True,2.20151535885468,0
True,1.40051447323607,0
True,2.53890197052873,0
True,0.262400232246692,0
True,1.93354816607711,0
True,1.95943268628324,0
True,1.42722421097187,0
True,2.70392644793659,0
True,1.97627453724509,0
True,2.31316304163484,0
True,2.02203063620042,0
True,2.22760305588303,0
True,1.99061069519251,0
True,2.55400373753832,0
True,2.04915951780871,0
True,2.07633455698993,0
True,2.41623652520573,0
True,2.23033448865697,0
True,1.80873814578215,0
True,2.38837224006655,0
True,2.10550848690673,0
True,2.37795123226065,0
True,2.32466114522476,0
True,2.25629481660455,0
True,2.37201307741007,0
True,2.96935467891759,0
True,1.68261811592754,0
True,1.92618049446437,0
True,2.25781722541981,0
True,2.42067515579081,0
True,2.36392397445785,0
True,1.9248551712178,0
True,2.40842681299642,0
True,2.2578130718906,0
True,2.74864166278771,0
True,2.85958416458804,0
True,1.99937882152565,0
True,1.90271955915066,0
True,2.62944925960769,0
True,2.60539348034696,0
True,2.40479547278036,0
True,2.73129985590327,0
True,2.07390927526011,0
True,2.38609195396621,0
True,2.3580507516157,0
True,0.395556698921394,0
True,2.56979629107255,0
True,2.70400049606029,0
True,2.00976109950436,0
True,2.02911630339291,0
True,2.62797309172146,0
True,2.20772222924715,0
True,2.52721818777004,0
True,2.53170685380229,0
True,2.91561327187259,0
True,2.18690027078895,0
True,2.79876260662113,0
True,2.35786370511882,0
True,2.86717079309084,0
True,3.68261918419413,0
True,2.55386254342636,0
True,0.368330644898703,0
True,2.26641786301348,0
True,2.65297749460599,0
True,2.17907655673952,0
True,2.35476062932482,0
True,2.34653412361651,0
True,2.21718136059081,0
True,2.31819075681429,0
True,2.23584610847858,0
True,1.74241402867428,0
True,2.76227471002718,0
True,1.76672074824618,0
True,2.20693573330306,0
True,2.3243776147683,0
True,1.99829872395279,0
True,2.26138327619266,0
True,1.93601814332652,0
True,1.83936338879399,0
True,2.32026423412487,0
True,2.45373393085775,0
True,2.31657936826028,0
True,2.13790099761902,0
True,2.54977877725521,0
True,2.35247336963609,0
True,1.98905604847134,0
True,2.39468377517272,0
True,2.15322321435723,0
True,2.25561552807172,0
True,1.86465344256149,0
True,2.1649766079132,0
True,1.972607862891,0
True,2.38815441419292,0
True,2.12522162074869,0
True,2.23925196620081,0
True,2.09981825765574,0
True,2.51754455140909,0
True,2.78385595889758,0
True,1.95601415749207,0
True,1.91382561251333,0
True,2.15139343084668,0
True,1.97901322318338,0
True,1.94637448447806,0
True,2.37170995996043,0
True,2.68812661609269,0
True,2.54751197458393,0
True,1.90808012299634,0
True,1.62814298832247,0
True,2.53640506844648,0
True,2.31997587565604,0
True,2.12313693310311,0
True,1.67654299293794,0
True,2.18432844198151,0
True,2.19857061588722,0
True,2.82701944808405,0
True,2.66766146326117,0
True,2.19486876735965,0
True,2.34759387221204,0
True,2.43667321127951,0
True,2.62676759082835,0
True,2.97578393329329,0
True,2.51614130697392,0
True,2.37337161409104,0
True,2.51030419705615,0
True,3.06907355449151,0
True,2.28058249167578,0
True,2.03657096572581,0
True,2.01781786914576,0
True,2.18844447267965,0
True,2.16078634137755,0
True,2.31180086279257,0
True,1.96978831671652,0
True,1.13000703799771,0
True,2.13526632289718,0
True,1.62980101363698,0
True,2.53494499778589,0
True,2.58360632255534,0
True,2.3407950723067,0
True,2.35079356731948,0
True,2.76158226503269,0
True,1.24391057989286,0
True,2.53858228061517,0
True,2.52699628550176,0
True,2.20555000799449,0
True,2.03022098916693,0
True,1.47848003542643,0
True,2.42230412866839,0
True,2.26179515767037,0
True,2.57157062590551,0
True,2.23587635834588,0
True,2.37858110194534,0
True,1.90435289427776,0
True,2.41827502379904,0
True,2.62837335922401,0
True,0.411407177767537,0
True,2.47168859766881,0
True,2.06076078632003,0
True,1.95370432075253,0
True,0.504847258775663,0
True,1.65068981227193,0
True,2.14792804444407,0
True,3.25623048334627,0
True,2.4784993803173,0
True,2.4006469180506,0
True,2.17073968551232,0
True,1.88091310050624,0
True,2.1798490353975,0
True,2.17504545761806,0
True,2.25241468951094,0
True,2.34922139285232,0
True,2.05685961102823,0
True,2.69239765608315,0
True,2.59292773391047,0
True,1.80833365224408,0
True,2.20729446713686,0
True,2.43628198012008,0
True,1.84243848336389,0
True,2.47254204163241,0
True,2.0830055781271,0
True,2.6011466435962,0
True,2.6324532139684,0
True,2.24598207949088,0
True,2.64213678720088,0
True,2.59686952360236,0
True,2.95888956433394,0
True,2.32366161389777,0
True,2.02628075124109,0
True,2.16285970207334,0
True,2.63068144830792,0
True,2.66070307508411,0
True,2.81719391951354,0
True,2.55597832380483,0
True,2.17783446535654,0
True,2.58346347554698,0
True,2.54056694218863,0
True,2.56550084664224,0
True,1.54299048823894,0
True,2.23240109285252,0
True,2.53459767892867,0
True,0.284302129634658,0
True,0.847197197912347,0
True,2.71114262215677,0
True,2.46443492055327,0
True,2.67087624942343,0
True,2.50841412762031,0
True,1.79607763187939,0
True,2.54068890256024,0
True,2.22472372764154,0
True,2.34932556071254,0
True,2.29992644084543,0
True,1.05810934369347,0
True,2.6226876087657,0
True,2.82802406472026,0
True,0.235801988848749,0
True,2.02212754673617,0
True,2.20270975348659,0
True,2.34088173979699,0
True,2.13079280991418,0
True,0.797183717625912,0
True,2.27965444456978,0
True,2.84950996787919,0
True,2.78524095311667,0
True,2.63101850487191,0
True,2.6014517407972,0
True,2.25186913603423,0
True,2.14107000647224,0
True,2.21909861675958,0
True,2.28513405957105,0
True,2.3276122418037,0
True,2.28278861442371,0
True,2.4729443464869,0
True,0.278333479253403,0
True,2.3611475087139,0
True,2.55544924761637,0
True,2.28349273983866,0
True,2.28546410661188,0
True,1.98182941100721,0
True,1.70676638143957,0
True,2.18819234186331,0
True,2.25448974449029,0
True,1.99482152183033,0
True,2.37491006189032,0
True,2.32492900535549,0
True,1.9431872507759,0
True,2.48638394974709,0
True,1.58510320189628,0
True,2.43256144975958,0
True,3.13840703434263,0
True,2.42413121468826,0
True,1.97425253216068,0
True,2.12330613583815,0
True,1.9773831963382,0
True,2.5335695382176,0
True,2.51620613007186,0
True,2.51419073116639,0
True,2.3799668176066,0
True,2.63193670459043,0
True,2.83168185111008,0
True,3.0601295003242,0
True,2.3932441279838,0
True,1.96136612875362,0
True,0.277129660420688,0
True,0.663329895087804,0
True,2.46854718024642,0
True,2.25186356952466,0
True,2.04733415159777,0
True,2.23397766025764,0
True,2.13269722703208,0
True,2.41526426183785,0
True,2.2756588716392,0
True,2.09138111454493,0
True,2.91518331143388,0
True,1.82913596826527,0
True,2.14713229296416,0
True,3.03892754274828,0
True,2.07869603039005,0
True,2.06893820145137,0
True,2.57186786364547,0
True,2.58240495020124,0
True,2.58074508045976,0
True,2.13141123857885,0
True,2.48995051931376,0
True,1.97708800585152,0
True,2.08704414714779,0
True,2.05095678010923,0
True,2.16038701463449,0
True,2.41525934354009,0
True,2.40501844532433,0
True,2.13579636787614,0
True,2.54506780546839,0
True,2.75159089036871,0
True,1.67358938720567,0
True,2.12543529043068,0
True,2.0885510912887,0
True,2.16703439036195,0
True,2.16722914943867,0
True,2.89982628649782,0
True,2.60345854579444,0
True,2.00170231777773,0
True,2.19967335328072,0
True,2.14861364134365,0
True,2.55167404412789,0
True,2.5956562602468,0
True,2.59028679895178,0
True,2.31682460752431,0
True,2.24270549496721,0
True,1.9899301296666,0
True,1.94218940019214,0
True,2.25215171763703,0
True,2.28075540134199,0
True,2.6292290436308,0
True,0.616241092243941,0
True,2.47732781832217,0
True,2.23444065822705,0
True,2.06984855188494,0
True,0.502901839013583,0
True,2.6921733072238,0
True,2.49115526623826,0
True,2.38048732845902,0
True,1.46492702901065,0
True,2.13568420131275,0
True,2.27307697113663,0
True,2.19005777146952,0
True,2.66104682951165,0
True,2.01865383684206,0
True,2.25739069230663,0
True,2.41106740949674,0
True,2.34530754253905,0
True,2.28322715515177,0
True,1.87777289159074,0
True,2.81519500868292,0
True,1.87282250293341,0
True,2.31250233793111,0
True,2.31349868870964,0
True,1.733945639036,0
True,2.17776116779799,0
True,2.61898744475488,0
True,2.65641926213543,0
True,2.08325701024417,0
True,2.28354968261113,0
True,2.17108719452265,0
True,2.58027751155977,0
True,3.06882260144469,0
True,2.83420532822687,0
True,2.57593895950894,0
True,3.01876103780311,0
True,2.42475944205009,0
True,2.18892936623359,0
True,2.24637810454634,0
True,2.10656776615933,0
True,1.44395747950235,0
True,2.47606797814104,0
True,2.37196274961974,0
True,1.94956764008742,0
True,1.99496571639546,0
True,2.11924147100344,0
True,2.13909644324269,0
True,2.45457057191028,0
True,1.51808829198179,0
True,2.74356833876827,0
True,2.63340839243936,0
True,2.04490218735842,0
True,2.61553443698811,0
True,2.22338878122473,0
True,1.91268224133139,0
True,2.78470299690752,0
True,2.4843576777691,0
True,2.70167767823591,0
True,2.06111873321905,0
True,0.821339463462666,0
True,2.09680936071302,0
True,1.83812761531989,0
True,2.34190223480635,0
True,2.39939544332042,0
True,2.25866356415549,0
True,2.28998675519786,0
True,2.48042571724688,0
True,2.32960967463964,0
True,2.54612093735866,0
True,2.6705256897797,0
True,2.39762303162714,0
True,2.29130483490199,0
True,2.64729118252209,0
True,2.14295531996501,0
True,1.4115270713855,0
True,2.54136489881159,0
True,1.95135293902007,0
True,2.39380529445204,0
True,2.3976670648416,0
True,2.64119204898985,0
True,2.64228080398529,0
True,2.6608639110295,0
True,2.29634365267647,0
True,2.0332839932553,0
True,2.03556857800524,0
True,2.31460253865386,0
True,2.0569603625955,0
True,2.55426674954221,0
True,2.80016382512997,0
True,2.23694272271371,0
True,2.52457329383422,0
True,2.31141584197416,0
True,2.57154475030495,0
True,2.33504991737456,0
True,2.57842024845578,0
True,1.47087201584565,0
True,2.15984227089198,0
True,2.0909145671533,0
True,1.85328889453184,0
True,2.125397429735,0
True,2.32703060490534,0
True,2.03000658007207,0
True,1.70456239366671,0
True,1.43928976702655,0
True,2.52100046218765,0
True,1.79548342957446,0
True,2.81520153791257,0
True,2.52810825916226,0
True,2.66294603455657,0
True,2.2035646512711,0
True,1.85807523924595,0
True,2.29610565990263,0
True,1.39603537341212,0
True,2.43486204809666,0
True,2.04554296496706,0
True,2.37663404474811,0
True,2.0454276725675,0
True,2.31893870376065,0
True,1.9811364362836,0
True,2.66623453418931,0
True,1.90346396204112,0
True,2.23066746772381,0
True,2.92261275864298,0
True,2.1066430912803,0
True,2.18662209371252,0
True,1.87867973864666,0
True,2.26272140445897,0
True,2.48495215449005,0
True,2.24629150911762,0
True,2.61235605967769,0
True,2.14835280396709,0
True,1.90932555641108,0
True,2.6760344896172,0
True,1.92870539429333,0
True,2.74771504484361,0
True,2.58551470816435,0
True,2.27872042345221,0
True,2.18627643201668,0
True,2.44646121399514,0
True,2.24694954338537,0
True,2.25413373728311,0
True,1.11406423764417,0
True,2.08479920971944,0
True,2.34305817603527,0
True,2.36154834420807,0
True,2.52940257819887,0
True,2.55056700320957,0
True,2.00314752978212,0
True,1.92352617384832,0
True,1.89078785436492,0
True,2.04446435217289,0
True,2.09452160163789,0
True,2.03676554401481,0
True,1.75296821021345,0
True,2.02796546436649,0
True,2.18605989877878,0
True,2.45981546906782,0
True,2.60205362094288,0
True,2.20216285449958,0
True,2.10259518617036,0
True,2.08596961961209,0
True,1.88480302692575,0
True,2.17020267301972,0
True,2.00936425502341,0
True,1.45331108711392,0
True,2.00635395109189,0
True,2.41928697179219,0
True,2.04492333890245,0
True,0.33997172623315,0
True,0.432544733204768,0
True,1.42469202356201,0
True,1.23349126323773,0
True,2.32877937544581,0
True,1.97388335804666,0
True,1.26764390103588,0
True,2.09797084861771,0
True,1.96955453312297,0
True,2.31000843461622,0
True,2.50329617553764,0
True,2.3357354037084,0
True,2.00107200058483,0
True,2.31838832352709,0
True,1.98104068053644,0
True,2.12105506012411,0
True,2.47533932963505,0
True,2.57837823000107,0
True,1.85395065510883,0
True,2.38159551260366,0
True,2.22833845293357,0
True,2.19423810132449,0
True,2.33028229363254,0
True,2.01462939104671,0
True,2.18954250128578,0
True,2.5758760812289,0
True,3.19028581279525,0
True,2.32725615592401,0
True,2.11635400457844,0
True,2.81901586309354,0
True,1.80503197612114,0
True,2.07184278690337,0
True,2.17585038360221,0
True,2.07067742111572,0
True,1.76649049970544,0
True,2.2390089652429,0
True,1.97915478160484,0
True,2.34298118766668,0
True,2.20432026696745,0
True,1.89788240720723,0
True,2.24252386518105,0
True,1.9363824314979,0
True,2.33545851424068,0
True,1.93327564221515,0
True,1.79034695603879,0
True,2.10800584582584,0
True,2.26161665897705,0
True,2.12906951132094,0
True,2.10054832288471,0
True,1.45474300173555,0
True,2.12165750039548,0
True,1.82352041810688,0
True,1.18894913877308,0
True,1.9913869029888,0
True,2.77781163288505,0
True,2.48480301373092,0
True,2.33907105619259,0
True,2.3740563266422,0
True,2.34274519558768,0
True,2.03307161909945,0
True,2.42223220323904,0
True,2.49370561033336,0
True,2.58694681138642,0
True,2.31111712265139,0
True,0.573212735869811,0
True,1.91198601409577,0
True,2.01836710479902,0
True,2.18265776302822,0
True,1.95165914333273,0
True,2.49705882913423,0
True,3.17843390440656,0
True,1.99923470292237,0
True,2.1344432309175,0
True,2.43100399139669,0
True,1.85004666629379,0
True,2.19954093606147,0
True,2.35923744976196,0
True,2.53032142466216,0
True,2.00100096213234,0
True,2.27729382728786,0
True,0.362803594332632,0
True,2.48450890529572,0
True,2.37723043133692,0
True,2.48572300213542,0
True,2.1068108975333,0
True,2.56417432915119,0
True,0.787566319524239,0
True,2.06326167533691,0
True,2.27561840027825,0
True,2.50210061911745,0
True,2.51617912858015,0
True,2.38325095953129,0
True,1.89266944499055,0
True,2.42495997450666,0
True,2.26957831157309,0
True,0.566263411685349,0
True,1.89980922268146,0
True,2.72075058518063,0
True,0.370944920542504,0
True,2.81809964373043,0
True,2.33518825891873,0
True,1.97068369893772,0
True,1.97743750854253,0
True,2.26414428176011,0
True,1.56384614964727,0
True,2.25776992425962,0
True,2.24140792701158,0
True,2.35725354175279,0
True,2.11561250789164,0
True,2.66776873445673,0
True,2.05182569921755,0
True,1.94936306520556,0
True,2.43790906950139,0
True,2.26855677532973,0
True,1.86497565887219,0
True,2.44393298817827,0
True,2.63264169710943,0
True,3.14453024930635,0
True,2.8663952451294,0
True,2.15226539366527,0
True,2.20591827630197,0
True,1.78048920419369,0
True,2.21919245223908,0
True,2.16757588119936,0
True,1.80719135736536,0
True,2.49223176186579,0
True,2.30429150917664,0
True,2.40817247722325,0
True,1.84368220700301,0
True,1.9713885292904,0
True,2.75742435368136,0
True,2.48560231801703,0
True,2.57437436398664,0
True,2.69817647085272,0
True,1.97294625628258,0
True,2.42449165576309,0
True,2.09429000308386,0
True,2.51521932121544,0
True,2.68871012393228,0
True,2.1797604272158,0
True,2.57574234142816,0
True,2.45569020811794,0
True,2.04975372407745,0
True,2.30162262485472,0
True,2.12207427313502,0
True,2.18901859184912,0
True,2.08049434359314,0
True,1.78621049755245,0
True,2.21376756351929,0
True,2.1845711525346,0
True,2.360851695635,0
True,2.34008174417818,0
True,2.45296740585021,0
True,2.31826921245623,0
True,2.23323740974147,0
True,1.84811858063241,0
True,2.14766321306524,0
True,2.27801286401871,0
True,2.34637178418585,0
True,2.70253240989025,0
True,2.07871712264288,0
True,2.19829003477721,0
True,2.00070586181601,0
True,1.66570894073289,0
True,2.31531100887242,0
True,2.47138218443043,0
True,2.61325697022779,0
True,2.494523658779,0
True,2.14173518260653,0
True,2.22911024271938,0
True,2.2896510344834,0
True,2.75900279993659,0
True,2.70401180157285,0
True,2.22852254885512,0
True,2.32024559661277,0
True,2.5405942343416,0
True,2.41025966802805,0
True,1.89740733731325,0
True,1.61386062715094,0
True,2.53407281615686,0
True,2.1920022805386,0
True,0.646094317255939,0
True,2.3087775496116,0
True,2.72814293928065,0
True,2.13679386534608,0
True,2.3049355808351,0
True,2.24827444778655,0
True,2.82513393075262,0
True,2.63605850305728,0
True,1.86628893794612,0
True,2.01530241553743,0
True,2.17329344912076,0
True,2.5205016918992,0
True,2.22151041698035,0
True,2.32688930470532,0
True,2.14233239001984,0
True,2.28337343363237,0
True,2.4651494350752,0
True,2.26869994790915,0
True,1.92398438157038,0
True,1.91583159572435,0
True,2.09616848140347,0
True,2.02545379254309,0
True,2.32043785348066,0
True,2.47143267519551,0
True,2.07959820721696,0
True,2.37651215888057,0
True,2.30461078286165,0
True,1.48733910173846,0
True,1.47927526328417,0
True,1.13302297638124,0
True,2.15781755697579,0
True,2.12062661837234,0
True,2.75928399295311,0
True,2.54142123393511,0
True,2.61757048818052,0
True,1.61118754060162,0
True,1.36885862574883,0
True,2.21669080099874,0
True,2.42317791647139,0
True,2.34027435736731,0
True,2.07789656605527,0
True,2.05260406276517,0
True,2.22753252519558,0
True,2.13601094360294,0
True,1.86969340281231,0
True,0.240046527761894,0
True,1.97518375042554,0
True,2.60930038698088,0
True,1.96093895762332,0
True,2.09467195651626,0
True,2.24057109106997,0
True,2.0292274276803,0
True,2.20637054191982,0
True,2.66716726206914,0
True,0.800412534269251,0
True,2.36806947378888,0
True,2.37893985299432,0
True,2.71254750974552,0
True,2.67592332101835,0
True,2.53037700436873,0
True,2.33539252484639,0
True,2.32742256342512,0
True,2.21353205360385,0
True,2.63060919611489,0
True,2.77937210469592,0
True,2.51719643276462,0
True,2.58936574390138,0
True,2.32146510599836,0
True,2.11470778631599,0
True,2.39924092731649,0
True,2.11639828083311,0
True,1.76119757091236,0
True,0.912309754647506,0
True,1.97382628287876,0
True,1.58275838831964,0
True,1.59145898037842,0
True,1.71246739095381,0
True,2.12847115543318,0
True,2.88076871425952,0
True,2.10620069934731,0
True,1.76082093932049,0
True,1.99030681918579,0
True,2.02858993013395,0
True,2.11026576369936,0
True,2.21676036049826,0
True,2.4846060605941,0
True,2.2338474693701,0
True,1.74735671430506,0
True,2.3950863540527,0
True,1.96068208094,0
True,2.14730122125962,0
True,2.5355817504928,0
True,2.45745073088264,0
True,0.438021566228145,0
True,2.12503149240273,0
True,2.20848539828904,0
True,1.76784567358554,0
True,2.03464255429644,0
True,2.21667137310326,0
True,2.08050936830002,0
True,2.35611562370361,0
True,2.07685484622319,0
True,1.98771758498394,0
True,1.91656801564872,0
True,2.08088559667943,0
True,2.14098561635498,0
True,1.7954700605318,0
True,2.15526204315934,0
True,2.44382160894874,0
True,2.33646979637378,0
True,2.46117394966501,0
True,2.71067460360733,0
True,2.25256530953053,0
True,2.41919844484323,0
True,1.85904121325548,0
True,2.25934825081724,0
True,2.26967125721288,0
True,2.16788716180412,0
True,1.93953768633035,0
True,1.71314925320946,0
True,2.68798746165922,0
True,2.54557234952726,0
True,2.36537789675035,0
True,2.53794381351859,0
True,2.08262702049448,0
True,2.54991656719041,0
True,2.41477847661438,0
True,1.41881310064651,0
True,2.02817727907847,0
True,2.35803005957625,0
True,2.0452436001268,0
True,2.11687491756999,0
True,2.43167228249735,0
True,2.47504260958308,0
True,2.2980749957963,0
True,1.34224754866712,0
True,2.07864093463,0
True,2.13599077910023,0
True,1.94768011749365,0
True,2.190359414398,0
True,2.43716087440052,0
True,2.26766062326654,0
True,2.33324921154687,0
True,2.31855656926656,0
True,2.24128246730532,0
True,1.89073492942281,0
True,2.01690739887061,0
True,2.24069542220827,0
True,1.95686267442562,0
True,2.32483175499514,0
True,1.76872601730965,0
True,1.71996478423531,0
True,2.26297979829011,0
True,2.15603077127724,0
True,2.3650583952047,0
True,2.13843765132678,0
True,2.01438271603139,0
True,2.30981368924546,0
True,2.39631748655276,0
True,2.16468836966292,0
True,2.28222309641454,0
True,1.72048253588308,0
True,1.9489247497797,0
True,2.10678115757973,0
True,2.15587422853979,0
True,2.74656419314155,0
True,2.12989820118499,0
True,1.24322331388477,0
True,1.96834855084979,0
True,2.04953504605092,0
True,2.11087449263597,0
True,2.88336025506787,0
True,2.28597030290145,0
True,2.32463937640962,0
True,2.0323907513548,0
True,2.11324923038049,0
True,2.60762251621181,0
True,2.41842068583963,0
True,2.02416287412592,0
True,2.13883219870896,0
True,2.44603822511417,0
True,2.12903699594012,0
True,2.80166391303714,0
True,2.60501960462246,0
True,2.70488066196084,0
True,2.61277601462632,0
True,2.54666799260463,0
True,2.60938854292034,0
True,2.95458335093388,0
True,2.01948769189407,0
True,2.04788792967381,0
True,2.56862703271593,0
True,2.11823152003338,0
True,1.9017982892835,0
True,2.14895930579311,0
True,2.36628836714756,0
True,1.96927962061638,0
True,2.47155377845244,0
True,1.96118382031894,0
True,2.68511943640824,0
True,2.50544271212028,0
True,2.40737652641551,0
True,1.90712889081058,0
True,2.12875862010501,0
True,1.89779076847691,0
True,2.13988679939445,0
True,1.53128979364289,0
True,2.75873195820952,0
True,1.9044396222239,0
True,1.49449814659971,0
True,2.21024346594394,0
True,2.14390321614416,0
True,1.96458515473407,0
True,1.96451110623683,0
True,1.60934503214523,0
True,2.27973919225946,0
True,1.989505368793,0
True,2.04324685046896,0
True,2.31646504240458,0
True,2.26737916995975,0
True,2.48364757683825,0
True,2.98683954274235,0
True,2.60677280652118,0
True,2.40465996962644,0
True,2.01136211897805,0
True,0.677279728619463,0
True,2.43205601238213,0
True,2.12354329472315,0
True,2.33175208090116,0
True,2.4275377146934,0
True,2.63135155351913,0
True,2.63504926722674,0
True,1.78768367769948,0
True,2.34965560031646,0
True,1.83345447448679,0
True,2.49602538516243,0
True,1.96864602268582,0
True,2.3164990244927,0
True,2.04497026795274,0
True,2.00241635339581,0
True,2.46252359772384,0
True,2.37122893138639,0
True,2.46158554363715,0
True,2.37641617981408,0
True,2.7960517601389,0
True,3.23547701822245,0
True,2.44335986308145,0
True,2.04860688820628,0
True,2.20634431401877,0
True,2.52413891114624,0
True,1.91535828906953,0
True,2.33553167255297,0
True,1.58231655108718,0
True,2.23447756720354,0
True,2.91564150481409,0
True,2.40855052567865,0
True,1.68089437818983,0
True,2.14287356001866,0
True,2.34765514036511,0
True,2.33403848864203,0
True,2.42840111551991,0
True,2.56331720253635,0
True,2.6187607989449,0
True,2.2688959203737,0
True,2.14108927328319,0
True,2.52771115656116,0
True,1.81766962490586,0
True,2.10803475989581,0
True,2.07819153381624,0
True,2.25505154345462,0
True,1.84323290134963,0
True,2.15278780058456,0
True,1.95818846902558,0
True,2.16755503069787,0
True,2.30694653601291,0
True,2.23137125664783,0
True,2.09085982074295,0
True,2.48127847880599,0
True,2.3241572650262,0
True,1.96143359770989,0
True,2.30655334512436,0
True,1.84090746176112,0
True,2.07072927353,0
True,1.83162955558822,0
True,2.60036911815422,0
True,1.97950291130698,0
True,2.18923821758548,0
True,2.14490870179881,0
True,2.28198013318447,0
True,2.31109302927706,0
True,2.82577512781177,0
True,2.5639277407183,0
True,2.59257435615122,0
True,2.36857022412317,0
True,2.08022187585101,0
True,2.3129327780916,0
True,2.09925864854388,0
True,2.4604055945207,0
True,1.2581298668856,0
True,2.17532086985999,0
True,1.67920896949263,0
True,1.60389905472181,0
True,2.13056205620981,0
True,2.42476659085655,0
True,2.34549137478042,0
True,1.98426249974456,0
True,1.9340541946689,0
True,2.36228188407427,0
True,2.15720076788822,0
True,1.55329479470585,0
True,2.13324362304638,0
True,2.16641494203878,0
True,2.23801279445095,0
True,1.46334968376021,0
True,1.65065388572714,0
True,2.42440332194611,0
True,2.77254334502893,0
True,2.29085276016451,0
True,2.10731699237001,0
True,1.99133584891531,0
True,2.42859061452281,0
True,2.01646262455546,0
True,2.26204833206248,0
True,2.46006929411169,0
True,2.19660835583014,0
True,2.04762268873543,0
True,2.37204488862165,0
True,2.55178220282308,0
True,1.98526220546441,0
True,2.13452856786278,0
True,2.04951714214886,0
True,1.93098989021738,0
True,2.30582845362392,0
True,2.49616679930558,0
True,1.87257247746249,0
True,2.67826745361298,0
True,2.61913726538655,0
True,2.53324551772005,0
True,2.08199036598709,0
True,2.21894853372167,0
True,2.04580819229605,0
True,2.0418430940724,0
True,1.9286924151665,0
True,2.35306003169679,0
True,2.3844527666283,0
True,0.688018848672594,0
True,2.16022175403745,0
True,1.74282822361259,0
True,2.24897344636744,0
True,1.86156967630677,0
True,2.38963789080238,0
True,2.11420366817773,0
True,2.27076044069842,0
True,2.17618157500391,0
True,2.2302648746615,0
True,2.07793740413422,0
True,2.06544560881489,0
True,1.95691323746761,0
True,2.55484628347241,0
True,2.60543655895142,0
True,1.78290368780334,0
True,2.74184305336985,0
True,2.2932888684198,0
True,2.65243428955673,0
True,2.29661488128144,0
True,2.645086493685,0
True,2.80655238787282,0
True,2.52197915410706,0
True,2.06656744524174,0
True,2.16069661571146,0
True,2.33067212480958,0
True,2.41244361609841,0
True,2.41535338198156,0
True,1.63043467068779,0
True,2.09215343985188,0
True,2.17052634532699,0
True,1.82417036786438,0
True,2.22424301731399,0
True,2.2187339369932,0
True,1.8299799604397,0
True,2.534800088689,0
True,1.74562618960685,0
True,2.23585315688546,0
True,0.552359205063286,0
True,2.32726031745212,0
True,2.64345476532492,0
True,2.60864738228503,0
True,2.12926146399277,0
True,2.31217470126358,0
True,2.58226675260268,0
True,1.05590369070073,0
True,2.52445812953011,0
True,2.20314503543428,0
True,2.9053974873728,0
True,2.59316164194229,0
True,2.14283394015943,0
True,1.87677445102097,0
True,0.390224103443271,0
True,0.61095610152049,0
True,1.86165514660808,0
True,1.95837846836497,0
True,2.22888010475461,0
True,2.31333696617526,0
True,2.17996762985781,0
True,2.30899438942023,0
True,2.72967314589351,0
True,2.15508016641715,0
True,2.77501455266694,0
True,0.721682147747462,0
True,2.2680240880886,0
True,2.62161592504958,0
True,3.16282562518546,0
True,2.99906106869783,0
True,1.98769092680311,0
True,2.31023190692446,0
True,2.35950466735137,0
True,2.76832500980444,0
True,3.16463609537644,0
True,2.45278767683641,0
True,1.99169872266871,0
True,2.35395564511635,0
True,2.20283142445387,0
True,2.66805548584995,0
True,2.42084420299805,0
True,1.77763473610326,0
True,2.24895741615506,0
True,2.51984186698812,0
True,2.47885416979727,0
True,2.03809687314111,0
True,2.8109189110582,0
True,2.13310471135337,0
True,2.43661370620838,0
True,2.57121775433476,0
True,2.3997199189255,0
True,2.17506660085814,0
True,2.26098839211103,0
True,1.6884611733,0
True,1.87271023341759,0
True,1.82626050510975,0
True,2.23453647591981,0
True,2.05140736797508,0
True,1.41524793400604,0
True,2.32045982601284,0
True,2.4947397750095,0
True,1.76609169692771,0
True,3.24519047572582,0
True,2.7506023112571,0
True,2.14186611974128,0
True,2.32296819597054,0
True,2.47828656091509,0
True,2.19738167019899,0
True,2.39655685014554,0
True,2.31048271763756,0
True,1.8640893548119,0
True,2.26324383116333,0
True,2.22618701847252,0
True,2.10572673194293,0
True,2.44523669387126,0
True,2.22302267275666,0
True,1.99149377323846,0
True,3.07690289897807,0
True,0.21817920471271,0
True,1.56276709510667,0
True,1.98994176866427,0
True,2.37977952561596,0
True,2.64740394627742,0
True,2.51063952513337,0
True,2.46119379500744,0
True,2.71318581747799,0
True,2.38208887548913,0
True,1.96716372182347,0
True,2.52772422527781,0
True,2.42215747941278,0
True,2.17743796545002,0
True,1.60115855526415,0
True,1.94819930674198,0
True,1.90559437897409,0
True,2.00184052871798,0
True,2.08561382129977,0
True,1.82215590675546,0
True,2.73769228959747,0
True,2.2727408070725,0
True,1.54443620198355,0
True,2.33717462782393,0
True,2.39301883599075,0
True,1.79177053445941,0
True,2.12632524944245,0
True,1.71026500383038,0
True,2.26183742983131,0
True,2.11062109784791,0
True,2.52963373865365,0
True,1.94816780563468,0
True,2.30393744896961,0
True,2.49005556727888,0
True,2.62255813911796,0
True,2.3930966215645,0
True,2.23108612411847,0
True,2.67125537080574,0
True,2.53239865387807,0
True,2.44807255789827,0
True,2.03033088372232,0
True,2.05268434755982,0
True,2.40504043238326,0
True,2.66921913120584,0
True,2.13469471806976,0
True,2.63539658986529,0
True,2.43508868735772,0
True,2.50595746043541,0
True,2.39800663497293,0
True,1.99127073341277,0
True,2.22286891929766,0
True,1.97681121563373,0
True,2.34838617832039,0
True,1.96531299484127,0
True,1.98082325271228,0
True,2.02979650240397,0
True,2.39551890970286,0
True,2.07939864692664,0
True,1.88371528186509,0
True,2.53310435042525,0
True,2.32584693561569,0
True,1.80304562143843,0
True,2.07969597457738,0
True,1.74559552576446,0
True,1.94411721799972,0
True,2.04636970466162,0
True,2.04920940974614,0
True,1.98658144087233,0
True,2.05749100476031,0
True,1.9147997352067,0
True,1.62862473611343,0
True,1.97113655458126,0
True,2.01801662115631,0
True,2.04859019808906,0
True,2.48110288447158,0
True,2.38158073447722,0
True,1.4748993092519,0
True,2.28308060141864,0
True,0.836187448354765,0
True,2.58235919774879,0
True,2.29957467424593,0
True,2.6665536580341,0
True,0.585952587964858,0
True,2.45999902560898,0
True,2.00000552695791,0
True,2.35345710322326,0
True,2.62788956668705,0
True,3.37119424888083,0
True,2.59805579760417,0
True,1.9796865969481,0
True,2.05909880208468,0
True,1.81051755406973,0
True,2.12635509688394,0
True,1.97149867076936,0
True,2.11292244549872,0
True,1.53261962587362,0
True,0.357996737766599,0
True,1.94358285207363,0
True,2.42265937746866,0
True,2.41972668354599,0
True,2.34918332641734,0
True,2.00242334784556,0
True,2.91956860018577,0
True,2.42352245336,0
True,3.28988284626594,0
True,2.26102050140782,0
True,1.64290879026581,0
True,1.90352190199259,0
True,2.45164488153991,0
True,3.08650838386547,0
True,2.58041032067516,0
True,2.48816396293332,0
True,0.530580361115945,0
True,2.56058925432452,0
True,2.27080958329271,0
True,1.9899286570289,0
True,2.60872312726918,0
True,2.42405815534638,0
True,2.16314834621407,0
True,2.25447682340865,0
True,2.1065703351474,0
True,2.34718102326038,0
True,2.40534975928847,0
True,2.01867910782599,0
True,2.99526842921507,0
True,1.92331685267071,0
True,1.9685394951129,0
True,2.47167936961993,0
True,2.46074315966078,0
True,2.61297809803337,0
True,0.449054800921481,0
True,0.535503740223047,0
True,1.20866523793748,0
True,2.48294948732974,0
True,2.44854505579159,0
True,2.13260722025087,0
True,2.45640362050793,0
True,2.07119207534009,0
True,1.75676032805665,0
True,2.66107974190248,0
True,2.00564006103181,0
True,2.72586525201386,0
True,1.89311175388697,0
True,0.162682390100005,0
True,1.85154875330708,0
True,0.316032920138935,0
True,1.96356071996021,0
True,1.92662902061422,0
True,2.7050230922074,0
True,2.0346515231834,0
True,2.1187898310638,0
True,1.89004814309048,0
True,2.67217879608897,0
True,2.64967334009696,0
True,2.20120741102622,0
True,2.29885659342932,0
True,2.67570943998512,0
True,2.6206008658002,0
True,0.383791365240833,0
True,2.49657251749324,0
True,2.14326809317834,0
True,2.63199254428495,0
True,2.12902139019261,0
True,2.11191714583358,0
True,2.26099777107376,0
True,2.09883375264958,0
True,2.01182258020321,0
True,2.39061066151633,0
True,2.19285365048024,0
True,2.21391441619682,0
True,2.32572411687474,0
True,2.20205172827934,0
True,1.96345712849891,0
True,2.4794649739033,0
True,2.63118987793633,0
True,2.41766313100882,0
True,2.44702167072334,0
True,2.32097721319484,0
True,2.30595000042229,0
True,2.26818739552856,0
True,0.610510857270787,0
True,2.69561785816609,0
True,2.2945880830314,0
True,2.56648679264444,0
True,2.81466174812404,0
True,1.98933793540779,0
True,2.11686705884666,0
True,2.08919983291436,0
True,2.38202385793607,0
True,1.874218179429,0
True,2.21289783987711,0
True,2.43320360963995,0
True,2.09097973289852,0
True,2.40507790302229,0
True,1.6287954295595,0
True,2.11165413662471,0
True,2.23291591439792,0
True,1.93746531799721,0
True,1.88483124556606,0
True,1.85686366366084,0
True,2.07006002638062,0
True,2.53467347830154,0
True,2.3722032465758,0
True,2.55561763112027,0
True,2.45807085341441,0
True,1.87933400685951,0
True,0.332200998715666,0
True,2.15526107078193,0
True,2.20436963637872,0
True,2.04266313598782,0
True,2.15692787261238,0
True,2.98760195695745,0
True,2.2074226805463,0
True,2.06737588733336,0
True,2.30432427533885,0
True,2.64556444276302,0
True,2.54906411768429,0
True,2.46273018535391,0
True,1.91608183789968,0
True,2.17593175292443,0
True,2.27321986071286,0
True,2.86683562104399,0
True,0.818725067595242,0
True,2.51248292837594,0
True,2.62221799802828,0
True,2.0350073775483,0
True,1.89162492156566,0
True,2.18829899412161,0
True,2.99312548412481,0
True,2.34756278358067,0
True,1.97549756416113,0
True,2.38065950335138,0
True,2.10678177905646,0
True,2.35788347740124,0
True,2.44267768414517,0
True,2.9127037596765,0
True,2.44852828841911,0
True,1.86099492737097,0
True,2.14218206081785,0
True,2.08983735711778,0
True,2.08298184229491,0
True,1.90329879694544,0
True,1.81420285079037,0
True,1.64158402398064,0
True,2.11487283855835,0
True,2.15776301121867,0
True,2.11996007183173,0
True,2.62063954406385,0
True,0.614851272549042,0
True,2.31079808892433,0
True,2.52998225937392,0
True,0.70560289931423,0
True,2.4742124621681,0
True,2.4182998682263,0
True,1.90210545831449,0
True,0.290294524848011,0
True,1.94140180473436,0
True,1.29795894126073,0
True,1.38409233296535,0
True,1.95603138994466,0
True,2.353387634771,0
True,1.56859511063092,0
True,2.50686893210536,0
True,1.77200684031296,0
True,1.49968147875083,0
True,1.94280576235863,0
True,2.42978553622068,0
True,1.89508429964506,0
True,2.45913666622406,0
True,1.97467241047773,0
True,2.53475504984294,0
True,0.356837288080131,0
True,2.42294207842587,0
True,2.36386392760445,0
True,2.59045338215363,0
True,2.16719263260865,0
True,3.10120226894697,0
True,2.6235232259054,0
True,2.23319731269098,0
True,2.08132819080685,0
True,2.11908022005128,0
True,2.12694638933503,0
True,0.415474843522721,0
True,0.125516132562623,0
True,2.22533806053846,0
True,1.99916770943486,0
True,2.41199837826354,0
True,1.91438864417426,0
True,1.65371380127275,0
True,2.35213883579659,0
True,1.9874600219504,0
True,2.19306577522807,0
True,1.87376242010884,0
True,2.28538093106073,0
True,2.3538503994002,0
True,1.81971701648247,0
True,2.69021690385463,0
True,1.20094481562323,0
True,2.40058621377551,0
True,2.43908108693302,0
True,2.03183237377279,0
True,2.05005762980502,0
True,2.57238951380333,0
True,2.56661941432028,0
True,2.08637737072507,0
True,1.81200334779876,0
True,2.21095189508489,0
True,2.52796307357953,0
True,2.27377520315452,0
True,0.376332460771005,0
True,1.64744408297881,0
True,2.48799248739233,0
True,2.12869118763422,0
True,0.848212273959911,0
True,2.1238377322305,0
True,2.44162145464985,0
True,3.06038034204591,0
True,2.4535317860052,0
True,2.04457879419091,0
True,2.6553862615923,0
True,0.775696155403062,0
True,2.0172350840416,0
True,2.37424162005132,0
True,2.25077263959551,0
True,2.19992721715049,0
True,2.44225757496258,0
True,2.3596518906279,0
True,2.09124786544474,0
True,2.24313655114065,0
True,2.34484471771786,0
True,0.543741597662521,0
True,2.84278532501172,0
True,2.14253434658084,0
True,2.06187591755935,0
True,0.809704660210874,0
True,2.10394973211433,0
True,1.94426168077147,0
True,2.81643034709241,0
True,2.70613882444049,0
True,2.43708072797307,0
True,2.27588544682789,0
True,1.98606948431019,0
True,2.44910887230471,0
True,2.40405898007747,0
True,2.31874344717883,0
True,2.66119638962602,0
True,2.31992614923519,0
True,2.57403096583316,0
True,0.642392535301727,0
True,1.98536470010861,0
True,2.036454182842,0
True,2.23853186294689,0
True,2.27598987725208,0
True,1.78061389541842,0
True,2.33592046447174,0
True,2.21595059813378,0
True,2.33433063816226,0
True,2.13223867368346,0
True,2.49761899111555,0
True,2.09178349162956,0
True,2.24613378531456,0
True,2.21621389839965,0
True,2.04016328662671,0
True,2.41063903569972,0
True,2.61518634339552,0
True,2.02627526859639,0
True,1.92981054864577,0
True,2.64399982939801,0
True,2.08027553256407,0
True,1.99342486984788,0
True,2.05631769574962,0
True,2.02204180104214,0
True,2.31010950275693,0
True,2.08563459518121,0
True,2.16412542894103,0
True,1.95464179058587,0
True,1.6953458700701,0
True,1.91035541150706,0
True,2.76838034819426,0
True,2.37853434370413,0
True,1.73877039480886,0
True,2.43567559704326,0
True,1.76844483527316,0
True,2.45363701144184,0
True,2.43457773457618,0
True,2.82865642481955,0
True,2.44616056479067,0
True,2.53284103788143,0
True,3.24915933528836,0
True,2.22056681597212,0
True,2.49426687743741,0
True,2.40414992070207,0
True,2.44850787501641,0
True,1.91763880537825,0
True,2.14835994945908,0
True,2.12822166901425,0
True,1.85343655180212,0
True,1.85506232318786,0
True,2.09061776379074,0
True,2.59617021235508,0
True,2.59582217442805,0
True,1.97406479467109,0
True,1.84227813737319,0
True,2.19588815987465,0
True,2.28964896975754,0
True,1.59284966500982,0
True,2.04759985369803,0
True,1.98311897740235,0
True,2.72382999267215,0
True,1.57163906837306,0
True,2.85982014220471,0
True,2.61835638277639,0
True,2.2912666960991,0
True,2.45069662282513,0
True,2.56827433335979,0
True,2.2293238736857,0
True,2.5553593734299,0
True,3.25030093836898,0
True,2.19694138107182,0
True,2.09290696569405,0
True,1.80072161261082,0
True,2.63031498385558,0
True,2.29602581119505,0
True,2.833693799937,0
True,2.56190792560104,0
True,2.17626834504208,0
True,0.789643005000713,0
True,2.10564359261251,0
True,2.12229675670729,0
True,2.09661826294898,0
True,2.40998789222487,0
True,2.4055238817786,0
True,1.99997708827749,0
True,1.89550785423089,0
True,2.03764497045622,0
True,2.83380054239325,0
True,0.893750931565039,0
True,3.17065966180089,0
True,1.89001515469293,0
True,2.40205211471486,0
True,2.30547821430685,0
True,2.5544178928405,0
True,2.50861379035914,0
True,2.73197061074642,0
True,2.48681528085501,0
True,2.69759385808142,0
True,2.33569493813407,0
True,1.94542473687905,0
True,1.93737195906762,0
True,2.19859113636086,0
True,2.43112971340723,0
True,2.07518722328052,0
True,2.04140462022573,0
True,1.64483809667904,0
True,1.9561403010202,0
True,2.55429934939079,0
True,2.20126060922608,0
True,2.5296502655689,0
True,2.53401452041045,0
True,2.32784423008016,0
True,2.34220044997369,0
True,2.50253070539845,0
True,2.37903233620717,0
True,3.01574525853402,0
True,2.43447632879076,0
True,2.38668833797783,0
True,1.99091561555007,0
True,1.85355752984148,0
True,2.18104617188056,0
True,1.61374728866629,0
True,2.18575544132023,0
True,2.04932805901997,0
True,2.25355638903136,0
True,2.0949585971004,0
True,1.86867665107865,0
True,2.23818227042674,0
True,1.86321293042554,0
True,2.12462039505946,0
True,2.75274951916644,0
True,2.1946405161025,0
True,2.53994634674487,0
True,2.27682847196443,0
True,1.17764540614251,0
True,0.657113999910847,0
True,2.45044461351827,0
True,1.78299684157021,0
True,2.17470429022731,0
True,2.12856728910835,0
True,1.93173794803476,0
True,0.804967457625614,0
True,2.03165935304141,0
True,1.8556770903305,0
True,2.28026816655739,0
True,1.50191850433889,0
True,2.08247824971521,0
True,2.15812544975855,0
True,0.477251158027662,0
True,2.35550542334066,0
True,1.87983255679881,0
True,1.53992039391309,0
True,2.40446959101893,0
True,2.10074207144819,0
True,2.55754389456766,0
True,2.85930327659116,0
True,2.74378693067495,0
True,2.67738812164439,0
True,2.15121733404126,0
True,2.5364003666347,0
True,1.92086163576407,0
True,0.468456878648754,0
True,2.40049060650225,0
True,2.37584399353166,0
True,2.31012699145846,0
True,2.30470885618008,0
True,2.04816721366199,0
True,2.34635789372768,0
True,1.87107084619547,0
True,2.45209011885303,0
True,2.38389419768928,0
True,0.409898481127434,0
True,2.53845148081557,0
True,1.90016727515189,0
True,2.25269273170828,0
True,2.11515321309794,0
True,2.10577500907858,0
True,2.38980974337665,0
True,0.599985596799228,0
True,2.18971829878616,0
True,2.30540951959853,0
True,1.97815184682335,0
True,2.52817747694955,0
True,2.45638567960445,0
True,2.01435892334009,0
True,2.45417462688202,0
True,2.36989406456857,0
True,2.17278968577298,0
True,2.09749805700034,0
True,2.25903773224433,0
True,2.26708223676933,0
True,2.51065048710079,0
True,2.26474726365225,0
True,1.83776998474768,0
True,2.39964557998766,0
True,2.53766488634646,0
True,2.29253555851637,0
True,0.567819386046636,0
True,2.78415287956037,0
True,2.1297948009252,0
True,2.24263848396009,0
True,2.19887605711779,0
True,2.37334141848428,0
True,1.74162993165565,0
True,0.466129709453712,0
True,2.24349455105909,0
True,2.16995538924319,0
True,2.40979078860654,0
True,2.33521569559701,0
True,1.74514471698917,0
True,1.9045609034777,0
True,1.77622937488134,0
True,2.52071308276656,0
True,2.52520669962724,0
True,1.58082173658445,0
True,0.433536894032945,0
True,1.88321644680543,0
True,2.57316295073354,0
True,2.17621652472349,0
True,1.81678492115821,0
True,2.24158059776616,0
True,2.4868868744131,0
True,1.73100961739397,0
True,2.25154358746402,0
True,2.40779866028973,0
True,2.21885223360511,0
True,2.36665343457562,0
True,1.78144863628214,0
True,2.36862379054638,0
True,1.99251086787713,0
True,2.14530097943747,0
True,1.97124739002605,0
True,1.97799997277855,0
True,2.21673707501037,0
True,2.62840275376432,0
True,2.55525659746577,0
True,2.36673435470863,0
True,2.73369272650062,0
True,1.98681995216216,0
True,2.39626111222063,0
True,2.08222048109188,0
True,2.17325456864048,0
True,2.34459160461815,0
True,2.59718831328342,0
True,2.26897186132017,0
True,2.36031437165207,0
True,2.45384455560842,0
True,1.93001622327975,0
True,2.23376838575151,0
True,2.12252176144747,0
True,2.52810716355225,0
True,1.41284568737081,0
True,1.88623303166457,0
True,1.82720313372429,0
True,2.06040623137564,0
True,2.38127855092986,0
True,2.31873918796365,0
True,2.51981495574608,0
True,2.40532139123442,0
True,2.17243422239324,0
True,2.6574511486983,0
True,2.15756963077771,0
True,1.4926242518678,0
True,1.48533302631486,0
True,2.19946111976,0
True,2.5516616723404,0
True,2.81738555660395,0
True,2.34730439198927,0
True,2.31544449336285,0
True,2.00023720312271,0
True,2.70575958269853,0
True,2.58451567283783,0
True,1.76224493260736,0
True,2.29803787886946,0
True,2.36046232070369,0
True,2.21957628817483,0
True,1.1046176084463,0
True,2.50827971559344,0
True,2.67021593206227,0
True,1.60418168013927,0
True,2.70991741314057,0
True,2.40756992848787,0
True,2.39235250832698,0
True,2.60491008285621,0
True,0.383921080639558,0
True,2.51163247777747,0
True,2.47667426092547,0
True,2.15978037310495,0
True,2.04778915946485,0
True,2.29994950378617,0
True,2.245740779316,0
True,2.4954865748056,0
True,2.40781537680537,0
True,2.15321099642818,0
True,2.09808521971414,0
True,2.37094374147903,0
True,1.89347891760381,0
True,2.34330682785601,0
True,2.39627474293789,0
True,2.20703002798697,0
True,2.28524802179628,0
True,2.05213131017471,0
True,2.04426325161296,0
True,1.79119512480586,0
True,2.15156060082189,0
True,2.03168756674378,0
True,2.47072636888569,0
True,2.81693424100703,0
True,1.99545854074678,0
True,2.09497072716655,0
True,2.01122834855,0
True,2.2195664290373,0
True,2.32745823060898,0
True,2.08606424827236,0
True,1.92864068709981,0
True,2.53342298718312,0
True,2.05624158764018,0
True,2.19561667085249,0
True,2.2313687401405,0
True,2.19999967313203,0
True,2.10583294882715,0
True,1.74868166665814,0
True,2.10697896907579,0
True,2.21654553676395,0
True,0.600065774190927,0
True,2.33594808317899,0
True,2.29590274920527,0
True,0.489877279820349,0
True,1.80442707411646,0
True,2.12239100117478,0
True,2.45253580443753,0
True,2.01805258225884,0
True,2.5151660311689,0
True,2.6336593255562,0
True,2.09587129995924,0
True,2.37407243266457,0
True,2.17078445402995,0
True,1.99473264494199,0
True,2.15489705681489,0
True,2.05260272996326,0
True,2.02226865514796,0
True,1.88192670463559,0
True,1.8103227853431,0
True,2.19490987050958,0
True,1.98262819362308,0
True,0.506171775793286,0
True,1.88416117920704,0
True,2.55697754237276,0
True,2.3299350130721,0
True,2.28815632848641,0
True,1.97021697335838,0
True,2.05749844234369,0
True,2.76296016940062,0
True,2.71472399868056,0
True,2.27353789465889,0
True,2.29971727013588,0
True,2.23881009749901,0
True,2.32054890851558,0
True,2.69700048181289,0
True,2.677453921144,0
True,2.80426413420573,0
True,2.48328942651499,0
True,2.0933991862946,0
True,2.02314999902091,0
True,2.17548715054158,0
True,2.12856878959493,0
True,2.13609409925301,0
True,1.93344057553018,0
True,1.98631095516748,0
True,1.26543188772163,0
True,2.49945477148087,0
True,2.22727678550565,0
True,2.1490495926598,0
True,2.30959109539265,0
True,2.04154317732448,0
True,2.71683926854366,0
True,2.22493772028222,0
True,1.83459593028052,0
True,1.79395195130204,0
True,2.13634071302576,0
True,2.22165273774822,0
True,2.006167378521,0
True,2.61869896448276,0
True,2.45916139151534,0
True,2.18194600904935,0
True,2.51164116876863,0
True,2.40304295233506,0
True,1.28152117957009,0
True,2.03774131884311,0
True,2.25362404022185,0
True,2.20306677252286,0
True,1.95653002095251,0
True,2.43863826020405,0
True,2.34647955986382,0
True,2.06655697973741,0
True,2.34774026929037,0
True,1.63701775047734,0
True,2.25585724319146,0
True,2.49652249134936,0
True,2.24331131742239,0
True,1.56052994855637,0
True,1.88796494911931,0
True,2.01015491403019,0
True,2.49272504509222,0
True,2.15665345240055,0
True,2.02824674191432,0
True,1.92578210506405,0
True,1.95875475408525,0
True,2.39768647365775,0
True,2.07787984760858,0
True,2.26096968102488,0
True,2.20719856927632,0
True,1.92780066149529,0
True,2.21882944970366,0
True,1.88756665461881,0
True,2.23500952039993,0
True,2.07454846149821,0
True,2.05834839883075,0
True,2.4361408239942,0
True,2.0970182321972,0
True,2.88473229539997,0
True,1.95150499558248,0
True,2.46070351403875,0
True,1.78104208121812,0
True,2.20411580523012,0
True,2.33468129981128,0
True,2.48778299575677,0
True,2.00049913673799,0
True,2.07729603048273,0
True,1.90307223351108,0
True,2.26750017719268,0
True,2.24274596687686,0
True,2.25295210382406,0
True,2.50506902546754,0
True,0.810643835416762,0
True,0.408174260837983,0
True,2.17383422049747,0
True,2.75084927320447,0
True,1.7754520952235,0
True,2.39571556351301,0
True,1.86663943136767,0
True,2.08361455156972,0
True,1.96610638270272,0
True,1.99039725535006,0
True,2.14622166394738,0
True,2.64661729438663,0
True,2.18143636528002,0
True,2.67720572386302,0
True,2.6124636977403,0
True,2.83949041319561,0
True,2.7053971428878,0
True,2.81519307974212,0
True,2.61131972592178,0
True,2.46094622685163,0
True,1.82366231424034,0
True,2.11950007874295,0
True,2.2473525418343,0
True,2.58472508154763,0
True,1.86022734866529,0
True,2.53764439797472,0
True,2.32599104802999,0
True,2.5288039658766,0
True,1.74931232414733,0
True,2.29444300747206,0
True,2.581204044893,0
True,2.52036934271832,0
True,2.57795314286939,0
True,2.99493209710698,0
True,2.40567830249183,0
True,2.04994180477547,0
True,2.48487816463245,0
True,2.67310839914195,0
True,2.08644475617799,0
True,2.72801727647003,0
True,0.551261444366001,0
True,2.12043680158415,0
True,2.16528695639187,0
True,2.00713877887408,0
True,2.72228072779697,0
True,2.20567244073978,0
True,2.6470467805782,0
True,1.81388999709038,0
True,2.39589552140401,0
True,2.4698796718986,0
True,2.43318099972623,0
True,1.7496165456337,0
True,2.39699633110968,0
True,2.71614767109598,0
True,2.09854354631662,0
True,2.33196652566851,0
True,1.71110289927281,0
True,2.13041331978148,0
True,2.05730718988166,0
True,1.98872951466743,0
True,2.01401987014608,0
True,2.64819415268955,0
True,1.01281309711894,0
True,2.19468366443207,0
True,2.71157351009965,0
True,2.02542636998517,0
True,2.31716351758527,0
True,2.42612153004006,0
True,2.57542837587261,0
True,2.0200961073566,0
True,2.11962830279006,0
True,2.5582638815973,0
True,2.03460137484823,0
True,2.23367738377192,0
True,2.37927625736613,0
True,1.82250908297033,0
True,2.35902527974386,0
True,2.33686918973268,0
True,1.45608074691424,0
True,2.29278230617569,0
True,2.30916353764701,0
True,2.37816222883597,0
True,2.41444348879767,0
True,0.736836549405791,0
True,2.4448615868465,0
True,2.50528844300377,0
True,2.62423669130521,0
True,2.32622566930452,0
True,2.65993466675299,0
True,2.72108988269285,0
True,2.61112199463463,0
True,2.25669263392605,0
True,2.28102878976112,0
True,2.11438040283342,0
True,2.12844403865194,0
True,2.08611942006666,0
True,2.12386908040893,0
True,2.03179073180023,0
True,2.6520884176506,0
True,2.42766026373924,0
True,2.18413979912523,0
True,2.562044747897,0
True,1.86135812723983,0
True,2.45952580061685,0
True,2.10002722974999,0
True,1.85527583460306,0
True,2.49568993107621,0
True,2.3614250628153,0
True,2.4367074945348,0
True,1.95321176314066,0
True,2.68738800251506,0
True,0.406053787346535,0
True,1.93471444462773,0
True,2.35123621902452,0
True,2.80924998180757,0
True,2.57166900276577,0
True,2.38231063086155,0
True,2.26181224019374,0
True,2.27979353875966,0
True,2.24288504218461,0
True,2.36241400574313,0
True,1.99210911263588,0
True,1.8374205118976,0
True,2.16246422244899,0
True,2.29678630431667,0
True,2.10487189955745,0
True,2.21081762826697,0
True,2.13216726720028,0
True,2.36422479446872,0
True,2.42331122333327,0
True,2.3938234884874,0
True,2.60972048454056,0
True,2.10549834468019,0
True,2.6132097123693,0
True,2.0858778591017,0
True,2.54566853881885,0
True,2.30197939365019,0
True,2.17949041214035,0
True,0.386848549811866,0
True,2.18987643220573,0
True,2.16424177575812,0
True,2.62121079790784,0
True,2.26358627378001,0
True,2.07081001649447,0
True,1.99062589271647,0
True,1.71950225011154,0
True,2.63534924363393,0
True,2.74542390075827,0
True,2.05421452861917,0
True,0.408428319793605,0
True,1.71728738293435,0
True,2.45944074023942,0
True,2.10245378694603,0
True,2.13894897093996,0
True,2.09018086426863,0
True,2.14500799899274,0
True,1.87656526652935,0
True,2.19992896099105,0
True,2.20837527303491,0
True,1.72692871775021,0
True,2.05447000276812,0
True,2.29030610080334,0
True,2.05948732715705,0
True,2.00402732990015,0
True,2.60362693142944,0
True,2.06179764192155,0
True,2.33538273499393,0
True,2.05015567004786,0
True,2.37925310054197,0
True,1.98672339850875,0
True,2.25402460075548,0
True,1.80968219534254,0
True,2.51807761295766,0
True,2.84821704117463,0
True,2.359938813515,0
True,2.30402654910562,0
True,2.95108003570383,0
True,1.77128848913,0
True,2.02582911215597,0
True,2.03112323988456,0
True,2.12571272675606,0
True,2.80536524895917,0
True,2.39687640622319,0
True,2.37424633821254,0
True,1.76966324813465,0
True,2.21483546980215,0
True,2.50652146495059,0
True,2.46464110771423,0
True,2.01941990147554,0
True,1.632048810138,0
True,2.40563075108102,0
True,2.29204437786198,0
True,2.12610930891846,0
True,2.16447755945133,0
True,2.35019367475993,0
True,2.10172408011281,0
True,2.55503621878656,0
True,0.390152743078245,0
True,2.4656046099134,0
True,2.08419860352467,0
True,2.64332413701044,0
True,1.77951399783703,0
True,2.41882483015874,0
True,2.13231539250983,0
True,2.58845785513947,0
True,2.21436486159794,0
True,0.849993880701487,0
True,1.81972971728083,0
True,1.73194899658562,0
True,1.63537803367649,0
True,2.2775950591898,0
True,1.48329346047567,0
True,2.22996917686859,0
True,2.05136766405388,0
True,1.97195629308898,0
True,2.22591413748561,0
True,2.07968442366015,0
True,2.39366590796982,0
True,2.57836787691863,0
True,2.30471704885627,0
True,2.69255444935928,0
True,2.55896775500451,0
True,2.00876670740556,0
True,2.21691805025759,0
True,2.47108727233529,0
True,1.89332956812139,0
True,2.45282389937597,0
True,2.61381187546246,0
True,0.540754934156044,0
True,2.24259619068098,0
True,1.82421632662936,0
True,2.31621848082239,0
True,1.95840361233927,0
True,2.34655920816706,0
True,2.21399208758164,0
True,2.33808060523083,0
True,2.60662281835176,0
True,2.53658460252972,0
True,1.97938472864504,0
True,2.28426079509638,0
True,2.08471439406122,0
True,2.43500503956251,0
True,2.63382049382673,0
True,2.22346152295391,0
True,1.91574348477378,0
True,2.50799953995751,0
True,1.78005087821519,0
True,2.18286330431032,0
True,2.66539484349772,0
True,3.0155335714673,0
True,3.09984327399686,0
True,3.06714331025658,0
True,2.92466501239958,0
True,2.52892196809422,0
True,2.21193832162561,0
True,2.87064849721149,0
True,2.28529575144898,0
True,2.32377649641907,0
True,2.35917718845208,0
True,2.03744539735017,0
True,2.01164343794341,0
True,2.09130791512762,0
True,2.29736980295109,0
True,2.29483402976675,0
True,2.39933379885053,0
True,2.30196966555164,0
True,2.22230605096462,0
True,2.11312987682482,0
True,0.523222707596578,0
True,1.9944282941376,0
True,2.30967660400157,0
True,2.09639558856814,0
True,2.37761082342573,0
True,2.02220091539342,0
True,2.75024697124987,0
True,2.27030567380865,0
True,0.862671041558644,0
True,0.467499709196584,0
True,1.99582278498023,0
True,2.75609455135453,0
True,2.81683303153913,0
True,2.37925529401847,0
True,0.791713331056805,0
True,2.8655771875598,0
True,2.32039527334574,0
True,2.20856735594926,0
True,1.85720871830676,0
True,2.18139274965839,0
True,2.73840993122316,0
True,0.694469085381733,0
True,2.28027397110706,0
True,1.79861097018593,0
True,2.02691778853459,0
True,2.20427767071155,0
True,2.67887782060272,0
True,2.34900382240901,0
True,2.19987595348405,0
True,3.06383143922051,0
True,2.08801247817719,0
True,2.2140224833848,0
True,2.17924569940271,0
True,2.20675579648608,0
True,2.40839669491254,0
True,2.26645279462503,0
True,2.78288630486781,0
True,1.47973642074361,0
True,2.88604439760275,0
True,2.69686926299435,0
True,2.57639923028854,0
True,0.373554980881475,0
True,1.99156064518755,0
True,1.79934800830996,0
True,2.51212085232064,0
True,2.85402002770125,0
True,2.26848123357423,0
True,1.88939882726592,0
True,2.2483015877903,0
True,2.29874845995918,0
True,2.54769827051411,0
True,1.73253340484234,0
True,1.95840677043365,0
True,2.17253197909335,0
True,2.62894057081178,0
True,2.37840350864621,0
True,1.83599317262832,0
True,2.21673319719006,0
True,2.26924728054069,0
True,2.25644296945731,0
True,2.23295202136936,0
True,2.09307255704869,0
True,2.12595236921666,0
True,1.52529241496203,0
True,1.67515123748062,0
True,2.34797328203234,0
True,2.27706223305669,0
True,0.885436065595667,0
True,2.69271420772744,0
True,2.00468832245899,0
True,2.39714544095833,0
True,1.81002299174706,0
True,2.30416435497254,0
True,2.38334709435743,0
True,2.95577039952699,0
True,2.61662424145236,0
True,2.06712263531419,0
True,2.54433136603483,0
True,2.10527064170993,0
True,2.54770390923819,0
True,1.42840023740899,0
True,2.26097557234558,0
True,2.14589094567326,0
True,2.35795821366737,0
True,2.42790520725033,0
True,2.96635483364332,0
True,2.01224417655255,0
True,2.51808388278572,0
True,2.01581717042871,0
True,2.42733639121514,0
True,1.98129252069966,0
True,2.47956076397652,0
True,1.8004274455459,0
True,0.679357408255367,0
True,2.6926416029697,0
True,2.16636534755154,0
True,2.4421547206643,0
True,1.94961465661306,0
True,1.81869202382977,0
True,1.68801936262686,0
True,2.67968581415894,0
True,1.54332488922513,0
True,2.60505840250079,0
True,2.24341128544876,0
True,2.2401553514404,0
True,1.80530063681185,0
True,2.72610411568876,0
True,2.73061490285757,0
True,2.30984517506624,0
True,2.66038697961211,0
True,1.98084609636561,0
True,2.23280575403087,0
True,2.19009013567689,0
True,2.11047917303189,0
True,2.30477742369784,0
True,2.21722527297359,0
True,2.44046657720677,0
True,2.39406116536864,0
True,3.34355466939334,0
True,2.50472649496491,0
True,2.50766900231142,0
True,2.38106110429139,0
True,2.57488662531779,0
True,2.08225195835008,0
True,1.99919805448074,0
True,2.15625357012381,0
True,2.45261045854029,0
True,2.2660025915411,0
True,1.62929692127733,0
True,2.1571191516801,0
True,2.02529585026931,0
True,2.52475715596362,0
True,2.76259012209156,0
True,2.5596531045054,0
True,2.59723543058361,0
True,0.778554490092324,0
True,2.51690153657324,0
True,2.41868356964644,0
True,2.25395084701807,0
True,2.57972357523363,0
True,2.68466174933711,0
True,2.44276099785497,0
True,2.16341075440937,0
True,2.51218524369315,0
True,2.46052312320313,0
True,0.485479069870321,0
True,1.97281326472985,0
True,2.18185817642698,0
True,2.15043818345183,0
True,2.46490803750269,0
True,2.3482033679815,0
True,1.32896371183446,0
True,2.43838020837778,0
True,0.446669797698875,0
True,2.01473446861187,0
True,2.65214342384111,0
True,1.88788028086238,0
True,2.34027899212516,0
True,2.20320461953742,0
True,2.28361987943469,0
True,2.11266238179762,0
True,2.32653537736429,0
True,1.95586494388026,0
True,2.44420682611898,0
True,1.93045333464038,0
True,2.69003354006304,0
True,2.22392544600451,0
True,2.83920139825599,0
True,0.384251035557279,0
True,1.9601083148828,0
True,2.02970601726213,0
True,3.09721075587992,0
True,0.484983726332582,0
True,2.34823233181031,0
True,1.83085492582997,0
True,0.835559708601386,0
True,2.91897649215654,0
True,2.28645282353122,0
True,2.3633747116521,0
True,1.77835996587706,0