Success,Time,Fitness
True,2.10096619587518,0
True,2.45359734988931,0
True,2.21017813743867,0
True,1.66349107056885,0
True,0.621644152861341,0
True,1.95487363200356,0
True,1.112931074127,0
True,1.05349530608206,0
True,1.46927479141199,0
True,1.03422835853644,0
True,1.96342012664067,0
True,4.28803377047873,0
True,1.55741688218742,0
True,2.5760258645516,0
True,2.12958197944509,0
True,1.66188559191268,0
True,1.12861235805939,0
True,2.92063090600189,0
True,0.829450466597118,0
True,2.95276730318877,0
True,3.17056979049485,0
True,1.65817567064836,0
True,0.748742005393741,0
True,1.26009129552655,0
True,2.04854132118439,0
True,1.15116253474236,0
True,3.58787026744899,0
True,1.918160063778,0
True,2.2927553396244,0
True,3.12630671859106,0
True,1.83025305435088,0
True,1.08545133426821,0
True,2.73484515967559,0
True,2.11556143190648,0
True,1.64965551664046,0
True,0.934255558765858,0
True,1.52655466157948,0
True,1.67667593339081,0
True,2.87466258059944,0
True,1.39100706589228,0
True,3.35043973753192,0
True,1.57198178221823,0
True,1.72466817638879,0
True,1.73314180548852,0
True,1.82058781103213,0
True,1.64757668096031,0
True,1.98549364601138,0
True,1.76238766190893,0
True,2.51796607175062,0
True,1.47717783991681,0
True,2.96538551963789,0
True,1.17794530306848,0
True,1.6825027134273,0
True,1.10363707927202,0
True,3.14961362487098,0
True,1.13713829396819,0
True,1.61989497971248,0
True,1.55065711404779,0
True,3.74250136054811,0
True,2.78324705679447,0
True,1.97011284500762,0
True,1.19448774303799,0
True,0.594418870550925,0
True,1.37984169129118,0
True,0.937960399805157,0
True,2.34877838104481,0
True,1.08642094008774,0
True,1.2572883855508,0
True,1.03115699498464,0
True,1.68516077040303,0
True,1.25799828660603,0
True,1.82378034229017,0
True,1.03988625022068,0
True,2.24746848943996,0
True,2.57146466639568,0
True,2.65152786074124,0
True,1.92697269289545,0
True,2.28141377938392,0
True,2.94658662435414,0
True,2.72805686378209,0
True,3.12033855454214,0
True,1.08245571875468,0
True,1.54480059952439,0
True,2.50021998668178,0
True,0.949142558959914,0
True,2.29303784554875,0
True,1.92771148533451,0
True,0.857281419631856,0
True,1.20010604355496,0
True,1.89503059006202,0
True,2.29997837751897,0
True,1.06522695289583,0
True,1.95616415099253,0
True,3.08491603331653,0
True,1.24240824681678,0
True,1.01321115944664,0
True,2.20078459767782,0
True,0.760988998214249,0
True,1.25503270929779,0
True,3.84919970516153,0
True,1.92649365540662,0
True,2.48258310623659,0
True,2.66086704522196,0
True,2.17141592192239,0
True,1.92867139093369,0
True,1.01767448301983,0
True,1.44294546736214,0
True,4.06741312315436,0
True,1.61155952362466,0
True,3.1515000993685,0
True,0.980347141688483,0
True,2.08876499666183,0
True,1.40866884268679,0
True,1.9881890121165,0
True,1.49172621888628,0
True,1.80509659434934,0
True,3.18523628864098,0
True,2.26466785283404,0
True,1.06093716156124,0
True,2.99846625179135,0
True,1.56489209293977,0
True,1.83954345738411,0
True,1.96158111951555,0
True,1.2684676158586,0
True,0.727634629746916,0
True,1.65698944710726,0
True,1.66167784094674,0
True,1.9422430011795,0
True,2.6806260097402,0
True,2.76066017103934,0
True,1.18771093561465,0
True,2.05153231486816,0
True,2.94031556611269,0
True,2.38882768375751,0
True,1.00440097443807,0
True,1.37670536215568,0
True,1.83535574490973,0
True,2.17571173594542,0
True,2.41008930504889,0
True,2.00982872491456,0
True,0.908422081408771,0
True,1.0211394028602,0
True,1.78990216460287,0
True,2.19081532468287,0
True,2.09264298817843,0
True,2.07729156143127,0
True,1.38166547053983,0
True,1.82945559476175,0
True,1.04767459312141,0
True,1.51950180908793,0
True,1.95539180360776,0
True,1.40869755481367,0
True,2.64359392069467,0
True,1.60462422270048,0
True,3.44120763650312,0
True,1.69384778549244,0
True,2.20219894761462,0
True,3.32566968634202,0
True,2.6933682110045,0
True,2.37490721755817,0
True,3.8497819165201,0
True,2.48569787449728,0
True,1.44380486394934,0
True,1.19885553561218,0
True,1.66825206837411,0
True,1.77525534276534,0
True,2.43970533994941,0
True,3.16577814390581,0
True,1.45138499009114,0
True,2.13748838962369,0
True,0.772055492437932,0
True,3.37216827343141,0
True,3.14911952556331,0
True,1.15504842991074,0
True,0.879879226005719,0
True,1.31051311339049,0
True,2.10030270015818,0
True,2.0918757506637,0
True,1.06231380997589,0
True,1.66678363377091,0
True,1.52787148283676,0
True,1.43593171198136,0
True,1.66617351121388,0
True,2.26390362731818,0
True,1.13518189589774,0
True,1.44269930178695,0
True,1.1637300253224,0
True,1.58122916722696,0
True,2.35272111731867,0
True,1.41000551991557,0
True,1.65365243641163,0
True,1.67947277213648,0
True,2.13849303043858,0
True,0.893606799897308,0
True,1.50255675408606,0
True,3.28570046568605,0
True,2.1798310651014,0
True,3.64079288643388,0
True,1.1981986452318,0
True,1.56459114048399,0
True,0.98869170220764,0
True,2.47321357698243,0
True,1.34778187127007,0
True,1.83376219257324,0
True,0.980109521403658,0
True,2.31669245559804,0
True,1.59467641533922,0
True,1.72663786786165,0
True,1.39439150968872,0
True,2.85450212118851,0
True,2.71531069758935,0
True,2.26328813684945,0
True,2.50229459804635,0
True,1.29442932829047,0
True,1.14435781043139,0
True,1.22020848742606,0
True,2.92342621801921,0
True,3.99294173276971,0
True,0.929669831860033,0
True,2.98805180814395,0
True,2.51820221342625,0
True,2.10356634749065,0
True,2.39229412294098,0
True,3.34069025014415,0
True,1.98378446495826,0
True,1.9151143642506,0
True,1.46986803711356,0
True,3.08181122941293,0
True,2.32677580009893,0
True,1.11236400255923,0
True,1.81108688796552,0
True,1.23107243880455,0
True,3.41796811994255,0
True,0.959490465222399,0
True,1.2114578482224,0
True,0.649607881679672,0
True,0.753707135386697,0
True,2.60691880793947,0
True,2.41036643289704,0
True,1.69749937928428,0
True,1.22958429261938,0
True,1.29902017144186,0
True,1.80789921617436,0
True,2.35715511701116,0
True,0.676230542660627,0
False,0,7.69464006000635E-05
True,2.73219204752862,0
True,0.983187471270426,0
True,0.944253198537152,0
True,3.40956017699326,0
True,1.8893522346931,0
True,1.51405219470737,0
True,1.91530046384582,0
True,1.20036421022543,0
True,3.99947058553907,0
True,4.06668635829037,0
True,2.48940565875807,0
True,2.18514310050158,0
True,2.30160201755386,0
True,0.940192748837357,0
True,1.1226605163069,0
True,1.66616145155206,0
True,2.40931162243152,0
True,1.62270844982554,0
True,1.62936401623526,0
True,0.897220357395686,0
True,1.48491825499583,0
True,1.05582680827079,0
True,0.636781334428339,0
True,1.3833142633886,0
True,1.25136969802213,0
True,3.4989372984841,0
True,2.01738398588434,0
True,3.29769371850114,0
True,2.07406583452843,0
True,1.14733006537502,0
True,2.67364286356104,0
True,2.14932317308572,0
True,1.99304682746974,0
True,1.83211805159596,0
True,0.988134925141227,0
True,2.31078062817531,0
True,3.64708149957889,0
True,0.86258867131732,0
True,1.51768268256414,0
True,0.782610125964317,0
True,0.436498824421625,0
True,1.51883374275731,0
True,1.83992476031374,0
True,0.968549603433627,0
True,1.07853557914464,0
True,1.34066281425331,0
True,1.824408151756,0
True,1.85911069449912,0
True,1.79925884135466,0
True,0.9396751985893,0
True,2.12074837470747,0
True,1.24355020357388,0
True,1.70641074689378,0
True,1.98075470865539,0
True,1.60408712935201,0
True,1.53348021767998,0
True,1.49015823278405,0
True,1.87236493593432,0
True,1.27289023514334,0
True,1.20952792916961,0
True,1.97367394488952,0
True,1.60325147634433,0
True,2.79580628064775,0
True,3.37167917160623,0
True,1.06809678912792,0
True,3.39828872361273,0
True,1.69137528853178,0
True,3.27187121872414,0
True,3.20708452924776,0
True,1.36093363826577,0
True,1.20736416756582,0
True,3.29150334126149,0
True,1.3206569505259,0
True,1.18852714757798,0
True,2.86130733283651,0
True,3.53813410987559,0
True,1.50020780986613,0
True,1.73291566686305,0
True,0.995642075029054,0
True,0.591657460773062,0
True,0.728890273489158,0
True,2.03615164716933,0
True,3.26310479699143,0
True,1.62093783139197,0
True,2.11185784698852,0
True,1.93496008165283,0
True,2.84413686493546,0
True,1.4803536496249,0
True,1.37317057187634,0
True,1.222648812115,0
True,1.51308238097955,0
True,2.03037501295139,0
True,1.90485744664922,0
True,2.17334731871482,0
True,2.0821173373642,0
True,1.10978438761524,0
True,2.07758589973843,0
True,1.9543430287911,0
True,1.42723879591855,0
True,1.08893667607976,0
True,1.48610005130362,0
True,1.6367710208169,0
True,1.08355819077907,0
True,1.52736037269303,0
True,1.88896808827623,0
True,3.42014755774214,0
True,1.8347796834966,0
True,2.39440891756225,0
True,1.70256886151744,0
True,1.24404991363571,0
True,2.04929981586468,0
True,1.67650056100257,0
True,3.11683644489833,0
True,1.20902266861282,0
True,1.95468281676859,0
True,2.31473835807555,0
True,1.72663735916126,0
True,1.31949255744643,0
True,1.27707679421614,0
True,3.57400126366869,0
True,2.20797057537217,0
True,1.76198518066606,0
True,1.76826471001761,0
True,1.12919958848691,0
True,2.03083961933657,0
False,0,0.000471058232291688
True,0.741592493336432,0
True,1.52171272630434,0
True,2.67651345439107,0
True,1.62286138628872,0
True,2.02593094950874,0
True,3.25889287603427,0
True,2.05656141196372,0
True,1.03480442620033,0
True,1.78744405412824,0
True,1.53000804122792,0
True,0.841003468441001,0
True,1.92620801131858,0
True,2.15499624462504,0
True,2.36071222678698,0
True,1.75497006944348,0
True,2.1597801752629,0
True,0.766417707183223,0
True,1.80253147570285,0
True,0.962145713440468,0
True,2.08954836735881,0
True,1.07841199089,0
True,1.06566691181699,0
True,1.35486975825057,0
True,2.0971236525504,0
True,1.20174939230977,0
True,1.72904557056998,0
True,3.05912760262114,0
True,2.8144403628811,0
True,2.77207723294,0
True,4.2698456174306,0
True,1.50223794794208,0
True,2.55180379654397,0
True,1.25578068435794,0
True,1.34740476267748,0
True,0.440470033767946,0
True,1.4111546774764,0
True,3.68828059299784,0
True,2.74937168178617,0
True,0.965189126547234,0
True,1.62252134388796,0
True,0.676980217821773,0
True,3.37954287265615,0
True,2.01604378136226,0
True,0.99469542216205,0
True,3.6878009994237,0
True,1.81792530366297,0
True,1.88413415889373,0
True,1.03901655162172,0
True,1.32565734504162,0
True,1.47642400185051,0
True,1.21480175046241,0
True,3.81401390434325,0
True,2.3823271435798,0
True,1.24529717836185,0
True,1.39238349606383,0
True,2.59332725897764,0
True,1.74940214585387,0
True,1.0783443644725,0
True,1.59876224536037,0
True,1.58143880531044,0
True,1.9910905640096,0
True,1.02740012634936,0
True,2.09887654909693,0
True,2.21424369859332,0
True,1.41434626816934,0
True,1.3356442364447,0
True,0.860264115164418,0
True,0.79897929050355,0
True,0.748862208286838,0
True,0.892538690199276,0
True,1.31991347738144,0
True,2.02827754447362,0
True,1.86008322746847,0
True,3.66881685971828,0
True,2.02048037533346,0
True,1.46169755472006,0
True,1.37620617451916,0
True,0.879244128557959,0
True,1.43486444667736,0
True,1.69157308530147,0
True,1.81618804180878,0
True,0.620828689244906,0
True,3.77430447462476,0
True,3.24556707984079,0
True,2.29079518241373,0
True,1.66289811661244,0
True,2.50414773166048,0
True,0.788260748076063,0
True,1.38822870312247,0
True,1.43052204242705,0
True,2.69778857513905,0
True,0.946394412742678,0
True,2.06612496141767,0
True,1.20994679172728,0
True,1.42632781101215,0
True,2.49555474217981,0
True,1.80800542130164,0
True,0.727739428990655,0
True,1.64274643129389,0
True,2.27096317826267,0
True,1.14334113833718,0
True,2.01126684726019,0
True,4.09500427105566,0
True,1.5683575919573,0
True,1.87545339485974,0
True,2.94160693475572,0
True,2.68375040438326,0
True,0.662094390426706,0
True,3.24573442114648,0
True,3.93707052671378,0
True,3.12615163600492,0
True,2.65552344123061,0
True,0.786904366918466,0
True,1.46413296003639,0
True,2.29150233262163,0
True,2.1252119642658,0
True,1.43359645837459,0
True,1.9024447342954,0
True,1.81548399597606,0
True,0.960615603603284,0
True,1.1816713527962,0
True,1.59501629751729,0
True,1.88701215310137,0
True,0.963371484126963,0
True,1.49115636379539,0
True,3.3305910379339,0
True,0.505123734088819,0
True,2.03966675170869,0
True,1.98011523704567,0
True,1.46582837032306,0
True,1.26957673526754,0
True,0.833894627588333,0
True,1.05858288792544,0
True,1.37617770975364,0
True,1.51250499236175,0
True,2.09651879273379,0
True,4.11616426634731,0
True,3.56497898743407,0
True,1.79268266494541,0
True,1.73209909763269,0
True,2.27744253519043,0
True,1.50479468502014,0
True,1.63766319403577,0
True,1.69117222946719,0
True,1.07360625074373,0
True,1.33515818100604,0
True,1.05849976828898,0
True,0.61609914685432,0
True,1.94916408169671,0
True,1.76954176946496,0
True,1.30896117657348,0
True,1.63335549477146,0
True,1.51497186942773,0
True,1.58310396900443,0
True,2.03001836452116,0
True,2.16692925723921,0
True,2.3051343281804,0
True,1.64701353859029,0
True,1.24531511249399,0
True,2.17326760621887,0
True,1.85932983249967,0
True,0.9573622987865,0
True,1.02764472267294,0
True,2.4978319707983,0
True,1.21160229211005,0
True,1.46265530221195,0
True,1.39800412497358,0
True,0.992692498985194,0
True,3.28670085233565,0
True,1.78119610374667,0
True,2.05914254099299,0
True,1.71687578480643,0
True,1.97121201531102,0
True,0.614662963326336,0
True,2.17718832682393,0
True,2.74349115841044,0
True,1.30503172293511,0
True,1.85920461547213,0
True,1.68258536942231,0
True,1.82339346407037,0
True,3.65061366776953,0
True,1.10303283316318,0
True,2.32261987533022,0
True,1.99633976689516,0
True,1.4035223267396,0
True,2.02516927075935,0
True,0.959113984898223,0
True,1.60645008050073,0
True,1.38506270743738,0
True,1.87752290871986,0
True,1.81297372199497,0
True,2.06887717041493,0
True,2.53698464565131,0
True,1.3709521377702,0
True,1.38567963818529,0
True,1.98571702384575,0
True,1.26467899789715,0
True,2.61196621612014,0
True,1.43412880898379,0
True,2.40118102433727,0
True,1.1342752329595,0
True,1.74740612939854,0
True,1.11521681880932,0
True,2.40067060789929,0
True,3.1574284854478,0
True,2.24064265782262,0
True,2.14718061242549,0
True,1.88505303299235,0
True,1.75811110002891,0
True,1.5585987658465,0
True,1.09399618217077,0
True,2.21340704021407,0
True,2.43932179832057,0
True,0.900996869897507,0
True,1.72573343442402,0
True,1.60954813251791,0
True,3.44261059487341,0
True,2.24359497028322,0
True,1.90496928354876,0
True,3.41398840339577,0
True,1.32843637007656,0
True,2.53555895604427,0
True,1.63304773791318,0
True,1.93926895934171,0
True,0.828627813624725,0
True,1.10358075032574,0
True,0.531926992584775,0
True,2.27515346390371,0
True,2.18721526605476,0
True,2.31480289084364,0
True,1.59654115855901,0
True,2.12963375682304,0
True,2.10788939415684,0
True,2.20454132542132,0
True,2.26180430984264,0
True,1.12472240401378,0
True,1.5802524460219,0
True,3.36909994999542,0
True,3.46531286376253,0
True,2.90463032334131,0
True,1.69896381793218,0
True,2.58878438864723,0
True,1.16842498647717,0
True,4.17417552963239,0
True,1.52332885102542,0
True,1.30809629245557,0
True,1.34044484868697,0
True,3.3052071947909,0
True,2.09538678583733,0
True,2.1368304044483,0
True,1.53305472620975,0
True,2.62956718273251,0
True,1.91466827250457,0
True,1.31031938190826,0
True,1.36133126932528,0
True,0.995599076659356,0
True,1.66652962805621,0
True,0.832307964676301,0
True,2.28705197119965,0
True,3.02624514491104,0
True,1.45293820522588,0
True,0.94472011944372,0
True,1.67323231089071,0
True,1.98477644160159,0
True,2.5437088912868,0
True,1.94072565136446,0
True,2.60090332303369,0
True,1.74642048166021,0
True,1.10075958985805,0
True,1.46875357855769,0
True,1.86787289356329,0
True,2.04660244341095,0
True,1.21688412190526,0
True,0.898489607740693,0
True,1.66778138648462,0
True,1.37592714623656,0
True,2.92755491436652,0
True,3.63335162547504,0
True,2.37362180918978,0
True,2.18362291116699,0
True,1.60792577835822,0
True,4.217707170797,0
True,2.21711970554587,0
True,3.68446868855721,0
True,2.58306576325574,0
True,2.15654982522496,0
True,1.55416047359135,0
True,1.92559200252864,0
True,1.89765297459214,0
True,1.78225903258108,0
True,1.50997367893697,0
True,2.52248238959882,0
True,1.87711093821868,0
True,1.91873655484079,0
True,1.12199104661895,0
True,2.93482496989859,0
True,2.05460527824688,0
True,2.28418033301108,0
True,1.19317145275842,0
True,0.780505614735743,0
True,1.99347465922584,0
True,3.12247236166466,0
False,0,0.000127270347604754
True,0.962039745681973,0
True,4.24627164748078,0
True,3.77493962311803,0
True,1.83501477644639,0
True,3.6920954857457,0
True,1.6224268714889,0
True,1.04835840609872,0
True,1.0761060336279,0
True,2.39880932203034,0
True,1.34165150644815,0
True,1.36398963307179,0
True,1.78206985142926,0
True,1.44100500704638,0
True,1.41739129748779,0
True,1.31064261454199,0
True,1.39533616464369,0
True,2.5190453975836,0
True,1.84689532517026,0
True,2.82533876627757,0
True,1.38341433493039,0
True,2.50351625705526,0
True,1.30046787171503,0
True,1.37984365351373,0
True,2.32956282816656,0
True,1.31500517894165,0
True,0.54741281233142,0
True,1.42637981637856,0
True,0.863604620868318,0
True,1.22488549315114,0
True,3.49592154392997,0
True,2.38915407660555,0
True,2.47738059668175,0
True,1.42898606944706,0
True,0.917630468653608,0
True,1.30768118688667,0
True,1.37926392934542,0
True,2.01191175007684,0
True,0.923232306547538,0
True,3.251822434039,0
True,2.8041020574265,0
True,2.1089306559938,0
True,0.891036827740162,0
True,0.822050114977292,0
True,1.22209225620167,0
True,2.30106207267464,0
True,1.68514988264032,0
True,1.4038177563792,0
True,2.70134682179072,0
True,1.74218791540563,0
True,1.9774823987214,0
True,1.15832217121395,0
True,1.78304811165099,0
True,1.53622017962564,0
True,2.07162697017534,0
True,2.62607436058532,0
True,3.08730712812111,0
True,2.43066763826582,0
True,2.01335447296934,0
True,0.919614043676243,0
True,2.17264995993568,0
True,1.6611453910836,0
True,2.32064866135016,0
True,0.765965656065304,0
True,3.55659247845625,0
True,2.61422359456732,0
True,0.624871174702963,0
True,1.54209562092819,0
True,3.56881560350958,0
True,1.12215976324277,0
True,0.935960373864964,0
True,1.40943374891816,0
True,1.30920249360674,0
True,1.47421445956177,0
True,1.6472612030763,0
True,3.42166464614205,0
True,0.962407958103992,0
True,1.51812268936729,0
True,1.62692983014397,0
True,1.91438859641096,0
True,1.57177981467549,0
True,2.67628106524652,0
True,2.26051786181591,0
True,0.999920193665833,0
True,1.07353216944087,0
True,2.4162112071594,0
True,1.20394705242024,0
True,3.09616419204058,0
True,0.789707510414157,0
True,1.6359084468852,0
True,2.83727732212484,0
True,1.16786111538911,0
True,3.0465681568767,0
True,3.03200820619967,0
True,1.41337572304797,0
True,4.28064062756966,0
True,3.54156374647914,0
True,3.92851032927183,0
True,1.16511903161501,0
True,2.55759410701386,0
True,2.10004916430742,0
True,1.68977703948351,0
True,1.34698699249121,0
True,1.78845780747152,0
True,1.15234267426637,0
True,3.46705946427122,0
True,3.44639924915103,0
True,1.1713003366439,0
True,1.49823020552874,0
True,1.29152396756326,0
True,2.15929254839041,0
True,1.23124303460141,0
True,1.8858822906319,0
True,2.12933305194525,0
True,1.29855696875926,0
True,1.11289158861562,0
True,2.35874624601724,0
True,1.75336717810079,0
True,1.51042580102187,0
True,2.78607660018132,0
True,1.01832248226083,0
True,3.03114148753003,0
True,2.75933646026214,0
True,0.725229726252737,0
True,3.26571725763997,0
True,2.0294281898725,0
True,1.74200742534012,0
True,3.37283237308738,0
True,4.03659794479688,0
True,1.15748891173207,0
True,0.906020539908912,0
True,4.21335708098586,0
True,1.95038256104236,0
True,3.78621686398965,0
True,3.84660805706634,0
True,1.89497912086329,0
True,2.03565961479337,0
True,2.84343063961922,0
True,1.22318853970608,0
True,1.8251702203765,0
True,1.78192345521077,0
True,2.38209386378458,0
True,3.00954574880119,0
True,2.00432091245557,0
True,2.17375884535768,0
True,1.03469719758795,0
True,1.2951711700186,0
True,1.41938136918483,0
True,1.50156916012471,0
True,3.39350503243158,0
True,2.16976642770002,0
True,1.54253978246839,0
True,1.98185838646348,0
True,2.9889215683088,0
True,1.59695219398119,0
True,1.14689840608085,0
True,1.42055940503671,0
True,3.20903837858219,0
True,0.997907537989503,0
True,0.772373909950876,0
True,1.33049121280889,0
True,2.02011513049613,0
True,1.42386307556946,0
True,2.46438504032973,0
True,2.61312440075286,0
True,2.62959548948354,0
True,3.71435289270664,0
True,1.60032755271781,0
True,2.17744930024432,0
True,1.83756004428238,0
True,3.19360942044099,0
True,1.47770463641389,0
True,1.74627750544194,0
True,2.16365854023878,0
True,1.4378179679547,0
True,2.04477064581048,0
True,1.56429170257734,0
True,1.8532480278755,0
True,1.89645174461673,0
True,1.44870250205927,0
True,1.89922221815337,0
True,1.39309703105393,0
True,1.1644373984358,0
True,2.80937757716896,0
True,2.79776026892415,0
True,2.94985751749937,0
True,1.11428212526777,0
True,3.90186648723102,0
True,2.17810526428348,0
True,1.33379621992136,0
True,0.62286780982093,0
True,1.55937119871548,0
True,2.59786510387746,0
True,1.32009644792958,0
True,1.15590668434269,0
True,0.93207451279032,0
True,2.04588959658579,0
True,2.30280946783639,0
True,1.54149785480229,0
True,1.32919249006871,0
True,1.74301286798252,0
True,1.14254514253677,0
True,0.78442087879666,0
True,1.29214096456984,0
True,1.90866650170888,0
True,1.12402607347761,0
True,0.999244037427629,0
True,2.0123935042659,0
True,1.00747523873749,0
True,4.17765226840593,0
True,1.48415489603326,0
True,3.78740971827827,0
True,2.70444906755231,0
True,3.19948083744226,0
True,3.06243576807952,0
True,1.98185582998421,0
True,3.37344147431656,0
True,1.55214859324406,0
True,3.11803476683489,0
True,2.01043631372109,0
True,1.62823916457368,0
True,1.0295437445681,0
True,1.60706535923341,0
True,2.00265333767091,0
True,1.971894619408,0
True,4.55960634452252,0
True,4.65801335232685,0
True,1.66563832699076,0
True,2.00094906362285,0
True,1.97690255331686,0
True,4.55899914504779,0
True,3.11662974168621,0
True,1.40508894729762,0
True,1.01900657478331,0
True,1.07794368789406,0
True,1.50075758522269,0
True,0.878031823034911,0
True,0.987172769865991,0
True,2.29038124781701,0
True,2.32608563061989,0
True,2.05265728971633,0
True,3.18969468583015,0
True,0.925967976002227,0
True,1.18900110534498,0
True,2.17452778547278,0
True,0.80984078424363,0
True,1.91445981045596,0
True,2.02316907404815,0
True,1.98745743483079,0
True,1.82807203654952,0
True,2.03407955916919,0
True,1.21284238145477,0
True,1.41013141221485,0
True,1.52344599297097,0
True,1.48706228763202,0
True,2.05915106964624,0
True,3.2013060181296,0
True,2.74104668040034,0
True,1.35380358706714,0
True,2.06698085283587,0
True,1.23804075783611,0
True,2.76489591156091,0
True,0.856882397380999,0
True,3.06285747620407,0
True,2.70180120140158,0
True,2.59732014675411,0
True,1.3275125484938,0
True,2.71449055800448,0
True,2.42161366529987,0
True,1.45852775157806,0
True,0.934772417647621,0
True,0.854018089706839,0
True,3.72652171405284,0
True,3.08890104414268,0
True,0.976546535389933,0
True,1.21943476927026,0
True,2.66567054595585,0
True,1.38691661437885,0
True,2.35775564454887,0
True,2.69040659692346,0
True,2.7631132280687,0
True,2.38777655578509,0
True,2.8080217822202,0
True,4.19460935251632,0
True,1.34806000562181,0
True,2.19293945445147,0
True,2.31685456884196,0
True,2.11897974094869,0
True,1.07074465207315,0
True,1.75787018590755,0
True,1.14770414467186,0
True,0.800481970059668,0
True,1.70877642566709,0
True,1.72309505017483,0
True,1.4903634632744,0
True,1.20821483273829,0
True,2.0980127658699,0
True,3.23128101646614,0
True,1.76017039527931,0
True,3.65119441407861,0
True,3.01717150770726,0
True,2.47034194901135,0
True,1.64670544851486,0
True,1.28261883201771,0
True,2.56773350501757,0
True,0.696458079333944,0
True,1.3780530389609,0
True,2.35582882431979,0
True,1.73324039318794,0
True,1.45504680565309,0
True,1.90870640109,0
True,1.48011587102807,0
True,2.18225131788832,0
True,2.46748767350519,0
True,0.90072564488482,0
True,1.97930461327577,0
True,1.41408722468277,0
True,2.41145120690081,0
True,1.73347953099895,0
True,0.935673348052377,0
True,1.79726758836293,0
True,2.36037680649051,0
True,1.71695042536976,0
True,2.70088960751998,0
True,2.82973699125454,0
True,2.08082241352737,0
True,2.24154056871123,0
True,0.999741523771647,0
True,2.08321985422339,0
True,1.75987416525547,0
True,1.76766755174551,0
True,2.25060682276833,0
True,3.44574719173134,0
True,1.68676781521326,0
True,2.80729403478532,0
True,1.61241433323555,0
True,1.7469024493523,0
True,0.632524353065943,0
True,1.47151810113041,0
True,2.96258978708718,0
True,0.897725920487345,0
True,2.10648019297181,0
True,1.12395038930754,0
True,1.65960146278514,0
True,1.05315203461357,0
True,1.17998407842246,0
True,2.0384998186974,0
False,0,0.000832015203858788
True,3.20533291416858,0
True,2.45890371447392,0
True,1.19238453681767,0
True,1.87330848465899,0
True,1.31537064567865,0
True,2.16592602634867,0
True,2.17739868522289,0
True,1.99495254678547,0
True,2.04597265489267,0
True,1.23070016569453,0
True,0.844915818005578,0
True,1.99520753145421,0
True,3.06664015871384,0
True,2.40580901794047,0
True,2.71930795787898,0
True,1.12111632634947,0
True,2.31188485976541,0
True,0.763947361834225,0
True,1.33709032544358,0
True,1.65592226385813,0
True,1.32309177764909,0
True,1.42285221025652,0
True,3.87616743073163,0
True,2.46849621561089,0
True,1.8734560373815,0
True,1.49007019776205,0
True,2.19507831291031,0
True,2.19331524594845,0
True,2.0203520409267,0
True,2.1479528345647,0
True,1.10285130461281,0
True,1.71953109454923,0
True,2.83409889144162,0
True,1.93155654059864,0
True,2.24753654812291,0
True,2.10612934539814,0
True,1.81724365376177,0
True,2.02855660189476,0
True,1.16401311416052,0
True,2.65105473626182,0
True,1.70330461335139,0
True,1.74968479365131,0
True,3.22477373488477,0
True,1.34158686058029,0
True,2.91031813062919,0
True,1.30872072204383,0
True,2.40711650450424,0
True,1.7651051031036,0
True,2.13505611200938,0
True,2.6130052064292,0
True,1.68920280746427,0
True,1.37970967630647,0
True,2.62889759191496,0
True,2.39175962725393,0
True,2.49057662659253,0
True,2.22786272554479,0
True,1.96361031033929,0
True,3.28335975318128,0
True,2.13520797489467,0
True,1.58367379559335,0
True,1.75316264612331,0
True,1.39679382306395,0
True,1.68061094242594,0
True,1.47059565587398,0
True,1.90752072235283,0
True,2.70533973423497,0
True,1.5876611023672,0
True,2.28034360810337,0
True,2.64846920797347,0
True,1.27534622298551,0
True,1.40067734570093,0
True,1.61842742821867,0
True,3.0897512544784,0
True,2.18530409279042,0
True,1.36803804654982,0
True,2.68543903901707,0
True,1.45931979322777,0
True,1.23133821662361,0
True,2.05613980502694,0
True,3.62154294806376,0
True,1.52640262819373,0
True,0.722551892913503,0
True,0.68594926717052,0
True,1.39215955694133,0
True,1.6961751657424,0
True,2.29174719363339,0
True,1.91379960314379,0
True,2.42603454905799,0
True,1.91786067559935,0
True,1.85390938372214,0
True,4.17436721030061,0
True,1.17180608644754,0
True,2.93971193286961,0
True,1.03362038175498,0
True,0.966522847160425,0
True,1.89811247929225,0
True,1.76457770142549,0
True,3.73102880262327,0
True,1.88914488838393,0
True,1.86383390627868,0
True,1.3482378776136,0
True,1.14579198579448,0
True,3.16769025389108,0
True,2.29039272931302,0
True,1.38145548454324,0
True,3.15238828520597,0
True,3.74304872390812,0
True,3.44043982416801,0
True,1.75503487857123,0
True,2.03874606922821,0
True,2.09286172624409,0
True,0.868334519859714,0
True,1.50713579067556,0
True,1.89414908500157,0
True,0.697882278437777,0
True,1.65974817429546,0
True,3.22120273546546,0
True,1.76206072520764,0
True,2.89511579909661,0
True,1.94478833499957,0
True,0.889397289315012,0
True,2.09012356393026,0
True,1.73658349575732,0
True,1.84949335313916,0
True,1.36853977267085,0
True,1.6079033858987,0
True,1.48668431256694,0
True,2.12577046338979,0
True,1.95649752816215,0
True,1.23102466332029,0
True,1.61016849143113,0
True,1.99827360754735,0
True,2.17321557302042,0
True,1.71686066543542,0
True,1.63574816201413,0
True,2.23749962516419,0
True,3.25286983053476,0
True,1.64386200496481,0
True,2.94405066034783,0
True,1.17071650492377,0
True,1.14647656479279,0
True,2.28022387126239,0
True,2.60292154720668,0
True,2.73995263491208,0
True,3.90943254513115,0
True,1.44582221470814,0
True,0.799588212084274,0
True,3.04635736449838,0
True,3.70238461258819,0
True,1.81396266047245,0
True,1.01851474373451,0
True,2.3848416110591,0
True,1.88009277899825,0
True,2.11118674660806,0
True,1.44901074235751,0
True,4.20746002897369,0
True,2.02610440114062,0
True,1.33431654048466,0
True,0.85243874812643,0
True,0.772633885743484,0
True,1.67988392315727,0
True,1.60615809450817,0
True,1.26911871440314,0
True,3.67534642326761,0
True,1.31444375894735,0
True,1.39705546611313,0
True,1.19607802073845,0
True,0.965289351955246,0
True,1.88232692202243,0
True,2.63826531858964,0
True,3.23067940198538,0
True,1.24124050422575,0
True,1.16065074097293,0
True,1.47034684675801,0
True,1.60472891056954,0
True,0.871170218051654,0
True,2.52934520463555,0
True,2.47777040359878,0
True,2.579223240081,0
True,3.19284401860669,0
True,1.92694063996794,0
True,3.12335086441073,0
True,2.20849097451381,0
True,2.16476656372492,0
True,3.03837751166814,0
True,0.817644778876262,0
True,2.65017676966385,0
True,1.55221774055089,0
True,1.7276663826549,0
True,2.91984650009049,0
True,1.78360561091393,0
True,2.15218737767417,0
True,2.29388926095937,0
True,1.04817215316818,0
True,3.68121330197562,0
True,1.79571699303166,0
True,1.36343108537714,0
True,2.22357931940027,0
True,2.30402320834077,0
True,3.06456315124818,0
True,2.70974409665397,0
True,1.82874908268278,0
True,3.04907102060773,0
True,1.33649175504883,0
True,2.21065330173747,0
True,3.47299258974014,0
True,1.93157077090379,0
True,2.88907243503442,0
True,0.993708203658606,0
True,3.62322780305337,0
True,0.860687716800203,0
True,2.48781622180333,0
True,1.26080243789496,0
True,2.83780037142759,0
True,1.57460491757063,0
True,3.30892734685346,0
True,3.40568555828115,0
True,0.59652025926544,0
True,1.05080091899932,0
True,3.47265169580541,0
True,1.65763815844488,0
True,4.55704260302505,0
True,2.75406247376363,0
True,1.24872819926608,0
True,0.984162533328808,0
True,1.15460339253624,0
True,3.09648916612143,0
True,2.524687525798,0
True,3.89223350175882,0
True,2.72218358452945,0
True,1.65645126042806,0
True,0.781481802557476,0
True,1.14238189747305,0
True,2.19961223941245,0
True,1.95597983151628,0
True,1.5767407746292,0
True,1.29776590989075,0
True,1.39145490013405,0
True,2.58845459619846,0
True,1.20753641624395,0
True,2.94330715364473,0
True,2.60551960692053,0
True,1.24212058010562,0
True,1.96774373412048,0
True,2.13943591764159,0
True,1.93691684299012,0
True,1.53572516405177,0
True,1.72569696385796,0
True,1.02179058579807,0
True,3.2016540483442,0
True,3.54524514785984,0
True,2.02037235540153,0
True,1.29139010771702,0
True,1.61200338852545,0
True,1.93699377134364,0
True,1.70627862888831,0
True,1.52996242476309,0
True,4.01751126790027,0
True,1.74996250806569,0
True,2.29116118381679,0
True,1.13169481115393,0
True,1.98370063980272,0
True,2.51406822133528,0
True,2.41082818551898,0
True,3.04777059981298,0
True,3.15321904062658,0
True,1.89323974225034,0
True,1.87936433760446,0
True,1.96176984873324,0
True,2.15000710560004,0
True,2.02081814370686,0
True,1.41330390824908,0
True,2.70064246360116,0
True,1.97509346710696,0
True,2.50636188854661,0
True,2.07551360066832,0
True,1.5141108585167,0
True,2.55643399200063,0
True,3.02659786036643,0
True,1.97551978579963,0
True,1.42779543671721,0
True,2.22997040347232,0
True,1.59272230059676,0
True,1.4601708045906,0
True,2.0058075646265,0
True,1.94832838965262,0
True,2.31488332279769,0
True,2.18470452954801,0
True,2.18154004759614,0
False,0,8.98152676409226E-05
True,1.04132422740642,0
True,0.685865285981127,0
True,0.7121990942009,0
True,1.62273831954725,0
True,2.1009170063421,0
True,1.33955110853025,0
True,3.24866375765536,0
True,1.21503000854635,0
True,2.63618963300789,0
True,2.58007596499097,0
True,0.639130709710576,0
True,1.21578942844827,0
True,0.722757416101058,0
True,1.49923429989253,0
True,1.44141959925001,0
True,2.49697049714937,0
True,1.9433015609894,0
True,1.48193494395479,0
True,2.06170959183171,0
True,2.42395032255044,0
True,1.1159169567682,0
True,1.12610674723991,0
True,1.45913439468668,0
True,2.15614383263096,0
True,1.86487648176838,0
True,1.28700407619057,0
True,2.2689500990048,0
True,0.759318890597051,0
True,0.882845437909716,0
True,1.4699036992862,0
True,4.00347145346241,0
True,3.01505451629385,0
True,0.898645051639745,0
True,3.65865756625109,0
True,1.4416064904224,0
True,1.79763837527764,0
True,1.13399454093703,0
True,1.49843294480933,0
True,1.49942102395066,0
True,1.85964453660082,0
True,0.938900838240726,0
True,1.14964547112926,0
True,1.08512063712018,0
True,3.46919263272131,0
True,1.11156289757734,0
True,2.6391741331404,0
True,0.555232412246841,0
True,0.952183353433326,0
True,1.58663185742137,0
True,3.28024922674967,0
True,1.90854036059562,0
True,2.10296510722728,0
True,1.22214069732137,0
True,1.86942136360241,0
True,1.79554333886464,0
True,1.83978799832553,0
True,2.17138616377511,0
True,2.32634675224046,0
True,2.18470509141207,0
True,3.52881610302533,0
True,2.10379522817487,0
True,1.41985807032949,0
True,1.54970392429663,0
True,1.03249697378259,0
True,1.877563801263,0
True,1.43868170770025,0
True,1.70323946312971,0
True,1.76405104568413,0
True,1.80250730793125,0
True,1.3858319563727,0
True,1.44183944605717,0
True,1.38037899896991,0
True,1.74199246942417,0
True,3.62396386271313,0
True,1.86802976885173,0
True,1.372540767563,0
True,2.36487393316482,0
True,1.38300257732529,0
True,1.77669909352107,0
True,3.83633132782276,0
True,0.647583373404918,0
True,3.3912456683484,0
True,3.22692017024489,0
True,3.24451920679402,0
True,3.58181087177553,0
True,2.8022647950891,0
True,1.92009001365312,0
True,1.50721593295201,0
True,2.85501221081561,0
True,4.01352377144351,0
True,1.10739454930832,0
True,3.12547242801005,0
True,1.93037084383968,0
True,4.08366534228582,0
True,1.75027192415994,0
True,1.49427231403466,0
True,1.47654762804461,0
True,1.50757422739777,0
True,1.85880480597113,0
True,0.340258776519383,0
True,0.277539388694683,0
True,1.68510078225398,0
True,1.70865251587848,0
True,1.6825457948837,0
True,1.01352239556925,0
True,3.13898362893248,0
True,2.53879780508999,0
True,1.40830099575586,0
True,1.63626684888879,0
True,0.83062368090149,0
True,1.26192976422621,0
True,1.86227023424071,0
True,0.953619048901639,0
True,1.75812241748083,0
True,1.49894717395894,0
True,1.89691491722245,0
True,3.32109771013932,0
True,2.54511872944658,0
True,2.58482774771552,0
True,2.36631237004649,0
True,1.91646438953863,0
True,1.95410954361418,0
True,3.29261832608815,0
True,1.50548698622897,0
True,1.99451253542475,0
True,1.39149497855913,0
True,0.706205156450678,0
True,1.33884027498537,0
True,0.550639795984626,0
True,2.27942297836606,0
True,2.78945582029654,0
True,1.66066180904094,0
True,2.72175773725743,0
True,1.05431840541874,0
True,1.39723094917932,0
True,1.17112540684636,0
True,1.60018978812648,0
True,3.28944878043365,0
True,4.03279970062024,0
True,4.40300757580258,0
True,3.59905140903061,0
True,1.37016496136276,0
True,2.81520558449334,0
True,1.83766696090303,0
True,1.7174408215263,0
True,2.83929071984251,0
True,1.86846033217451,0
True,1.53827747900902,0
True,1.17800188971492,0
True,1.00143093923875,0
True,2.91099271166352,0
True,1.86249257997986,0
True,3.46893041026981,0
True,2.14577670139788,0
True,2.57891570098562,0
True,2.40989175329975,0
True,3.61603933339823,0
True,2.26362031291708,0
True,1.05388454867569,0
True,1.60871316418156,0
True,3.566306347551,0
True,1.12825018117832,0
True,2.58463535003306,0
True,3.39773995679277,0
True,0.971949057852533,0
True,2.64323713223893,0
True,2.36883695219961,0
True,1.00766978836694,0
True,1.03415212677112,0
True,1.02311353266942,0
True,3.24962401125316,0
True,1.29073820660786,0
True,2.25032840746558,0
True,1.74216981776719,0
True,1.67432360855612,0
True,1.52870594652089,0
True,1.24527045236651,0
True,1.3096952666009,0
True,1.97288697478644,0
True,2.54193862688062,0
True,0.895657726771842,0
True,2.09707892563816,0
True,1.59080613109885,0
True,3.03610887541622,0
True,2.59701894242305,0
True,2.04418982855646,0
True,1.03089781888116,0
True,2.22168298893897,0
True,1.44221754630208,0
True,2.84567733508646,0
True,2.11016378089995,0
True,1.47119751228566,0
True,2.55892485617854,0
True,2.71980105181229,0
True,2.04137041419577,0
True,0.900059242872011,0
True,1.33652380116557,0
True,1.63947394648374,0
True,1.29644924112165,0
True,3.3835518048719,0
True,4.4369296212078,0
True,2.66205740130548,0
True,3.41085615505817,0
True,1.9782688188384,0
True,1.81463109911295,0
True,2.6135650694095,0
True,1.63735473610888,0
True,2.09209829336153,0
True,1.77716038357927,0
True,1.40499608189803,0
True,4.12597753133071,0
True,3.49250396287216,0
True,2.57363787438867,0
True,1.48117478421303,0
True,1.00035499560193,0
True,2.68503233302274,0
True,1.5726615393544,0
True,1.91579959292973,0
True,1.76575664617459,0
True,1.73763440384183,0
True,1.94171154443992,0
True,2.26015447588864,0
True,2.39547832247064,0
True,2.45868244917399,0
True,4.19479547713446,0
True,1.88588228047369,0
True,2.39205232318986,0
True,1.20709827027758,0
True,1.03472662897258,0
True,1.10593210223905,0
True,1.9253904310915,0
True,2.58158881977743,0
True,1.72165365133621,0
True,2.22107023898647,0
True,1.96506003254466,0
True,4.3444323503147,0
True,2.5802309631535,0
True,2.75685386433127,0
True,1.23197882296858,0
True,1.18021592653008,0
True,1.01193234944864,0
True,2.39828391737492,0
True,0.909119236171219,0
True,2.81275068369889,0
True,1.29579259083732,0
True,1.0437356329718,0
True,2.26424745515065,0
True,2.0252922888666,0
True,1.48766011012971,0
True,3.54249911060208,0
True,3.40757481926281,0
True,3.02311714464262,0
True,1.91800604909437,0
True,1.86441031116403,0
True,1.82105633368811,0
True,1.08409336688225,0
True,1.25671828167189,0
True,2.42970612616193,0
True,1.66682035673196,0
True,1.77163824371539,0
True,1.88101519975837,0
True,1.80821349417162,0
True,2.40206401944175,0
True,1.99351953381609,0
True,0.900699021091972,0
True,1.07995829503638,0
True,1.9841473630598,0
True,1.23525247101248,0
True,1.05958654499381,0
True,1.57189993461283,0
True,0.909850450251818,0
True,1.58797465221014,0
True,1.9435432207215,0
True,2.15156232040422,0
True,1.52888817882893,0
True,2.55945403496481,0
True,3.15569798220171,0
True,1.39556513872263,0
True,1.46708624742762,0
True,1.26140444480835,0
True,1.367373847603,0
True,2.32568724379164,0
True,1.54403798965017,0
True,1.19829551849774,0
True,0.865231432978822,0
True,2.10131594490343,0
True,2.2129648798987,0
True,0.697990339217767,0
True,2.93673110054296,0
True,1.85839605201927,0
True,1.5418870357952,0
True,2.20830669332693,0
True,1.36753657057898,0
True,2.33571290181493,0
True,2.72931489346344,0
True,2.18361389521985,0
True,2.80469945263628,0
True,2.01010280542487,0
True,0.828005792161467,0
True,2.72738932137139,0
True,3.2398917280641,0
True,2.71046944787691,0
True,2.67297886727039,0
True,3.22094185859158,0
True,1.36599181088529,0
True,2.07301719305395,0
True,3.06549633144577,0
True,1.61741420964983,0
True,1.5702276182134,0
True,1.50891044167851,0
True,2.14378246981066,0
True,2.16044342811186,0
True,1.46792989568168,0
True,0.988370552962113,0
True,1.70988711460838,0
True,1.44636598059667,0
True,0.68678053006602,0
True,3.79816981880543,0
True,0.943694080316483,0
True,1.04067416394827,0
True,2.59421810453947,0
True,1.36827673380528,0
True,2.96720800626862,0
True,3.13146069610203,0
True,2.58877967575107,0
True,4.03657434726381,0
True,1.26693045530046,0
True,3.41768008240831,0
True,1.97713877506029,0
True,1.94808032150676,0
True,1.66183349059564,0
True,1.40034684724564,0
True,0.882022125271368,0
True,1.27634198149594,0
True,3.72013533807566,0
True,0.657024255949885,0
True,2.52947615112232,0
True,1.16966608672806,0
True,2.50576222489955,0
True,1.25692572599239,0
True,0.932087893230613,0
True,1.42932350564562,0
True,3.37208465933946,0
True,1.48415183351887,0
True,3.0705653117621,0
True,1.92015789180334,0
True,2.59927796243964,0
True,1.83499130545085,0
True,0.966816055030958,0
True,1.17872608724714,0
True,1.22913699986726,0
True,3.17022187967236,0
True,1.31539040830855,0
True,1.95643627006202,0
True,2.28937718201232,0
True,1.19097107025496,0
True,2.54224685908901,0
True,2.36527134743831,0
True,2.08902974654195,0
True,1.08426786297237,0
True,1.51085713128195,0
True,1.43444816893984,0
True,3.06581110360559,0
True,1.0409170529533,0
False,0,0.000827859232481461
True,1.80234521965911,0
True,1.21177879969029,0
True,1.00509985169072,0
True,3.52805293759616,0
True,1.70353695835572,0
True,1.03814370471418,0
True,0.717623947676203,0
True,2.29899234119149,0
False,0,8.06447049810703E-05
True,2.15036200233353,0
True,2.20325020054936,0
True,1.25211440052978,0
True,2.71045815391879,0
True,1.33514733764199,0
True,2.72123605923559,0
True,4.28142659710004,0
True,1.63338037308032,0
True,2.31248351582695,0
True,4.34123294475031,0
True,2.88540875332004,0
True,0.554497590475676,0
True,0.921793062193353,0
True,2.30205645387845,0
True,0.943398459498457,0
True,2.18667384359839,0
True,3.75029534605781,0
True,3.99410283666448,0
True,1.30997042120348,0
True,3.85182396035912,0
True,2.45096662163435,0
True,1.59801905847164,0
True,3.80880574501746,0
True,2.2580260676306,0
True,2.18198555744916,0
True,1.62325807918387,0
True,1.07672160322386,0
True,1.14747474549232,0
True,1.8221675139736,0
True,2.75812584675929,0
True,1.2578976251923,0
True,1.66862579698948,0
True,1.68743316959605,0
True,2.05028670167763,0
True,1.16147760140453,0
True,1.01902023733315,0
True,1.09244906240921,0
True,1.66381606146438,0
True,0.919709371660807,0
False,0,0.000285829577986241
True,1.11527138121809,0
True,0.865324971742868,0
True,1.34729745503797,0
True,1.8713385374535,0
True,1.30172348722769,0
True,1.55049057997154,0
True,1.27272917623404,0
True,2.40113201586677,0
True,3.02158655334846,0
True,2.29687665772771,0
True,1.77255946009533,0
True,1.25157066734011,0
True,0.929365130383912,0
True,1.05859083649808,0
True,0.805800426706646,0
True,1.26285653550601,0
True,2.24296896404432,0
True,1.51204099976577,0
True,4.04494660526525,0
True,4.0516912506627,0
True,2.04379222060421,0
True,1.79054763224136,0
True,3.05302246988131,0
True,2.56683304324095,0
True,3.06273512649076,0
True,3.20673004360506,0
True,1.55972881235923,0
True,1.7107757766511,0
True,2.23341965305789,0
True,2.93744949744581,0
True,1.2180018006325,0
True,2.01661878257287,0
True,1.79263065176819,0
True,1.34463829468169,0
True,1.54614580083665,0
True,2.33794449398522,0
True,0.267989713500221,0
True,2.02874267301267,0
True,0.940909302857123,0
True,1.3932120174449,0
True,1.73605769769785,0
True,1.22013709879999,0
True,1.70612679353772,0
True,1.11925079530165,0
True,3.91426886595462,0
True,1.15390309598964,0
True,2.41071912488536,0
True,1.75037475415148,0
True,1.7537947682018,0
True,3.10941982354483,0
True,1.15638764144609,0
True,1.27434121297713,0
True,2.29149609532711,0
True,2.29740418291377,0
True,3.01002604068874,0
True,1.27171822864494,0
True,1.39960037555981,0
False,0,0.000163545821045009
True,3.19332099612185,0
True,2.65980690732413,0
True,2.74400748039993,0
True,1.28056711031278,0
True,2.22273251608854,0
True,2.37681593408774,0
True,3.62946872844682,0
True,1.89979885226282,0
True,1.7548695681159,0
True,1.60101392259122,0
True,2.45318266686187,0
True,1.14288236141384,0
True,1.17921932379788,0
True,1.89964011586812,0
True,1.12138765023912,0
True,1.34209860776273,0
True,2.28825664826056,0
True,1.21090766198374,0
True,2.54081862625301,0
True,1.0536881202792,0
True,1.93130853030575,0
True,2.13061370477437,0
True,2.94824362709573,0
True,1.15491796946886,0
True,1.88138252714292,0
True,1.96677425234468,0
True,1.89161900779855,0
True,3.43877935490375,0
True,0.709678808314517,0
True,2.63492941092692,0
True,2.72392822913234,0
True,1.49370866754637,0
True,2.01076614990698,0
True,1.19841563090832,0
True,2.42460731375466,0
True,1.32178083858432,0
True,1.38317942617876,0
True,2.64239495788833,0
True,2.142995422008,0
True,1.84129564513098,0
True,3.69047697798899,0
True,4.22122848087483,0
True,1.55040380230765,0
True,3.70255307684409,0
True,1.18747087058768,0
True,1.39851289596076,0
True,1.01480990046161,0
True,3.58115344193947,0
True,1.67461969840058,0
True,3.77152361065305,0
True,2.91201868422091,0
True,2.92338749943577,0
True,1.35914796372966,0
True,2.7870704354746,0
True,0.853948656410801,0
True,1.36828412889364,0
True,1.80648870540381,0
True,2.18002118762204,0
True,2.28626176749563,0
True,2.35763098476219,0
True,2.76078362221832,0
True,3.48198758157595,0
True,2.48228238410334,0
True,1.01180982048459,0
True,1.66818066322359,0
True,2.65164977582957,0
True,2.95523826536772,0
True,0.655539101141174,0
True,2.82461620751097,0
True,3.1467117245805,0
True,3.07452085417707,0
True,1.60892108463808,0
True,1.62615587588106,0
True,2.84839043089155,0
True,2.931972201724,0
True,1.30680392043546,0
True,1.52735499089721,0
True,1.64993465995821,0
True,1.28441417731274,0
True,1.44751377037081,0
True,2.57159070051665,0
True,1.00880336199367,0
True,0.956773761514647,0
True,4.34850910736569,0
True,3.95827902783041,0
True,3.32288465042925,0
True,2.23318984192926,0
True,1.67230219120705,0
True,2.77903650781718,0
True,0.868174264168132,0
True,3.29898489503535,0
True,1.69785938338939,0
True,1.90202377317457,0
True,0.811803381820552,0
True,1.68810994378975,0
True,1.69360187588713,0
True,1.82955877643999,0
True,1.99159596499643,0
True,1.82728626846293,0
True,1.50428885013741,0
True,0.996835313523092,0
True,1.87059561393872,0
True,2.62099641713084,0
True,1.68811909349132,0
True,1.04434438538616,0
True,1.44007595387905,0
True,1.90648097387459,0
True,3.05978016219516,0
True,1.62020246440037,0
True,2.7675296807673,0
True,1.00612746513773,0
True,1.20211267103618,0
True,2.06310053087335,0
True,2.60759286192358,0
True,2.55871877047421,0
True,1.55756462779772,0
True,2.29404066454203,0
True,1.3634591863147,0
True,3.01947022237696,0
True,1.17576227818277,0
True,2.87685331663376,0
True,1.50360256724832,0
True,1.67589360630048,0
True,1.59197422417701,0
True,1.21537984444747,0
True,2.14811806957916,0
True,3.33135119077825,0
True,3.36203019711156,0
True,1.23450548049898,0
True,1.35826713416816,0
True,1.25463502097574,0
True,1.1326238041832,0
True,3.21951540451849,0
True,2.51753026146362,0
True,1.68666500212677,0
True,1.25411634666367,0
True,3.16418981111313,0
True,1.4785818090245,0
True,1.5688295492621,0
True,2.00289146842866,0
True,2.09454536338517,0
True,1.08180337253942,0
True,1.95816528214108,0
False,0,0.000356753997108767
True,2.09653996237266,0
True,2.86194993144362,0
False,0,0.000227886890304238
True,2.13490211506544,0
True,1.99077048422969,0
True,0.830931080314482,0
True,1.41507376977079,0
True,1.54012437844939,0
True,1.06885041909703,0
True,0.937241449593102,0
True,0.930217860951432,0
True,1.22674932269248,0
True,1.83486494407328,0
True,1.78064524337911,0
True,2.74556530574095,0
True,2.41131435105253,0
True,3.34555276594884,0
True,4.53233434421487,0
True,2.46117541115083,0
True,1.99973297795832,0
True,2.68059349990562,0
True,2.1281491311646,0
True,2.48378983376945,0
True,2.99143817959131,0
True,0.881852357835209,0
True,1.53519989507374,0
True,1.58937626083869,0
True,1.7011431441568,0
True,1.81003121125555,0
True,2.00967302319225,0
True,1.43464793096611,0
True,3.26441096877743,0
True,3.95335108129261,0
True,2.37462539858224,0
True,2.15956828156252,0
True,1.97800819232228,0
True,1.90949864240665,0
True,1.52169692525533,0
True,1.10489148874358,0
True,2.28807517988727,0
True,1.53148298106403,0
True,2.19054970372221,0
True,3.60434267099867,0
True,3.71486640642389,0
True,1.03830716001271,0
True,1.90274277681334,0
True,1.61031664056574,0
True,1.67351586749804,0
True,1.61078957999963,0
True,1.09154924569677,0
True,2.19345872780405,0
True,0.824215522936952,0
True,1.8518729460211,0
True,1.48271655211116,0
True,1.41046838956638,0
True,1.56123457373358,0
True,2.92918727316284,0
True,2.19749227395299,0
True,2.21992323719417,0
True,2.29461287530345,0
True,1.25762520726501,0
True,2.29961331224513,0
True,2.54320432467615,0
True,2.64133853052777,0
True,1.50524297295982,0
True,1.20278310689679,0
True,1.24953798007405,0
True,1.21546262686964,0
True,0.678170895200362,0
True,1.8664143436564,0
True,1.55993783022343,0
True,2.76618300701551,0
True,1.41519340824244,0
True,2.37348241796711,0
True,2.09782799326373,0
True,1.63949602852596,0
True,2.04165399285953,0
True,0.634010297972868,0
True,1.16352231824125,0
True,1.38139590974964,0
True,1.33817025629929,0
True,1.65383347384655,0
True,1.94403478517068,0
True,1.85519722256364,0
True,1.81099233121913,0
True,1.94988965886708,0
True,1.69673354711834,0
True,1.70505612143546,0
True,1.67865049018886,0
True,1.61484391762314,0
True,2.26123561490236,0
True,1.34052218472538,0
True,2.37515931119762,0
True,1.65384881700027,0
True,1.24850013176692,0
True,1.69224293595836,0
True,3.56558950728234,0
True,3.85861660228907,0
True,3.52712428652507,0
True,2.46184430359143,0
True,2.75627917541351,0
True,1.8617357748367,0
True,1.7673033772365,0
True,1.23772217665755,0
True,2.163865669766,0
True,2.15638945704148,0
True,1.55735089828744,0
True,1.84048882098661,0
True,1.8096461878519,0
True,2.08725760851469,0
True,1.84422407010056,0
True,3.07209312248425,0
True,1.30186869670757,0
True,3.34908931156592,0
True,2.01058710570353,0
True,1.66829276721245,0
True,1.72752214271994,0
True,1.19281641716858,0
True,1.28853574484326,0
True,2.97266287744002,0
True,1.65291793284462,0
True,0.663723851307142,0
True,2.96673739807496,0
True,1.1676361717369,0
True,1.80147100042975,0
True,3.86930071128632,0
True,1.35055220800516,0
True,3.9041898258523,0
True,3.3333417204354,0
True,3.81256525183014,0
True,1.3103580305665,0
True,1.05674757884371,0
True,2.39139013655537,0
True,1.70451849157045,0
True,1.04687865054508,0
True,3.50979499330799,0
True,2.24387279551604,0
True,1.67397234371127,0
True,2.39456588685165,0
True,1.75561971181404,0
True,1.57584259211761,0
True,1.41797052952074,0
True,1.3880342908368,0
True,1.47306199948767,0
True,3.93081247702663,0
True,2.41899478500624,0
True,1.72367192208705,0
True,2.52828973181036,0
True,0.93690778309936,0
True,2.20434325285235,0
True,1.5405281712415,0
True,2.80525826937081,0
True,1.8882560174895,0
True,0.921816401813061,0
True,2.67594350478141,0
True,1.97672938484432,0
True,2.38865643520161,0
True,1.56510426245101,0
True,0.789730880896174,0
True,4.57812272358923,0
True,4.66842132670514,0
True,2.59169729960905,0
True,3.4504631809006,0
True,0.946686664821908,0
True,2.82144604592921,0
True,0.7952438634926,0
True,2.93137338984043,0
True,3.80300118012476,0
True,0.981287665117328,0
True,0.807782803346964,0
True,1.3193022812403,0
True,1.5227050138998,0
True,1.12908142842244,0
True,4.21721954284891,0
True,1.59060185180517,0
True,2.64766015889889,0
True,2.12659062922381,0
True,3.29040426990486,0
True,2.11698687261162,0
True,1.03101999316983,0
True,2.2440610465549,0
True,1.83756106634194,0
True,0.708846915299415,0
True,2.52283886351266,0
True,1.50619332933442,0
True,1.60456655472099,0
True,2.3363167184698,0
True,3.07121317247089,0
True,3.81214081324091,0
True,1.22949434677337,0
True,1.71742954206319,0
True,1.05583634494074,0
True,1.04907325002881,0
True,3.47845729603504,0
True,1.81210067032195,0
True,1.51615970639453,0
True,2.40643336714873,0
True,2.02093547845513,0
True,1.43988641564621,0
True,1.7389152248503,0
True,1.78404257379798,0
True,1.1929487835751,0
True,1.88153504818666,0
True,2.34875721956381,0
True,2.82085605426247,0
True,1.29952095628844,0
True,1.48791567997057,0
True,1.26717940255065,0
True,2.34520663463754,0
True,1.46344519057717,0
True,1.45627544767059,0
True,1.6033465395475,0
True,1.66604225343244,0
True,2.1566905288373,0
True,2.50875568235116,0
True,3.08493027501467,0
True,3.95305899920516,0
True,1.56299006375903,0
True,1.44602793001168,0
True,1.91812911178744,0
True,2.76796328248636,0
True,1.05035431590189,0
True,4.18662240264878,0
True,3.89310838085494,0
True,2.85790272183749,0
True,1.84383572324649,0
True,0.934530127005252,0
True,2.47408164163409,0
True,1.73277013543494,0
True,2.60937538783529,0
True,2.39246531145465,0
True,3.10678535784176,0
True,2.45998525451647,0
True,1.97254957656668,0
True,1.35706467242805,0
True,3.60754693341399,0
True,3.9351366692174,0
True,1.40848986378739,0
True,0.875483070058917,0
True,1.09086331591835,0
True,1.15003449628717,0
True,3.08978520314682,0
True,2.57844867329672,0
True,2.54264765622439,0
True,2.00609753502835,0
True,1.93796803860177,0
True,1.32905626481682,0
True,2.65857353255304,0
True,2.63388010150699,0
True,2.62974837727936,0
True,2.21360908267931,0
True,2.02799813807319,0
True,1.23823387678145,0
True,0.556174210777256,0
True,1.28184681287765,0
True,2.58758809021427,0
True,1.55410467354701,0
True,1.14559752219928,0
True,1.55979747778678,0
True,1.4588463778427,0
True,2.0620521129356,0
True,2.05967132139515,0
True,1.95366687272026,0
True,2.59544731867977,0
True,0.982137349572561,0
True,1.52994795481545,0
True,0.984889620194371,0
True,2.81347306436316,0
True,1.57121148382715,0
True,3.12448788314108,0
True,2.32845535856185,0
True,1.65662698253082,0
True,2.11099339351813,0
True,2.50170790616334,0
True,2.53361741280984,0
True,1.79953128066686,0
True,1.77879658563279,0
True,1.38724191132197,0
True,3.05126452954735,0
True,2.05953475327434,0
True,1.58704694248166,0
True,0.898931163077431,0
True,2.80414971712823,0
True,2.34730459450197,0
True,0.998831601618628,0
True,1.74332398393892,0
True,2.30544576257081,0
True,2.64940908121581,0
True,2.94064299799931,0
True,1.85660394940463,0
True,1.65386162322147,0
True,4.16759461029008,0
True,1.78039318846864,0
True,1.335678629556,0
True,1.80937949540247,0
True,1.36828771516394,0
True,1.57737849143059,0
True,1.77169174292674,0
True,1.21053060568032,0
True,1.22613189768253,0
True,1.28600903124625,0
True,1.68809173331729,0
True,1.73802260215105,0
True,1.29928084264827,0
True,2.16996087153524,0
True,1.55017169910705,0
True,2.2959975681669,0
True,1.66546227141687,0
True,0.993508914974638,0
True,1.98161067313967,0
True,3.18221263224909,0
True,1.33338213237144,0
True,3.53627843483716,0
True,4.02304471840773,0
True,2.04352192086114,0
True,3.01839847222826,0
True,2.82092788996375,0
True,1.50952895457987,0
False,0,0.000598233752416273
True,4.03197742673516,0
True,3.87659865392329,0
True,1.41576561790271,0
True,3.04575338227384,0
True,3.32822589647301,0
True,2.37267920540711,0
True,2.10117505423502,0
True,1.64791733755053,0
True,1.37377042464078,0
True,2.35713678940561,0
True,1.48554251795655,0
True,1.64239262424896,0
True,1.10735143720944,0
True,2.7567450613645,0
True,1.64878645108507,0
False,0,0.00013020227048766
True,1.23581442559741,0
True,1.87569363607303,0
True,1.26746167443374,0
True,1.95917535616761,0
True,2.59001265897633,0
True,1.52589834456355,0
True,1.2072928694812,0
True,1.76828657668119,0
True,2.4051906241355,0
True,2.06925332105596,0
True,1.56418607119533,0
True,2.31576091304378,0
True,1.29945225213752,0
True,1.42298771788794,0
True,1.0387947459712,0
True,0.841801981678366,0
True,1.807486116066,0
True,1.46030463858927,0
True,2.38697945595775,0
True,2.48603629745677,0
True,1.90399151348178,0
True,0.745505766793209,0
True,2.5301533259979,0
True,2.87918993869049,0
True,2.95574823791511,0
True,4.32585248122029,0
True,2.13428488896884,0
True,2.40653373573101,0
True,3.09895157459997,0
True,1.73823752863518,0
True,2.2930105519148,0
True,1.81484777986394,0
True,0.989940324684655,0
True,3.42057743391947,0
True,4.19842558521229,0
True,1.52953046012406,0
True,1.66209485582714,0
True,1.16552541302224,0
True,0.596847017469137,0
True,1.34417042061227,0
False,0,0.000505703035096209
True,1.29538579920406,0
True,1.14839576380577,0
True,1.6453155696686,0
True,3.83922117396059,0
True,2.70196783569581,0
True,2.18876426178227,0
True,2.26539057234414,0
True,1.19146323880908,0
True,1.70271510802596,0
True,2.14418209959729,0
True,1.73461181103398,0
True,2.13431152704612,0
True,2.70262434025633,0
True,1.32632175137821,0
True,2.29650554559424,0
True,1.64257605821043,0
True,1.37744711517871,0
True,2.64413055862866,0
True,1.53095878988306,0
True,1.62921668976922,0
True,1.60462501746617,0
True,1.3981211227014,0
True,1.56365170534346,0
True,1.64723880562371,0
True,1.93735203646005,0
True,1.31709592217808,0
True,2.25095460784818,0
True,2.58179270105199,0
True,1.73481547724297,0
True,1.0001975722257,0
True,1.00290112849203,0
True,1.35003430525934,0
True,2.04519883025133,0
True,1.55663407429417,0
True,0.845099372149565,0
True,1.61693381291577,0
True,1.3712901479448,0
True,1.19203865366481,0
True,1.64836024930088,0
True,1.39271801720874,0
True,1.32067662860947,0
True,0.732854335659603,0
True,1.65281134381685,0
True,0.956934894344987,0
True,1.49650982696025,0
True,2.05494906747891,0
True,2.27865268999169,0
True,1.38092169547685,0
True,2.7997373473333,0
True,3.43336378957388,0
True,1.58519150770056,0
True,2.62845046133787,0
True,1.70918016622119,0
True,1.40956410663407,0
True,2.60528033572915,0
True,1.36887977760348,0
True,2.039416741063,0
True,1.96115432336134,0
True,1.4266859424735,0
True,2.63918271656199,0
True,2.24321051114569,0
True,2.52530764967856,0
True,1.88162522781117,0
True,2.78998776149058,0
True,1.7151182304828,0
True,2.44968195117917,0
True,3.53836636650111,0
True,1.31719660874285,0
True,2.56816714326402,0
True,1.9631135293677,0
True,2.45780852656664,0
True,1.34843633210978,0
True,2.64335233185799,0
True,0.84072360003494,0
True,1.59423021995349,0
True,2.56942518456511,0
True,2.89179086245028,0
True,2.844973714388,0
True,2.95052965725642,0
True,1.2176262680097,0
True,1.46707490443428,0
True,1.47028406510913,0
True,1.54071579997369,0
True,1.92392614032031,0
True,3.96176804299866,0
True,1.85344860583954,0
True,1.59357249870376,0
True,1.06139037219136,0
True,3.21914899799579,0
True,1.30501789441128,0
True,0.96580627404377,0
True,1.50111857518147,0
True,1.67905844343943,0
True,1.66750504897278,0
True,2.20957230183125,0
True,2.92175742702786,0
True,0.886506109028873,0
True,3.05661670875904,0
True,1.70691707309443,0
True,1.32172279196085,0
True,2.53442928772607,0
True,1.35479894307928,0
True,2.87386876885774,0
True,3.58599825839443,0
True,0.85477291921721,0
True,0.898327536103757,0
True,2.67173336249638,0
True,0.647601781867001,0
True,2.42085066287531,0
True,2.5605653608571,0
True,1.09578035872549,0
True,1.35498217969314,0
True,2.77719178802252,0
True,1.18844389401897,0
True,1.93610545720894,0
True,1.60425444470627,0
True,2.02200138637001,0
True,0.40246225909549,0
True,3.93957005802232,0
True,2.00070470787704,0
True,2.93073018802382,0
True,1.39502776491818,0
True,3.44875828694986,0
True,0.729043106109767,0
True,0.863367476314587,0
True,3.90757190530402,0
True,2.72498433676031,0
True,2.61650882142029,0
True,2.30613101044498,0
True,1.91304389682283,0
True,3.67315357704926,0
True,1.99572664343483,0
True,1.91007432940753,0
True,2.15038844206776,0
True,3.52772526988948,0
True,1.56580951339954,0
True,2.05166636811558,0
True,2.96158506694497,0
True,3.56838759571537,0
True,0.694772246554442,0
True,2.91802021053292,0
True,1.63119282602702,0
True,1.56151181658057,0
True,1.54950075428742,0
True,1.96536629761319,0
True,1.23418486412004,0
True,3.64246812672336,0
True,2.45289204414858,0
True,1.14854322017963,0
True,1.18645034002258,0
True,0.795456799197357,0
True,1.24792780264294,0
True,1.81611916401604,0
True,2.36971019030086,0
True,1.3341366552716,0
True,2.43500877815794,0
True,1.96288281695034,0
True,1.71378679844939,0
True,1.02722037032451,0
True,1.44777142956685,0
True,2.37863311374548,0
True,1.40534031720404,0
True,2.03144815877561,0
True,2.29061767007608,0
True,2.72570903126993,0
True,1.58185802689662,0
True,2.16666687998485,0
True,1.06461968573901,0
True,1.78338425265461,0
True,2.25710406640245,0
True,1.68117637916652,0
True,3.07051828010725,0
True,1.36776394047377,0
True,1.41988501115386,0
True,2.2478359522973,0
True,1.76013895130081,0
True,1.58490029090269,0
True,1.00209655327474,0
True,1.89361859249809,0
True,1.87834246588537,0
True,3.85654581151204,0
True,2.48264022932941,0
True,1.65227323937164,0
True,1.6491313418815,0
True,2.03748447677685,0
True,1.42197798171642,0
True,2.02241765319731,0
True,1.53909037881344,0
True,0.936999110362143,0
True,2.89203315029203,0
True,2.0127625444903,0
True,0.774441864380133,0
True,1.4790867335228,0
True,1.74968766332853,0
True,0.917547123386545,0
True,1.27200657375016,0
True,1.56113018706914,0
True,1.63512069693468,0
True,1.98908532070387,0
True,1.21761643362836,0
True,2.60794450377897,0
True,1.27696571316806,0
True,3.04132750473637,0
True,2.23991453714492,0
True,1.23435330746293,0
True,1.54179023380651,0
True,1.69037193259135,0
True,1.60146552245725,0
True,0.818081932864021,0
True,1.53069319035222,0
True,3.02710441847613,0
True,4.03364681605223,0
True,0.944205547918206,0
True,3.09560473567127,0
True,4.03891976832383,0
True,1.75377473442195,0
True,3.42406346289323,0
True,1.4014827150978,0
True,3.8406905070954,0
True,3.1887956222087,0
True,0.955070951724614,0
True,1.30375657111108,0
True,1.39704278489069,0
True,2.7605963348418,0
True,1.46197362026229,0
True,2.01047089292029,0
True,1.68435424062615,0
True,2.75242134542967,0
True,2.13164351566233,0
True,2.85423981718293,0
True,1.82522488681158,0
True,1.2842617411298,0
True,2.51326176238904,0
True,2.20556292693093,0
True,1.08793907058274,0
True,2.42086394348782,0
True,1.75021543549375,0
True,1.51546582739552,0
True,3.59216882555014,0
True,1.25634489463497,0
True,1.40385880504993,0
True,0.794395336737481,0
True,1.93166741388191,0
True,1.55211511025085,0
True,2.38138676493112,0
True,2.95487870141394,0
True,2.21978472538117,0
True,1.91076055632449,0
True,1.44236101320177,0
True,2.65482270098616,0
True,0.483143786687172,0
True,1.76183038722,0
True,2.27198657705203,0
True,0.8072507496226,0
True,0.919944224295624,0
True,1.82918163506902,0
True,1.69364339319715,0
True,1.88844717665074,0
True,3.35538691481233,0
True,2.24149770898394,0
True,1.13187832306894,0
True,1.09506410794718,0
True,3.68320762939884,0
True,4.77028978391694,0
True,2.13940915330037,0
True,3.41811296805202,0
True,1.5372214102146,0
True,1.54286695735138,0
True,1.77730258824635,0
True,3.20565071416221,0
True,2.53338346732568,0
True,3.37658255840804,0
True,0.517215313197941,0
True,2.3152202713884,0
True,1.76634444399339,0
True,1.40978350156676,0
True,1.35933287335681,0
True,2.19634221117832,0
True,0.91590215635971,0
True,2.79632531655857,0
True,1.07662044018138,0
True,0.697622099381344,0
True,2.02457303979348,0
True,2.05680014628754,0
True,1.78036774081568,0
True,2.099446553944,0
True,2.53979443260359,0
True,2.47282857356378,0
True,2.15277236126237,0
True,2.29439650735568,0
True,4.53050802420042,0
True,4.07637953324694,0
True,1.44676079623786,0
True,3.69409550129627,0
True,2.34762525512603,0
True,1.5742971248752,0
True,2.07717487506088,0
True,0.828748035998213,0
True,1.035296654256,0
True,1.96427047763463,0
True,1.66413663987694,0
True,1.60579567193436,0
True,2.14622366980836,0
True,2.04321325273735,0
True,1.38586031480085,0
True,2.14413423477622,0
True,4.04668030522447,0
True,2.21024034530684,0
True,1.08342585523088,0
True,2.07645537807187,0
True,1.33447991690585,0
True,1.73237034190213,0
True,1.1286372537536,0
True,0.735663403116247,0
True,1.30109226684412,0
True,1.01815552323801,0
True,2.84516754250095,0
True,3.04081841524101,0
True,2.15727164970468,0
True,3.94776608825684,0
True,1.77118968903384,0
True,1.49695841090545,0
True,1.16524633685538,0
True,3.4852377538104,0
True,1.95468434406843,0
True,0.913761254810192,0
True,0.756150181063584,0
True,0.99654575063504,0
True,2.60962380696745,0
True,1.90107583033509,0
True,1.21017588954552,0
True,1.83010001584828,0
True,1.38604728886966,0
True,1.44914274975908,0
True,1.09286745881186,0
True,1.36015467187971,0
True,1.43283602906641,0
True,1.23498962627723,0
True,2.05942018980665,0
True,1.97054858036875,0
True,2.43972092008268,0
True,1.73756393857036,0
True,1.33741212357564,0
True,1.37523401902141,0
True,2.25390418233067,0
True,1.92397325491479,0
True,1.30782900958666,0
True,1.92875415989242,0
True,2.921106934956,0
True,0.812434300432107,0
True,2.00243551874713,0
True,1.62269758665266,0
True,1.01674036825266,0
True,2.25717477705905,0
True,0.684273535527742,0
True,0.79456803232822,0
True,2.01633624369107,0
True,2.08258344106602,0
True,1.45223589135835,0
True,3.18923785556369,0
True,1.63961249433227,0
True,1.77087062364381,0
True,1.51084716068147,0
True,1.66037617486653,0
True,4.10517589860738,0
True,2.74465960614994,0
True,2.8119760162244,0
True,1.36732825022267,0
True,1.72424991320697,0
True,1.92918347733885,0
True,3.33749966218783,0
True,2.07302079262759,0
True,2.10768177703573,0
True,1.03855828447207,0
True,1.5973471922358,0
True,2.26318020711155,0
True,3.97026999968527,0
True,1.32883850471035,0
True,0.620994264974934,0
True,0.98232819734021,0
True,2.81403923609057,0
True,2.34201444952643,0
True,1.40431376471791,0
True,3.16709171393295,0
True,2.31416498905469,0
True,1.41912749258627,0
True,1.53757489442662,0
True,1.51967077093664,0
True,3.06438637884379,0
True,1.10232865639031,0
True,1.52713313877951,0
True,1.49391583619513,0
True,1.84672973394223,0
True,1.77210726205625,0
True,3.33345204506215,0
True,1.38231436846932,0
False,0,9.76417169049702E-05
True,2.10973728047928,0
True,2.50633221293805,0
True,3.19590980408795,0
True,1.3814190037456,0
True,0.989558871360209,0
True,2.13157230536676,0
True,1.69378112697017,0
True,1.11300722311082,0
True,1.09391784506646,0
True,2.27810802321061,0
True,2.09933541086962,0
True,1.09405312710534,0
True,1.86797339595034,0
True,4.02117376679108,0
True,2.86008234413274,0
True,1.13102184270051,0
True,1.5567376623075,0
True,2.50835167562638,0
True,1.50904186754854,0
True,1.47370584242248,0
True,1.85020851707477,0
True,0.929527708561375,0
True,1.33692084599905,0
True,1.53492624661385,0
True,1.7691626134343,0
True,0.640594786321811,0
True,3.09051398475425,0
True,1.19940482791538,0
True,3.23719181437392,0
True,1.36881269138632,0
True,1.4599036027296,0
True,3.15957239481725,0
True,2.1077680564819,0
True,0.851491588651023,0
True,2.53438997715857,0
True,2.89560703105511,0
True,4.35359266160636,0
True,0.864542822281401,0
True,2.09902640636337,0
True,1.63774777099914,0
True,2.26695234657628,0
True,1.8191831831131,0
True,1.52874152862403,0
True,3.08039488583007,0
True,1.71228284822643,0
True,2.65184569246508,0
True,1.67676504021423,0
True,1.00745150792438,0
True,1.0046822466826,0
True,1.89276926217347,0
True,1.44864242282222,0
True,1.34394501211223,0
True,2.67005499184331,0
True,3.87189306961415,0
True,1.88231748367326,0
True,1.3308569251556,0
True,2.75034319197033,0
True,2.58137387413944,0
True,2.88351379003542,0
True,2.20932980466536,0
True,1.64425673306809,0
True,1.93259123642899,0
True,0.83024533384866,0
True,0.338582003019225,0
True,2.6161275255561,0
True,1.90317978330499,0
True,2.20502561183305,0
True,2.09493546808228,0
True,1.77495989224619,0
True,2.5270303756726,0
True,3.46562978742459,0
True,1.31789123299761,0
True,1.04317788262172,0
True,2.70492794272212,0
True,2.0870301159954,0
True,1.45553774470786,0
True,1.56721681838704,0
True,2.75930989704922,0
True,2.31097004767403,0
True,2.50291579774641,0
True,3.28678156582279,0
True,1.27071685139359,0
True,3.12623429113954,0
False,0,0.000120846227186832
True,2.34784295217664,0
True,1.89441269066977,0
True,0.762688389300063,0
True,4.57253567987282,0
True,2.94252527047282,0
True,0.770702913236849,0
True,2.3369814830764,0
True,1.98795316315566,0
True,0.515830560557834,0
True,1.97859445281083,0
True,1.05974283977322,0
True,1.62158795857578,0
True,1.54316715023199,0
True,1.19822375559922,0
True,1.07008713180436,0
True,1.06843476748767,0
True,1.79897624690649,0
True,0.793881315489922,0
True,2.14161992425273,0
True,0.70927224541531,0
True,1.20685621531455,0
True,1.3710046939437,0
True,1.59905869085034,0
True,1.48152669320928,0
True,0.997771034214941,0
True,2.59995295970455,0
True,1.01355156854257,0
True,1.87211713032179,0
True,2.15900526405122,0
True,3.01161558135641,0
True,2.29051271965289,0
True,2.39063850267795,0
True,2.27614338005525,0
True,1.25932328032385,0
True,1.35188630702255,0
True,1.80398707070681,0
True,4.15963649644139,0
True,3.43569298496657,0
True,1.17632838631067,0
False,0,0.000381136702971326
True,1.2320721319352,0
True,2.92221436797855,0
True,1.58745203638953,0
True,1.48362740522359,0
True,2.76621878970795,0
True,1.79990532117823,0
True,2.29600408893485,0
True,1.27856574987114,0
True,1.81576228549743,0
True,2.2967865362553,0
True,1.79662180239888,0
True,2.78493288205457,0
True,1.74875129492735,0
True,1.76893770750877,0
True,2.23502417664612,0
True,3.14732246778571,0
True,2.88519112525052,0
True,1.72609423901611,0
True,1.73694726389854,0
True,1.86844281498176,0
True,1.09177729017672,0
True,2.34386460904945,0
True,1.70891311164452,0
True,1.55075248371826,0
True,2.3302255634816,0
True,2.72567125204225,0
True,1.18541031313246,0
True,1.29781962196807,0
True,1.57906226198481,0
True,1.55728798312648,0
True,1.65609024534896,0
False,0,7.83398276855096E-05
True,1.35755900287506,0
True,4.14092980990167,0
True,3.0142514012259,0
True,1.76399812421501,0
True,1.19306980280001,0
True,1.9545052551577,0
True,1.96391784586983,0
True,2.89060494795095,0
True,2.85182076559825,0
True,3.79626922655399,0
True,1.00068434439503,0
True,2.88559075501621,0
True,1.75750532774691,0
True,3.4762809600443,0
True,1.22998451067925,0
True,1.4287924349817,0
True,2.14916076380322,0
True,1.56665798281128,0
True,1.56931444516152,0
True,1.38558490495149,0
True,2.3966550301676,0
True,2.18779983462628,0
True,1.45895336813639,0
True,1.17115895058292,0
True,2.05914797971415,0
True,1.1984393219419,0
True,1.54152426721919,0
True,1.08267097704678,0
True,1.66844368801112,0
True,0.396455521357317,0
True,2.08320812896827,0
True,2.18892590201059,0
True,2.00573931344833,0
True,1.50148380941638,0
True,1.42928999188689,0
True,1.37025431154327,0
True,2.50702090947759,0
True,1.89281516338057,0
True,1.37192267573923,0
True,4.24868355524519,0
True,2.22403528666912,0
True,1.59076523628161,0
True,2.88437950920991,0
True,1.73279731852216,0
True,2.03308077250439,0
True,1.6378492162764,0
True,3.26692727993474,0
True,1.44917017914962,0
True,1.26202463259047,0
True,2.38517221413515,0
True,1.6820202427753,0
True,2.61693445606978,0
True,1.03266729649125,0
True,3.24664033393499,0
True,2.13483553056054,0
True,1.79641300052124,0
True,2.16919240755947,0
True,2.13216368059879,0
True,1.88597417074608,0
True,1.45705908836299,0
True,1.0549389763347,0
True,3.39826404195018,0
True,2.16381911972524,0
True,1.96757349169645,0
True,1.00811373001219,0
True,1.07810362167862,0
True,1.34653182684818,0
True,0.796636606561621,0
True,2.03606359222251,0
True,1.2359314111924,0
True,1.4125954870177,0
True,0.830678211080841,0
True,2.95578235983722,0
True,1.71899953433144,0
True,0.842527084991715,0
True,1.24935301647009,0
True,1.6566453851962,0
True,3.74622709259807,0
True,2.18893892690526,0
True,1.6105969200428,0
True,2.71976178817351,0
True,1.73370709629099,0
True,3.36906157891327,0
True,2.77853292492333,0
True,2.28421112598809,0
True,3.02686589742245,0
True,1.22643475383219,0
True,0.687640434237875,0
True,1.28474495966788,0
True,1.41838646204239,0
True,0.748599461150911,0
True,0.83820623257375,0
True,1.75464584478234,0
True,1.60235642791398,0
True,1.59947816764335,0
True,1.93413215891925,0
True,1.44386475848186,0
True,0.852803297250867,0
True,0.750604779129425,0
True,2.3422405133585,0
True,0.983088467289769,0
True,0.884203367908503,0
True,0.825662925184831,0
True,2.83270603444937,0
True,1.08406526489096,0
True,1.9309018528438,0
True,3.40207066996387,0
True,1.43317350001367,0
True,2.55852636717293,0
True,1.39086150078416,0
True,1.87253426217678,0
True,1.48005596518178,0
True,0.805138305275186,0
True,1.56611464197593,0
True,2.66934406750409,0
False,0,0.000703122275810583
True,1.89134177929759,0
True,1.89152724055667,0
True,2.16647684719827,0
True,2.78263801038062,0
True,1.2935899128981,0
True,1.27592257894027,0
True,1.87342008106153,0
True,2.99122725933268,0
True,1.97189356320193,0
True,1.15766967763768,0
True,1.50442639627865,0
True,2.12882444784787,0
True,1.1193975849658,0
True,1.89708593492046,0
True,1.13968480562858,0
True,2.10581828518525,0
True,1.4679338706826,0
True,0.945512925633936,0
True,2.46088168488608,0
True,2.12093124989539,0
True,1.42445427595006,0
True,1.67957200487815,0
True,1.8216925682537,0
True,2.00889411838755,0
True,1.68567946780926,0
True,0.758874979957217,0
True,1.96389379014645,0
True,1.54253839397332,0
True,1.70468305766382,0
True,4.25736125369268,0
True,2.14179948032946,0
True,2.10521996238338,0
True,3.70341193549044,0
True,3.32498158907186,0
True,4.01931852959508,0
True,3.96101333298195,0
True,1.13649561513392,0
True,1.48496888698728,0
True,4.59533272038825,0
True,1.28619779808811,0
True,2.4352484587634,0
True,2.06051455768178,0
True,1.21987876228467,0
True,1.59973950190937,0
True,1.6957309914004,0
True,2.5441776585975,0
True,1.54125691431673,0
True,1.23494066491028,0
True,2.01441782892647,0
True,1.27825687510047,0
True,2.44932286343978,0
True,1.7328693549409,0
True,0.799871774313139,0
True,0.968515556365628,0
True,3.70114616326579,0
True,2.03361420277099,0
True,1.47881032186652,0
True,1.10685955597055,0
True,1.21393215728301,0
True,1.21417084088397,0
True,1.01434871443026,0
True,2.12981209767804,0
True,0.80242490300028,0
True,1.36852816033845,0
True,1.17547015689844,0
True,1.25618709257462,0
True,1.7601706404844,0
True,1.69022300380864,0
True,1.91251169321095,0
True,1.951282392487,0
True,1.36232080187134,0
True,1.18173674331762,0
True,0.871281392329244,0
True,2.28372491718279,0
True,1.34590127065732,0
True,1.38305806956917,0
True,2.45280262668915,0
True,1.97379229216311,0
True,2.53197841483376,0
True,1.59478838439196,0
True,1.89096603384414,0
True,1.25069975402252,0
True,1.52601599338498,0
True,1.02899372222131,0
True,1.69339284511493,0
True,1.12047590510948,0
True,2.17456567519121,0
True,1.54357031034935,0
True,2.31800560013823,0
True,2.45201714196229,0
True,2.43532153443245,0
True,1.49534112938179,0
True,1.79734760069079,0
True,1.95832292129058,0
True,1.54508393687432,0
True,2.39439823497657,0
True,1.79339652768359,0
True,3.15822219175792,0
True,1.8770610196837,0
True,1.17337959761543,0
True,1.92790775948124,0
True,2.09433518742397,0
True,1.86962475722779,0
True,3.12122337868209,0
True,1.23827052140982,0
True,1.82351994482277,0
True,2.35108899067166,0
True,3.72212468133096,0
True,1.0273563245333,0
True,2.05329510841774,0
True,0.892836971053232,0
True,1.52962936805616,0
True,2.08752896040295,0
True,1.86735473787846,0
True,2.9085012770205,0
True,1.83009542901448,0
True,2.00981605568855,0
True,3.18186868364978,0
True,1.6166143451645,0
True,2.13142878736973,0
True,2.27395363287496,0
True,2.71542637155647,0
True,2.06291293161949,0
True,2.74312116205639,0
True,1.95249502947071,0
True,1.24266896284584,0
True,0.789800442152207,0
True,2.36756792165542,0
True,1.38271765308541,0
True,2.10420271565912,0
True,1.08741667897436,0
True,3.34406295290812,0
True,3.11144902118792,0
True,1.89353788401603,0
True,1.4041206450271,0
True,4.14985652308334,0
False,0,0.000108408738963136
True,2.89365218250065,0
True,1.64309272494118,0
True,1.43210615347612,0
True,2.50714528518114,0
True,1.66985683294524,0
True,2.2399936165509,0
True,1.71285273740689,0
True,1.02092675554405,0
True,2.06108374641546,0
True,2.16894878835283,0
True,2.03370427442428,0
True,3.73342277928724,0
True,1.55065099964617,0
True,1.58134571423159,0
True,2.19640121527243,0
True,1.45473758249826,0
True,2.24225308838505,0
True,2.08321874895126,0
True,1.92478752331104,0
True,0.929449258282793,0
True,2.52517773999162,0
True,1.7856338966533,0
True,0.956855765458585,0
True,1.86670456331792,0
True,2.71688116675328,0
True,2.71029605140443,0
True,2.03601537581108,0
True,1.46909668375022,0
True,1.61172850358485,0
True,1.35101844817639,0
True,1.3798813467824,0
True,2.89342976262158,0
True,1.73660412464772,0
True,2.55101122785783,0
True,3.55798659508253,0
True,1.51872838777921,0
True,1.81746087549813,0
True,1.36947652452697,0
True,1.86220622081492,0
True,1.06251598090978,0
True,1.99148356986617,0
True,1.25587083620844,0
True,1.21948745184954,0
True,1.00238598235039,0
True,3.09846751913832,0
True,0.942605531923805,0
True,1.7011559006165,0
True,1.52918492232404,0
True,1.48012849722999,0
True,1.97004509186932,0
True,0.912528269508174,0
True,1.12663639423113,0
True,3.22130963923737,0
True,4.17898053728665,0
False,0,0.00014030754267932
True,1.52898988942202,0
True,4.53587309962421,0
True,2.04313856202215,0
True,1.77769911977539,0
True,1.18366312228998,0
True,1.22195640076962,0
True,1.34223629260058,0
True,3.25073774513791,0
True,0.977848892565616,0
True,1.15580353235862,0
True,1.95889336280713,0
True,1.69144560577754,0
True,1.87725575482021,0
True,1.66778642766842,0
True,1.7948564755768,0
True,1.7808977847549,0
True,1.82209987181439,0
True,1.59498186807529,0
True,2.28998744805867,0
True,2.30902015834462,0
True,1.39819865947593,0
True,3.50077859069467,0
True,1.07536163512456,0
True,3.3482791205254,0
True,1.13913480110408,0
True,1.78847715824861,0
True,0.973251091863582,0
True,1.55418721531327,0
True,1.37192976829124,0
True,1.63901884538627,0
True,2.04750819380236,0
True,2.36536664118207,0
True,2.41820774692411,0
True,0.893284955787916,0
True,2.53518259320382,0
False,0,0.000520165953881571
True,1.64011879989023,0
True,2.02045060362518,0
True,3.34109120837395,0
True,3.84594143153415,0
True,1.68714239016282,0
True,1.64234254558567,0
True,3.62125193547987,0
True,1.69312748714902,0
True,1.1385348270755,0
True,1.63678959899125,0
True,2.02277733957462,0
True,2.76622418130104,0
True,1.0701856073087,0
False,0,0.000111530300860923
True,2.0071377025233,0
True,1.63090799178435,0
True,1.4335827422054,0
True,1.25849527432322,0
True,0.951840570023505,0
True,1.1779206753406,0
True,2.26466947481254,0
True,1.58172443782232,0
True,1.6733700310146,0
True,1.19762875358259,0
True,1.46300594976419,0
True,0.675515775441501,0
True,2.01236896677417,0
True,1.09399642829131,0
True,1.48421725833147,0
True,0.713899571016184,0
True,1.4242940487239,0
True,3.20710774530762,0
True,1.90086725396977,0
True,1.91843699888175,0
True,1.52315503988424,0
True,2.09655333446447,0
True,2.0271747436438,0
True,1.45530914888685,0
True,1.08282390786607,0
True,0.947079329905787,0
True,2.55687913177466,0
True,1.53311230838869,0
True,1.26701619749229,0
True,2.66086749671266,0
True,1.39274583461192,0
True,2.65006122750545,0
True,1.81397282694166,0
True,1.17692645851647,0
True,2.53548976392656,0
True,2.76248276366328,0
True,1.30759453226832,0
True,2.16225461368578,0
True,1.17177503958261,0
True,1.53786603003865,0
True,1.53200173611675,0
True,0.696170964927405,0
True,1.25536160490004,0
True,3.00653502012182,0
True,2.10719119665218,0
True,3.05718198248531,0
True,2.02829612041945,0
True,1.01373527879062,0
True,1.09763737310779,0
True,1.77771604892709,0
True,3.26942977263416,0
True,2.76937023150233,0
True,1.50081387411318,0
True,1.01692931515843,0
True,3.69382805173928,0
True,4.24688202670297,0
True,1.48227778945609,0
True,2.25338582685675,0
True,1.53441043524909,0
True,1.89802431282147,0
True,0.920001341583148,0
True,1.25107035903705,0
True,1.03575766946883,0
True,1.39866708750089,0
True,1.58267346665855,0
True,1.68362527982584,0
True,1.8159977108801,0
True,2.9077825418747,0
True,1.95553595580335,0
True,2.18247091491115,0
True,0.984287446271431,0
True,2.09590068516554,0
True,1.165035745546,0
True,1.74588498789997,0
True,0.925563903574796,0
True,1.57073798336791,0
True,1.16356181050064,0
True,1.10194523868863,0
True,2.56766472733274,0
True,3.69838484462558,0
True,1.38863003436203,0
True,1.15668802220388,0
True,2.74616657094805,0
True,1.27234282844814,0
True,1.30845421517425,0
True,1.39956691187159,0
True,1.93530756675515,0
True,1.46687857481417,0
True,1.12044568013176,0
True,2.07827475818578,0
True,1.80049609744545,0
True,1.52992486607899,0
True,1.94178911484731,0
True,2.37766479729321,0
True,1.96023076291736,0
True,2.55610863606777,0
True,4.28979110687756,0
True,4.26491883355169,0
True,1.56524327729523,0
True,1.38495087104118,0
True,1.81749842697748,0
True,1.29347833365191,0
True,1.77603074361391,0
True,2.14185825153317,0
True,1.45970308253488,0
True,2.36300330773002,0
True,2.11881476788161,0
True,2.05568407604388,0
True,1.50333762572233,0
True,1.63480508576625,0
True,1.94053804204528,0
True,3.63460357421815,0
True,1.37564792503861,0
True,0.977792147851403,0
True,1.45659995335973,0
True,2.70246495043824,0
True,2.29691111133608,0
True,2.220109377499,0
True,1.74525192582414,0
True,2.31671863937297,0
True,1.69841461837778,0
True,2.20303962149762,0
True,1.26103642870254,0
True,3.95804179782212,0
True,1.60036004478039,0
True,2.18959373745329,0
True,1.43613811500927,0
True,2.03316391907781,0
True,1.32422742353348,0
True,4.20024908504092,0
True,2.7270345933578,0
True,2.80365386562683,0
True,1.62413704686009,0
True,2.70019339907089,0
True,2.27736592034059,0
True,2.87138348069832,0
True,3.52473614227797,0
True,1.65302501703285,0
True,3.45670077810293,0
True,1.1735650477328,0
True,2.38115685506342,0
True,2.28060815787488,0
True,0.860035109178597,0
True,2.54062573875006,0
True,1.14525104432196,0
True,3.29206846169439,0
True,3.10585939070958,0
True,1.330397380467,0
True,1.81477576060208,0
True,2.52900790994249,0
True,1.08778658616111,0
True,1.87502101116123,0
True,2.95880028392027,0
True,1.82495190229524,0
True,4.63071403287825,0
True,0.983135137900563,0
True,1.36615702331803,0
True,1.17649142134686,0
True,2.89278220759444,0
True,1.47806780737407,0
True,1.6885970754132,0
True,3.31901478622512,0
True,1.22748377992006,0
True,3.89855621212149,0
True,1.62276299961053,0
True,2.59877071781402,0
True,1.50151451050191,0
True,2.8021538195079,0
True,2.44278238774521,0
True,1.14297485945184,0
True,1.93665419124386,0
True,1.87643500314362,0
True,2.34030864544949,0
True,1.69913989170281,0
True,1.05782793130736,0
True,1.93956364562856,0
True,3.92608848367348,0
True,1.9598132859064,0
True,4.34188861299539,0
True,1.68910366487802,0
True,1.72037607422978,0
True,0.843771832844483,0
True,2.73128257806046,0
True,1.09632428202713,0
True,2.40122049401101,0
True,2.63884502808731,0
True,2.92338976322337,0
True,2.40655028303377,0
True,1.75957008631152,0
True,1.37120504250049,0
True,1.84315473934128,0
True,1.25784437981925,0
True,0.907578427216318,0
True,0.5667346570442,0
True,0.813598979934283,0
True,3.41926522736808,0
True,2.36282941564306,0
True,2.00127472204401,0
True,2.44495388914217,0
True,2.7787993255902,0
True,1.26786927373285,0
True,1.01506492123559,0
True,1.03708221933913,0
True,1.74363894132981,0
True,1.15780690473404,0
True,2.49406449703298,0
True,2.68249353106588,0
True,4.0495556365604,0
True,4.09190392680764,0
True,2.17742164076748,0
True,1.57797984818079,0
True,1.01168217425092,0
True,1.82071897274057,0
True,2.02521239235374,0
True,2.75874008981489,0
True,1.66611279991784,0
True,1.95167737746774,0
True,3.1490536585895,0
True,4.00108113600714,0
True,1.10108579099108,0
True,1.52445349793905,0
True,2.00000175610292,0
True,1.81153852545452,0
True,1.38385831205085,0
True,1.82039227304077,0
True,1.86476581451924,0
True,2.63483269415956,0
True,2.9145152579494,0
True,1.66572298272103,0
True,1.19963873883615,0
True,1.8225933278963,0
True,2.45771970191618,0
True,1.19936384309716,0
True,1.10189149318578,0
True,0.938610109465745,0
True,0.758155621708271,0
True,3.4479214297556,0
True,4.57505648229821,0
True,2.56467042997849,0
True,1.07236383604561,0
True,1.9292408335405,0
True,1.54334191835035,0
True,1.49488716741088,0
True,2.0015881045404,0
True,1.2705942802226,0
True,0.863959934711428,0
True,1.10002695760993,0
True,3.08942731580917,0
True,1.02307515015377,0
True,1.9536316411175,0
True,2.59059417348395,0
True,3.45991258250543,0
True,2.38043131315958,0
True,1.22901587819475,0
True,2.64930485373894,0
True,2.33592727170725,0
True,2.41717039318398,0
True,1.85461068304834,0
True,1.44384886641346,0
True,2.6773084186854,0
True,3.06524056856989,0
True,1.30544971714428,0
True,3.05097882509886,0
True,2.48455854081851,0
True,1.38962438782269,0
True,1.27177081912827,0
True,1.09132550427136,0
True,1.70389011126341,0
True,1.34623185370221,0
True,2.15478534202286,0
True,1.57557753759825,0
True,1.0611406670446,0
True,2.00222768803221,0
True,2.50569032831881,0
True,1.99846145533352,0
True,1.18530805322339,0
True,2.227995621311,0
True,1.53194459708948,0
True,2.32303533109457,0
True,2.53820728304774,0
True,3.33818992678043,0
True,3.05393028080005,0
True,3.22922075990586,0
True,3.08317553379574,0
True,1.31642617716523,0
True,2.43218993424462,0
True,1.44749076039241,0
True,3.70972524481125,0
True,1.45301648148647,0
True,4.34414386380064,0
True,1.96060464220458,0
True,3.1663246864061,0
True,1.99012851185417,0
True,2.05636318991243,0
True,0.575191432708107,0
True,0.979904073870718,0
True,2.9129349074176,0
True,1.61597972613606,0
True,1.52942051073657,0
True,1.64181370303047,0
True,2.30811238771958,0
True,1.73945005190921,0
True,1.16366701873317,0
True,1.11782362095275,0
True,3.28452107179439,0
True,2.91217355090293,0
True,3.40922873170494,0
True,3.65227828898115,0
True,1.85059614353218,0
True,1.69621126972354,0
True,1.97318479374098,0
True,0.987954060202503,0
True,2.52224657342594,0
True,2.68979241499715,0
True,2.02461495945144,0
True,0.784432072470781,0
True,1.83811082534138,0
True,1.6324402584455,0
True,1.60260974681126,0
True,3.72308811234991,0
True,3.00377128232734,0
True,1.62764222498922,0
True,3.48996655776824,0
True,1.65448719540481,0
True,0.559635378603558,0
True,1.04870328770953,0
True,0.671545917601379,0
True,2.22912587443053,0
True,1.66977841391741,0
True,1.46528244684002,0
True,2.59152854180663,0
True,1.1824999434939,0
True,1.77233482199827,0
True,1.25297437506739,0
True,1.85330662735649,0
True,1.65765336755076,0
True,2.00689373603853,0
True,1.25940896473227,0
True,1.04756873853698,0
True,0.980195937048268,0
True,1.1644966030832,0
True,2.11273399354491,0
True,2.10430527988691,0
True,2.50302757219307,0
True,1.5244234984287,0
True,2.13328186363199,0
True,1.64454004831496,0
True,2.14150976013174,0
True,1.12089555132649,0
True,0.947582690927737,0
True,1.48411153269402,0
True,1.18408832513295,0
True,1.81630275435349,0
True,2.06068093662357,0
True,3.31328577041029,0
True,1.59464388517189,0
True,3.180884735952,0
True,2.09539530167919,0
True,4.08911333487094,0
True,1.43472991678679,0
True,2.68855507805086,0
True,2.14937082538827,0
True,2.08452615145033,0
True,1.82390419974223,0
True,1.45887776925543,0
True,3.50437895103714,0
True,1.49130483166524,0
True,2.11216015188596,0
True,2.00331816581518,0
True,2.56543699831312,0
True,2.41036289397432,0
True,1.89174130655761,0
True,1.39280833385965,0
True,3.89357507693249,0
True,1.49374541699708,0
True,1.41635494480749,0
True,0.874130359945056,0
True,3.48180331096294,0
True,2.37186825397914,0
True,1.02099608592806,0
True,0.654218370326481,0
False,0,0.000143572724770297
True,2.72496522444788,0
True,1.22642097895819,0
True,1.52791894014769,0
True,0.775793387715348,0
True,1.65528826742143,0
True,3.09058979141082,0
True,2.7712381996742,0
True,2.41423898341051,0
True,2.63357134018522,0
True,1.53345266311276,0
True,0.950564250772577,0
True,1.32681202675724,0
True,2.04432577416919,0
True,2.80109143767171,0
True,1.52817275296382,0
True,1.11556516219627,0
True,3.21528476229925,0
True,0.811957641126783,0
True,2.93074860662627,0
True,3.13359378639129,0
True,2.09895462155185,0
True,2.07785266986642,0
True,3.00026789864938,0
True,2.94166690306764,0
True,1.51160031890325,0
True,1.65279414687016,0
True,1.4559267987329,0
True,0.792985663654294,0
True,2.44863152444978,0
True,2.30247932431032,0
True,2.65047568543281,0
True,1.72543069336396,0
True,3.68963581366274,0
True,2.11241336862664,0
True,1.14766650563824,0
True,3.44618752357575,0
True,1.51652663303408,0
True,1.12005807461076,0
True,1.63596232002641,0
True,2.01001088436862,0
True,1.85654888542491,0
True,2.80357361206902,0
True,1.09609250033232,0
True,2.50660394294135,0
True,1.76684943167452,0
True,2.59218091821978,0
True,1.76504544764529,0
True,0.908841184194632,0
True,2.29208996562367,0
True,3.07879176711439,0
True,0.738703967529359,0
True,1.45220660683215,0
True,0.903563927066075,0
True,2.17115970156929,0
True,3.45253545895754,0
True,1.59995081164173,0
True,1.3835829482399,0
True,1.29283405645478,0
True,2.48156131153719,0
True,0.87839140635998,0
True,1.0763780090829,0
True,1.0369561724339,0
True,0.588768773613641,0
True,1.77730940196901,0
True,1.16675091219172,0
True,1.04518596852512,0
True,1.0196772196956,0
True,0.656631693343914,0
True,1.73032838938532,0
True,1.40601599885034,0
True,3.70137517488123,0
True,2.06156002005791,0
True,1.33777050897122,0
True,2.25091329526517,0
True,1.98292924534803,0
True,1.94202931929486,0
True,2.44892176974892,0
True,2.77584108964558,0
True,2.49853828682415,0
True,2.1869930915547,0
True,2.42923494016714,0
True,2.11016970080293,0
True,3.01046832424586,0
True,1.44272133591952,0
True,4.18780590352191,0
True,1.82245469282549,0
True,0.936255964171363,0
True,2.75922313313377,0
True,1.53086066652081,0
True,3.10596188877691,0
True,2.29459923659351,0
True,1.12381735533944,0
True,1.14081484706633,0
True,3.71029140502852,0
True,1.50923550161305,0
True,1.97350179000958,0
True,2.86427009825675,0
True,1.37409083289058,0
True,2.59929312458326,0
True,1.16573749906894,0
True,2.27210347697397,0
True,2.442227549074,0
True,1.26398286749485,0
True,1.88479111298196,0
True,2.77574993910882,0
True,0.885698539160021,0
True,2.97500626048111,0
True,1.59736126874066,0
True,1.79886185401226,0
True,2.09265695534728,0
True,1.47871955406477,0
True,3.83363164079067,0
True,3.4540108657656,0
True,3.40489838577567,0
True,1.96801578428641,0
True,1.7144567185761,0
True,1.33693419052567,0
True,2.14831166412717,0
True,3.13073279362349,0
True,1.27437314524062,0
True,1.03264594064278,0
True,2.08514995643602,0
True,1.91467632726474,0
True,2.97859745064349,0
True,2.67928985005269,0
True,1.55451308729676,0
True,1.89812503354015,0
True,2.73165981606049,0
True,1.23246157528721,0
True,2.27311645399152,0
True,1.24728365148941,0
True,1.34854408757762,0
True,1.36071617949688,0
True,1.86867151540917,0
True,1.95853278475075,0
True,0.781940061061306,0
True,1.94286379293921,0
True,0.919891151433279,0
True,2.39949111585873,0
True,3.62007200587191,0
True,2.38447780866605,0
True,2.00312249067112,0
True,1.6777591256129,0
True,1.96930338798639,0
True,1.15858600031147,0
True,0.783913443706822,0
True,0.711322821729029,0
True,1.53118593457689,0
True,1.88592453501531,0
True,3.43226830875778,0
True,1.17198531557614,0
True,1.96929614877636,0
True,2.00961462199804,0
True,2.06036723665935,0
True,2.19251691671679,0
True,1.64129478384034,0
True,1.1123990930802,0
True,1.50751134295607,0
True,1.99369463896676,0
True,2.30537402241366,0
True,1.27270561265466,0
True,1.07277480404839,0
True,0.893603455600907,0
True,2.10072045736537,0
True,1.56875436607854,0
True,3.81517435071509,0
True,3.31459529263603,0
True,2.58517967010249,0
True,0.590128535538219,0
True,2.25507277796688,0
True,1.74470138389622,0
True,1.03714342166759,0
True,0.868590863341471,0
True,3.18304000293557,0
True,1.46761954674902,0
True,2.7749791735637,0
True,1.59552321067407,0
True,1.54356729857045,0
True,1.82016120038272,0
True,2.20130045987319,0
True,1.22621435752084,0
True,1.46037343928291,0
True,1.49644001282482,0
True,0.903397352466091,0
True,2.76560895004321,0
True,2.07218351544839,0
True,3.27518942312197,0
True,3.46180647731194,0
True,2.29582176858957,0
True,2.89394234579708,0
True,1.42108971469412,0
True,1.39252151887863,0
True,2.51018626054524,0
True,1.74531628139033,0
True,2.40621593963849,0
True,1.26760433079675,0
True,2.29439114285521,0
True,1.54308045571262,0
True,2.57100032866144,0
True,1.36121418478032,0
True,1.07173832241075,0
True,2.14395705343639,0
True,2.32281660183708,0
True,4.02595137745206,0
True,2.06453953273794,0
True,1.51544040596375,0
True,1.49774429977807,0
True,2.05641577431976,0
True,2.1712120009791,0
True,1.84891494770835,0
True,1.91839183857282,0
True,3.47837713008562,0
True,1.54098313021877,0
True,0.983163562448799,0
True,3.7078782036753,0
True,4.27028833482746,0
True,1.55515750495063,0
True,1.46709511083471,0
True,3.10356750088921,0
True,3.53029847076045,0
True,2.10360914788193,0
True,1.81055059313025,0
True,4.16536256976651,0
True,0.859841779379238,0
True,2.93736116227174,0
True,1.71927036601927,0
True,1.95902713192836,0
True,1.94398315527068,0
True,1.50528646139086,0
True,2.27117270041357,0
True,1.95952306331253,0
True,2.05658042530669,0
True,1.79804430734199,0
True,1.06133988946298,0
True,2.24083891729381,0
True,1.59100956333761,0
True,3.37110475875378,0
True,2.07687716769872,0
True,2.29988043013057,0
True,2.82125739235224,0
True,2.06356148447319,0
True,1.41495953921147,0
True,1.45245036473981,0
True,1.78751835162621,0
True,2.20919511475819,0
True,2.0876616108902,0
True,1.10892006658811,0
True,2.22367781070826,0
True,1.83731265872222,0
True,1.55497798241201,0
True,0.934741192281745,0
True,1.19549677480082,0
True,1.36691136928232,0
True,1.85109410580662,0
True,2.02010579539972,0
True,1.81667265694206,0
True,3.05957175303235,0
True,1.60336920643253,0
True,1.28011976028944,0
False,0,0.000429335946200463
True,1.0791532621566,0
True,2.06085283757353,0
True,3.79460161315637,0
True,1.3477365156809,0
True,3.15443535492455,0
True,1.39335559106615,0
True,2.99424816178682,0
True,3.67662665607384,0
True,4.09168012608042,0
True,1.08530976165938,0
True,2.73502310745464,0
True,1.12827732214567,0
True,1.1201914604704,0
True,2.40987316847117,0
True,1.47977057861551,0
True,2.18800039544152,0
True,1.63060170381821,0
True,1.46866636116007,0
True,1.09076954482575,0
True,1.12082673685772,0
True,2.21535030418481,0
True,1.82904799593577,0
True,1.02216558341719,0
True,1.51824602196917,0
True,1.17520266301496,0
True,1.75293582518011,0
True,1.5157053249319,0
True,1.49535482831946,0
True,2.09408781449651,0
True,4.41512188882148,0
True,3.90934274116037,0
True,3.04772783141402,0
True,0.737827207563432,0
True,2.45166221356033,0
True,1.9789512407321,0
True,2.35246186507053,0
True,1.54410578686572,0
True,0.893294521575478,0
True,1.73141633552974,0
True,1.36340899455142,0
True,2.3068373805922,0
True,4.05911565188898,0
True,1.49679550663898,0
True,2.64326295426865,0
True,2.72155629532524,0
True,2.72902424632317,0
True,1.45330308994229,0
True,1.90253771689384,0
True,3.27386421885739,0
True,2.86038998744946,0
True,1.10442463495987,0
True,0.915958830626132,0
True,3.20195354628715,0
True,1.03214145287548,0
True,4.52816523768581,0
True,4.06103245807617,0
True,1.63392350961118,0
True,1.36230989433838,0
True,2.70271747231531,0
True,0.948935569618307,0
True,3.44890482802735,0
True,3.22224327390429,0
True,2.63228982173078,0
True,2.47836610739226,0
True,2.13775252560323,0
True,1.09610153937185,0
True,1.90403261651659,0
True,2.48047110351618,0
True,1.49753376420354,0
True,1.32606908574527,0
True,2.70118192306761,0
True,2.0346397531889,0
True,1.56944660842875,0
True,2.39009518166568,0
True,2.72994498110426,0
True,3.7136975564857,0
True,1.64036100838392,0
True,3.61117127129868,0
True,2.79722949299219,0
True,1.72076605689726,0
True,1.32918241797236,0
True,2.21223996454016,0
True,2.02908824185023,0
True,2.30019252782105,0
True,1.26165687991979,0
True,2.29070442247206,0
True,2.19580543192069,0
True,2.26715374696198,0
False,0,0.000137251624915866
True,1.79173449426613,0
True,2.46327747016406,0
True,1.99730708064584,0
True,1.22721687054244,0
True,2.06815192839082,0
True,1.25257487751081,0
True,2.23883663537084,0
True,1.17740629616651,0
True,1.45274494421166,0
True,1.08503202682919,0
True,2.34802196200426,0
True,2.25695720613702,0
True,3.38511649420029,0
True,2.9147535441511,0
True,2.9412622328785,0
True,1.9657139445089,0
True,1.12336991709793,0
True,1.65335347373943,0
True,1.44186193952785,0
True,2.28344767676907,0
True,1.34932661779225,0
True,2.76528193474384,0
True,1.51903962648189,0
True,1.5030309549502,0
True,1.46546561556929,0
True,2.67976136608405,0
True,1.74730052795029,0
True,2.35311902963302,0
True,1.9625476601286,0
True,1.58728962491203,0
True,1.37908850550246,0
True,1.86189813125379,0
True,3.96290841247574,0
True,1.42820972038375,0
True,1.40593363806911,0
True,1.71019554633001,0
True,1.96902069024411,0
True,2.89807258337213,0
True,1.65502796859533,0
True,3.95656745561409,0
True,1.64504376536108,0
True,1.73078874756918,0
True,2.84771896654813,0
True,1.36329952270831,0
True,4.17143499823608,0
True,3.71100942428922,0
True,2.9077261201229,0
True,1.08780603191962,0
True,3.50265475433553,0
True,3.90663901878426,0
True,0.531037709514655,0
True,2.1474794208004,0
True,1.76897836509927,0
True,2.97313666560321,0
True,2.49048585359584,0
True,2.64846038692003,0
True,2.33071016727939,0
True,1.03818823805644,0
True,1.82751600489354,0
True,1.21168583969332,0
True,1.82730315778454,0
True,2.0392826677302,0
True,1.23910670388469,0
True,1.46030684325564,0
True,2.50171387842528,0
True,1.98882912200636,0
True,1.17872419975939,0
True,1.23345514408812,0
True,1.15448793930461,0
True,1.88519835018906,0
True,1.28735231357518,0
True,2.94017612185013,0
True,2.09360226439596,0
True,1.51282746030066,0
True,1.08950514642269,0
True,4.05673539952653,0
True,1.04192496388391,0
True,1.07118571220669,0
True,1.34345198060972,0
True,2.15099997847862,0
True,1.60762099177007,0
True,1.49847510399671,0
True,1.67658321664134,0
True,2.17146942995474,0
True,1.19314027448982,0
True,2.91377168707343,0
True,4.1837659820886,0
True,1.58586330425362,0
True,1.64264326127695,0
True,1.46843710704937,0
True,1.774366024039,0
True,2.22500600176688,0
True,0.599731904684172,0
True,0.951749884602703,0
True,1.32396461843285,0
True,1.3048412355132,0
True,1.65687233921027,0
True,1.50185005652661,0
True,2.96555046733404,0
True,0.890152736868024,0
True,1.76813120548362,0
True,2.49373983215783,0
True,1.84618843231294,0
True,1.53662494979948,0
True,3.21147470848052,0
True,1.67247607995102,0
True,1.08323399032258,0
True,0.707949469807401,0
True,1.00068522028094,0
True,1.32080479669479,0
True,3.22115932771674,0
True,3.47383659444894,0
True,2.87193564206357,0
True,1.60510328961554,0
True,1.89741534565393,0
True,1.54274377216029,0
True,2.10062910510494,0
True,1.96372570269429,0
True,0.989660380149097,0
True,1.01167992702402,0
True,3.66659592057227,0
True,1.41616483731022,0
True,1.53971606093999,0
True,3.08899661063385,0
True,1.0800737909174,0
True,2.00233035551367,0
True,1.10626341431244,0
True,1.73187357478093,0
True,2.05714952112883,0
True,3.97706420825826,0
True,2.85933352098484,0
True,2.34107735610269,0
True,1.08298271738882,0
True,1.70532637232524,0
True,2.25972169675053,0
True,1.58351067220233,0
True,1.91117409042222,0
True,0.620856729328626,0
True,3.90233295344564,0
True,3.27662543072312,0
True,1.86500895362616,0
True,2.01169614644758,0
True,3.39765549965722,0
True,2.24641462715191,0
True,0.986030533325734,0
True,1.47879895888042,0
True,1.91216295276259,0
True,2.0069595666839,0
True,1.50000168054996,0
True,1.37919227489093,0
True,1.85836618184467,0
True,0.976952182167332,0
True,1.81873884670958,0
True,1.39291105286049,0
True,1.59023165904897,0
True,2.03881016251116,0
True,2.05241255427778,0
True,1.33869074706402,0
True,1.50633490087536,0
True,1.37701393007762,0
True,1.273757277298,0
True,1.41893024308869,0
True,1.08806285370739,0
True,1.25109254083071,0
True,1.14312803596081,0
True,3.39583360997637,0
True,2.14730212026273,0
True,1.90757980310212,0
True,1.80826476928977,0
True,1.70279084086382,0
True,2.54203158715221,0
True,2.23633550258595,0
True,1.07969883979571,0
True,1.33814248715955,0
True,1.82323431780885,0
True,2.2737439764292,0
True,2.83730507992781,0
True,1.01660108938494,0
True,2.55226051846621,0
True,3.52161799891204,0
True,0.975439740164431,0
True,2.79712973687829,0
True,1.76382499189271,0
True,1.10595790955207,0
True,2.29133090511234,0
True,2.55254652068929,0
True,0.665869373930432,0
True,0.755834248158073,0
True,1.49309269794193,0
True,1.88856123089084,0
True,2.61687352009222,0
True,2.67884570923886,0
True,2.12963035579285,0
True,1.46079744698202,0
True,2.29434223520449,0
True,2.32828738500474,0
True,1.90388807116766,0
True,1.83597576132904,0
True,1.47963264895695,0
True,1.2875841172692,0
True,2.64853669031901,0
True,1.40955291371894,0
True,3.32227666084428,0
True,3.39793247496496,0
True,1.33228144636028,0
True,2.55449925557292,0
True,1.0786934441075,0
True,1.72591544052742,0
True,1.56791930665491,0
True,2.68403978066886,0
True,2.84084259386685,0
True,2.50165504019871,0
True,4.16498302617662,0
True,0.674043970172437,0
True,1.80007123845769,0
True,1.4087683369185,0
True,2.09659124279901,0
True,3.05858032195188,0
True,2.35605887583661,0
True,1.77656066983494,0
True,1.31251790710576,0
True,1.30529534537679,0
True,2.71483140360107,0
True,2.01098958271901,0
True,1.64983831153752,0
True,3.93135181546912,0
True,1.92344881241926,0
True,3.26542444956083,0
True,2.66775355577927,0
True,1.5909852574109,0
True,1.85975213088411,0
True,2.79817227455843,0
True,2.32671466163835,0
True,1.67700403413452,0
True,1.53987910594561,0
True,1.0602342663495,0
True,1.12292118873378,0
True,3.83838142147524,0
True,1.24621949003126,0
True,2.52566040131394,0
True,1.40955203441266,0
True,2.17781995663264,0
True,2.95950803200817,0
True,1.20012306836456,0
True,1.02748277596956,0
True,1.39937124674626,0
True,3.31416680567199,0
True,1.6957902271711,0
True,2.82841507273333,0
True,1.2725779129001,0
True,1.27130220364269,0
True,2.53251024068435,0
True,2.00675428621018,0
True,1.08619786818826,0
True,1.75147143373984,0
True,1.74651708603294,0
True,2.49513086650454,0
True,1.65293799994557,0
True,3.35453551585843,0
True,1.24162560637306,0
True,1.84904240129251,0
True,2.16494944172429,0
True,1.28349676873762,0
True,1.07841985644686,0
True,0.970802150939885,0
True,1.57239350868783,0
True,1.95597909785575,0
True,1.0795244101574,0
True,3.05377735982823,0
True,1.7534667445876,0
True,1.50746029725621,0
True,2.13439818128535,0
True,1.04517276850894,0
True,3.85120704432442,0
True,1.13434789411791,0
True,2.28606034132492,0
True,1.32445206576169,0
True,3.54908909362446,0
True,4.25678859289844,0
True,0.736657609235543,0
True,2.34338146588113,0
True,1.62868848237511,0
True,3.81690886247394,0
True,2.60761054255715,0
True,1.40276521826832,0
True,1.24365908761032,0
True,1.29674004223739,0
True,3.57306960586005,0
True,1.80665681804145,0
True,2.74209492086051,0
False,0,0.000325727967037999
True,1.82128474043868,0
True,1.17140568542254,0
True,2.75747648477891,0
True,0.768574340506809,0
True,1.20483609886794,0
True,2.06194489009415,0
True,2.06093761589543,0
True,3.83460481992849,0
True,2.50211617505987,0
True,2.66305604159518,0
True,2.2171776747457,0
False,0,0.000140726636817125
True,1.48537198722365,0
True,1.83831861768718,0
True,0.989088375531051,0
True,2.27791536301007,0
True,2.45073424791615,0
True,2.46662938797375,0
True,1.73034866481973,0
True,1.24890075489699,0
True,1.51016153755758,0
True,2.79092228772707,0
True,2.85294917937379,0
True,2.00977708854888,0
True,1.38769630862504,0
True,3.27036514058414,0
True,1.84584832212086,0
True,2.10790066654961,0
True,2.1692010133659,0
True,1.41913797396283,0
True,1.34983257391092,0
True,2.00054251121876,0
True,2.71206841882892,0
True,2.27161098025603,0
True,1.74470400490938,0
True,0.941127507224843,0
True,2.32753646904107,0
True,2.39223107316983,0
True,3.09033237626429,0
True,1.33595900168299,0
True,2.8456978687846,0
True,3.50825369934376,0
True,3.66945918771405,0
True,2.75990152262417,0
True,2.54885310100984,0
True,3.65793736925548,0
True,3.01972437584221,0
True,2.42202909819593,0
True,1.78707204497693,0
True,1.3046220031954,0
True,2.14656578334946,0
True,1.69385523608416,0
True,2.16652841088066,0
True,0.790533110604896,0
True,0.67480968434241,0
True,2.77057829338615,0
True,0.950482353284439,0
True,3.27121716350831,0
True,1.7639285940478,0
True,0.886086018169536,0
True,2.7589053586509,0
True,1.4452087859568,0
True,1.69794140826511,0
True,2.67689434334963,0
True,1.26658529936409,0
True,2.68880339012353,0
True,2.39883216006784,0
True,1.23959426078287,0
True,0.956006593260287,0
True,1.33345577852711,0
True,0.668728886384379,0
True,2.85944865063419,0
True,1.51307607889624,0
True,2.29040917179602,0
True,2.82997501538741,0
True,1.90380518764301,0
True,2.63819536531465,0
True,3.60907105019551,0
True,1.32910541498236,0
True,4.52416026988468,0
True,4.04906092409375,0
True,1.53212646133233,0
True,1.25387734242549,0
True,1.30071875689123,0
True,1.73109300327637,0
True,1.20215218638245,0
True,1.20575603246752,0
True,1.51135159335681,0
True,2.89660818559596,0
True,1.13711346022972,0
True,0.670525517201957,0
True,3.82229828391634,0
True,1.89620384311156,0
True,0.902933000857446,0
True,1.56328419377735,0
True,2.21685875830645,0
True,2.19151006126055,0
True,1.82343147758053,0
True,2.45560238228561,0
True,2.0639825912286,0
True,1.17181786428171,0
True,2.19476219248797,0
True,2.09382293284446,0
True,1.74773110044476,0
True,2.07247647633874,0
True,1.90645447731572,0
True,1.55716118415618,0
True,1.64749260566716,0
True,1.27154290536119,0
True,1.395544496259,0
True,1.61930032770485,0
True,1.96274697388551,0
True,1.72017826837505,0
True,1.37072540773699,0
True,0.917644769969899,0
True,1.71378467429407,0
True,1.68881978366222,0
True,1.46612067687274,0
True,2.45715480431509,0
True,1.98615965613675,0
True,1.42875305556777,0
True,2.18966930585742,0
True,2.74019766150127,0
True,1.05886291253355,0
True,1.67436163210516,0
True,1.91786664409003,0
True,1.4346531139619,0
True,1.1955477752903,0
True,1.54040043153711,0
True,3.178919114519,0
True,0.951713932989785,0
True,0.96218419698963,0
True,0.999228683234948,0
True,2.20082321195199,0
True,2.50131689992185,0
True,1.17011839475961,0
True,1.75545509218199,0
True,2.38312604149616,0
True,0.736440261859871,0
True,1.24454085119699,0
True,1.61729506701366,0
True,1.25470711864989,0
True,1.6163708774939,0
True,2.30661620617584,0
True,3.83090930175896,0
True,1.418862192002,0
True,1.27377348390458,0
True,0.78138310388481,0
True,1.60757937742445,0
True,1.93664595677871,0
True,2.28895752668793,0
True,3.45630970073514,0
True,2.44605506934979,0
True,3.62797109739209,0
True,3.40454693506814,0
True,2.72418067373539,0
True,1.60432229548625,0
True,1.52362615873011,0
True,1.61920037570358,0
True,1.59458848391138,0
True,0.815618470742334,0
True,3.14984405066277,0
True,1.29639629317284,0
True,3.77053671191454,0
True,2.9587396612743,0
True,2.8519208260849,0
True,1.7665257935533,0
True,2.54604898354888,0
True,3.62259803050585,0
True,1.84800444802616,0
True,2.27639137072571,0
True,0.656626905341429,0
True,2.42025011571507,0
True,1.28431154173912,0
True,0.707436524115231,0
True,1.91143424372717,0
True,3.51375626610647,0
True,1.37630565206475,0
True,2.15536725251487,0
True,1.2735445408505,0
True,2.04068278221159,0
True,1.95064359095445,0
True,1.11996639110566,0
True,2.52917693910655,0
True,1.18925323356417,0
True,1.93538537305966,0
True,2.18598315979939,0
True,2.64648888951014,0
True,2.68061483029448,0
True,2.26236666846662,0
True,1.98450259346361,0
True,2.20528781832507,0
True,4.20321214336553,0
True,2.53612421311138,0
True,1.39594215780308,0
True,1.52184490810893,0
True,1.83881002916314,0
True,0.752872665273151,0
True,1.5069473136076,0
True,1.23119343769848,0
True,1.00038106569223,0
True,1.37582084121661,0
True,0.987604966900838,0
True,1.01730118653108,0
True,1.71163312603188,0
True,1.96561527173715,0
True,3.56917532663489,0
True,2.79618052800349,0
True,2.98543366262767,0
True,1.98146878795022,0
True,1.1316207874884,0
True,1.6183538275288,0
True,1.70560999240666,0
True,3.79859609252794,0
True,1.8034726416703,0
True,3.64188713850418,0
True,1.14769378808868,0
True,1.71231795085248,0
True,4.27935867918849,0
True,1.82885764819291,0
True,2.09149583045527,0
True,1.56566275772778,0
True,1.77449880776965,0
True,1.74841972743023,0
True,1.98805456428663,0
True,2.17173009315221,0
True,2.37610317602274,0
True,2.34000518098743,0
True,1.45550467477034,0
True,1.60186798398944,0
True,2.5258977867681,0
True,1.4918208677446,0
True,1.47401907249016,0
True,1.4538544333454,0
True,2.3166719664614,0
True,2.8152885811519,0
True,2.7419044287915,0
True,1.24167775548869,0
True,2.39965078697128,0
True,1.33372369322661,0
True,2.1455784015688,0
True,2.2181212952993,0
True,2.05525781759619,0
True,1.98658715812568,0
True,2.10989100576798,0
True,2.12452355540496,0
True,3.68162619508605,0
True,1.00080631640086,0
True,1.02502996171425,0
True,1.26402064912823,0
True,2.13209038778055,0
True,2.39376388173629,0
True,3.11470942513705,0
True,2.25788098965614,0
True,1.8245992429776,0
True,3.19799052344152,0
True,2.9481387908962,0
True,2.63851608237536,0
True,2.44137614375799,0
True,1.29679809436084,0
True,1.51530455524451,0
True,3.47526523282879,0
True,1.41330408800228,0
True,1.88726144261358,0
True,3.76761296305604,0
True,1.58629188321715,0
True,1.12097082579554,0
True,0.913320724406786,0
True,1.21258853665833,0
True,1.23435045210037,0
True,1.08695998188423,0
True,3.90638398717827,0
True,1.64492127667887,0
True,2.37239303345877,0
True,0.902923042828092,0
True,2.50063844468571,0
True,3.79877020539411,0
True,1.89394145226432,0
True,0.934273592898905,0
True,1.2510857250422,0
True,2.11321604183692,0
True,2.32727089527172,0
True,2.09371880230301,0
True,2.81600448164209,0
True,2.65408858751998,0
True,1.74122843760704,0
True,0.534230112364629,0
True,1.6429225672678,0
True,2.10369767441483,0
True,1.65620232731005,0
True,2.4477681616497,0
True,1.26571168659451,0
True,1.45221596932521,0
True,1.44616381790504,0
True,1.99588977696121,0
True,0.628007316028388,0
True,0.968404893887168,0
True,2.46137551360986,0
True,1.94097317927949,0
True,4.00530041581927,0
True,2.05568883336186,0
True,1.87180769938586,0
True,0.913595660567074,0
True,1.35226739982996,0
True,1.04860884713108,0
True,2.01486136917113,0
True,1.42219261480469,0
True,2.52541136550869,0
True,1.10154485821442,0
True,3.27485310456664,0
True,2.93466475138066,0
True,3.35351958424626,0
True,2.36267325740533,0
True,2.06511940462484,0
True,0.950196110462371,0
True,4.37521277983109,0
True,1.94111783551954,0
True,1.95381645109244,0
True,2.29327524625661,0
True,0.925891109546347,0
True,2.72348031281246,0
True,3.7823389709091,0
True,2.97857211177349,0
True,3.28809460364729,0
True,1.45155785985748,0
True,2.02727291409893,0
True,0.752249790854379,0
True,1.81842249885947,0
True,1.83039446727349,0
True,2.48871358056712,0
True,2.58253306913442,0
True,3.36492193248934,0
True,3.43904825732542,0
True,2.91302980949883,0
True,2.63014979925634,0
True,1.96247304629543,0
True,1.91238414065062,0
True,1.50453501124878,0
True,1.68873679280637,0
True,0.659820523431027,0
True,2.13261438269174,0
True,2.19260295707311,0
True,1.00446032128247,0
True,1.15634791587365,0
True,2.85389379980163,0
True,1.30238704753396,0
True,2.04739005077938,0
True,2.60790317178405,0
True,2.66104790930296,0
True,2.34947117420322,0
True,2.28827734722302,0
True,2.05544258563071,0
True,0.898287651232144,0
True,1.3964172223435,0
True,1.26397104458999,0
True,2.01308514613738,0
True,1.13989480258944,0
True,2.43404821724279,0
True,1.20816965519212,0
True,3.3897967235333,0
True,2.38536322452623,0
True,2.59475579925349,0
True,2.07709805761383,0
True,2.21745409913225,0
True,1.23823348431021,0
True,1.98190337791493,0
True,1.60810749400529,0
True,1.1391676124647,0
True,1.16584501618183,0
True,2.73840794730433,0
True,1.69722764635852,0
True,1.91143298671059,0
True,1.71269931567049,0
True,2.34467272265939,0
True,1.61408741707407,0
True,3.23386937349393,0
True,1.55319999484197,0
True,3.87692368424196,0
True,3.44835332445958,0
True,1.08178830619626,0
True,2.0790916419149,0
True,1.18871293333117,0
True,1.49937268029888,0
True,1.1756581274252,0
True,1.48031934252039,0
True,2.29372140403732,0
True,0.804154929315825,0
True,1.90169643711936,0
True,1.70767701791717,0
True,1.86930132290737,0
True,0.963282891852576,0
True,1.76879971626544,0
True,1.03894612369976,0
True,0.908006069580429,0
True,2.3105912135814,0
True,2.0826177762553,0
True,1.44685625472954,0
True,0.62424645915463,0
True,2.94283731145487,0
True,4.27478512961107,0
True,2.22713145417774,0
True,3.88908359262482,0
True,3.01976794664778,0
True,0.764996700124629,0
True,3.34565803567489,0
True,2.06994529672653,0
True,1.26998593443202,0
True,2.75132348385338,0
True,1.04714155712153,0
True,2.22552785848426,0
True,2.98848045975464,0
True,1.19372387833337,0
True,2.13633970780704,0
True,1.37946142022607,0
True,1.68286586800012,0
True,1.60324825005994,0
True,1.35756016999195,0
True,1.22269751980195,0
True,2.19734957734296,0
True,1.58261210854095,0
True,1.13787238416018,0
True,1.08642094983912,0
True,3.88151009272373,0
True,1.0897798750836,0
True,2.60572916453745,0
True,2.0396306620014,0
True,2.97851440559812,0
True,1.54581802198847,0
True,1.98662818109542,0
True,0.967244528170956,0
False,0,8.49866179567553E-05
True,1.55626840470682,0
True,1.84821567149766,0
True,3.0692527124858,0
True,1.70670631171712,0
True,2.53508390229569,0
True,0.99247633222412,0
False,0,0.000718571129738701
True,4.47614848660893,0
True,1.4106907419412,0
True,1.38565803711745,0
False,0,0.000145027014512422
True,1.31603729318008,0
True,2.13758004438376,0
True,1.67710192616376,0
True,2.24127375847348,0
True,3.96206609421773,0
True,3.09306507928757,0
True,0.976602795166302,0
True,1.24399492802256,0
True,1.0784189506538,0
True,1.49402088924613,0
True,1.93710543686108,0
True,1.7005458165233,0
True,1.63565772554518,0
True,1.73663269958523,0
True,1.69979352730397,0
True,2.72742855663965,0
True,1.55736480889564,0
True,1.38387977957327,0
True,1.92058451177239,0
True,1.66420444397681,0
True,1.57336117444843,0
True,1.27257909987709,0
True,2.88140000704849,0
True,4.39520137126911,0
True,1.81924553133167,0
True,1.09244034222607,0
True,0.604203324884275,0
True,2.24460254554576,0
True,1.9387569363834,0
True,1.30833222431978,0
True,0.655790055227934,0
True,1.2793050567756,0
True,1.15973315180799,0
True,1.46636292001944,0
True,1.54271917799435,0
True,1.77488241763618,0
True,0.924037722586595,0
True,4.14508056900733,0
True,2.7986178690413,0
True,0.761711985575399,0
True,2.08092628014696,0
True,2.94451348827103,0
True,1.97195510617325,0
True,1.07259466231436,0
True,1.47711515537021,0
True,2.03521504084207,0
True,1.5438178499292,0
True,2.8495794189634,0
True,1.84117889515258,0
True,2.34424398501275,0
True,1.04997136867092,0
True,1.69763835584121,0
True,1.48192717793769,0
True,2.43859581663197,0
True,1.93455435788003,0
True,2.85524221711223,0
True,1.32354038587534,0
True,1.43183964746575,0
True,3.90946588690011,0
True,3.29408745112417,0
True,0.807729277043323,0
True,1.49745408840953,0
True,0.948491123946224,0
True,1.39657034160258,0
True,2.74120100186326,0
True,2.0454149444443,0
True,2.38975255500191,0
True,2.54316146010614,0
True,2.98098924539016,0
True,1.11549890571133,0
True,3.49682945490748,0
True,1.54644496679047,0
True,1.44965685944008,0
True,0.979949646230277,0
True,1.08317757427645,0
True,1.46506714226507,0
True,1.11425116424592,0
True,1.90134458235763,0
True,0.92821579635931,0
True,2.29889117205327,0
True,1.81008549929368,0
True,0.821071163257252,0
True,1.00535153659937,0
True,1.76816998735417,0
True,1.93570047138284,0
True,1.1805656739707,0
True,2.21705203720688,0
True,3.27715422757056,0
True,2.15362957184324,0
True,1.02190768850541,0
True,3.56281424092018,0
True,2.50410769970026,0
True,1.39779671212585,0
True,2.01463048280637,0
True,1.724021744267,0
True,2.34767409518473,0
True,1.57201085398072,0
True,1.15804061516902,0
True,2.11081227822787,0
True,2.72854683969206,0
True,0.650102996368883,0
True,1.43660263285017,0
True,2.07862508131184,0
True,1.74056372285349,0
True,1.62279799741527,0
True,3.37483739542572,0
True,0.812670303280631,0
True,3.64028601507531,0
True,1.76497475453288,0
True,2.5233742418859,0
True,1.60943554433168,0
True,1.55510093961632,0
True,1.66705715647886,0
True,1.26319832087943,0
True,1.33259314070994,0
True,1.09111201532244,0
True,2.35363790874049,0
True,1.35209614562459,0
True,2.11126050126139,0
True,2.28757783271502,0
True,1.94526905680623,0
True,1.53800240198779,0
True,1.52875820073373,0
True,1.34962698318461,0
True,1.86686016569844,0
True,0.883191557623137,0
True,1.61001691419501,0
True,3.22657174464942,0
True,2.17987609273601,0
True,1.8682713307384,0
True,1.61210613016284,0
True,1.53820572072133,0
True,1.41584652649063,0
True,0.906094771731854,0
True,1.85549862990662,0
True,2.62322297440599,0
True,1.0497861269134,0
True,1.89627071561482,0
True,2.21064586000218,0
True,3.42172061777208,0
True,2.69700233313422,0
True,1.67103556005391,0
True,1.06905103212325,0
True,1.3766632740623,0
True,2.26690773173268,0
True,3.44418814448832,0
True,2.17387083887438,0
True,2.07687310258971,0
True,2.51962204049367,0
True,1.43200921539638,0
True,2.83411104350113,0
True,3.27473857855158,0
True,1.81516869136197,0
True,4.04173865916466,0
True,1.24757101593101,0
True,3.8415568598792,0
True,1.42042509663662,0
True,2.16809488782471,0
True,1.78746922210364,0
True,2.03425512693287,0
True,0.883538349106918,0
True,1.6812087982143,0
True,2.57425830934555,0
True,1.14178094491082,0
True,2.27199828819696,0
True,2.13265004441984,0
True,2.54158448438442,0
True,2.18109128011129,0
True,1.6851138842848,0
True,1.15686977730896,0
True,4.13796408628386,0
True,3.97461901338206,0
True,1.37607243812158,0
True,1.36139246959676,0
True,2.76278718964481,0
True,2.03532902142864,0
True,1.46925058260792,0
True,1.37663506904699,0
True,1.92087090379789,0
True,2.74337355492019,0
True,2.40356709601559,0
True,1.85292662596673,0
True,3.01910674392103,0
True,0.900999613066031,0
True,3.4761756037932,0
True,1.35864199462136,0
True,2.17715354908805,0
True,0.687037216208133,0
True,1.5217841085547,0
True,1.79779708520312,0
True,1.04943552775508,0
True,1.84471319878657,0
True,2.73881601082269,0
True,3.03132571079394,0
True,3.47335951427822,0
True,0.692921264977823,0
True,2.07734777680531,0
True,2.10022634944261,0
True,0.862645526223143,0
True,2.37626145723114,0
True,2.27412333651686,0
True,2.07068090483031,0
True,0.896783427645052,0
True,2.63749499578131,0
True,0.811291062317412,0
True,1.57519049928949,0
True,2.26001746137239,0
True,3.68307342909915,0
True,1.40755558979263,0
True,1.37948481879605,0
True,3.92157310718897,0
True,1.7925371435081,0
True,1.96667498106709,0
True,3.78489442172579,0
True,0.858399470715443,0
True,1.97072204758047,0
True,1.9115965908578,0
True,1.03887360327408,0
True,1.9837601547908,0
True,2.18617275437975,0
True,1.40873204763347,0
True,3.23504238680446,0
True,3.16802863249459,0
True,3.40274681547977,0
True,1.5710802466322,0
True,2.03949294030787,0
True,2.1171952209273,0
True,3.1073557455852,0
True,1.87230954722764,0
True,1.32890761833175,0
True,1.26281335431903,0
True,2.81523084488453,0
True,2.69445648038948,0
True,2.32321101271791,0
True,1.98809877815914,0
True,1.39912639673063,0
True,1.10564527916961,0
True,1.56282044158486,0
True,1.75888552716208,0
True,3.31219377461985,0
True,2.89914742197686,0
True,2.07972658106054,0
True,1.40152416122465,0
True,3.90178443400081,0
True,2.42307467366399,0
True,0.766551480601393,0
True,1.32028709777837,0
True,1.11706436101367,0
True,1.78551810639498,0
True,1.39030295679131,0
True,2.07597302393273,0
True,0.959344477813571,0
True,2.47304385647964,0
True,3.73708498938639,0
True,1.08341135634927,0
True,2.9108978395829,0
True,1.88993628900435,0
True,1.57830810011451,0
True,0.865151445983802,0
True,2.50385784614064,0
True,2.18674843802965,0
True,1.95526632766225,0
True,1.59176099323268,0
True,3.46351218219564,0
True,1.85821574143712,0
True,0.854360676480103,0
True,1.30555865893184,0
True,1.50417437317726,0
True,1.82276289724872,0
True,2.38807817651211,0
True,1.61987546218121,0
True,4.27618223266875,0
True,1.69660362011874,0
True,1.8776027573493,0
True,2.48194237049057,0
True,2.03925555970033,0
True,2.0265537469898,0
True,3.06110000755118,0
True,1.2694876638165,0
True,1.3268894214182,0
True,0.854413346235761,0
True,1.88926047570976,0
True,1.7773080998928,0
True,1.91613055931823,0
True,1.57564765127369,0
True,1.11498677968125,0
True,1.3991119206933,0
True,1.83031854264567,0
True,1.49706799986136,0
True,0.998525146567835,0
True,1.42685275524298,0
True,0.861722994917805,0
True,0.922948882309261,0
True,1.34857574651085,0
True,2.21052351485175,0
True,3.72210645300172,0
True,2.64190018310626,0
True,1.25123524045637,0
True,1.36161504064388,0
True,1.92585014915258,0
False,0,8.89734646614517E-05
True,2.54975476424641,0
True,2.62010852210366,0
True,1.44667908240952,0
True,2.95397606493124,0
True,2.1921767112501,0
True,2.65646804280756,0
True,1.02456090326126,0
True,1.32150469344714,0
True,1.23209621465649,0
True,3.54421285669893,0
True,2.98317190721107,0
True,2.56551698403049,0
True,2.6102241564961,0
True,0.760273465676252,0
True,3.16247168736211,0
True,1.81101623800641,0
True,0.957186301631965,0
True,1.67201234824486,0
True,1.98479468652499,0
True,2.34137806500972,0
True,3.39314442928658,0
True,1.44514064805084,0
True,0.923836386698354,0
True,3.27069547695433,0
True,2.19768160437234,0
True,1.42651944364186,0
True,2.8311290617657,0
True,1.33830571081265,0
True,1.92778478783317,0
True,1.76303068390352,0
True,1.16729300564526,0
True,1.31259218418037,0
True,0.977072174321606,0
True,2.78211874428592,0
True,1.82594455111835,0
True,1.32872221894976,0
True,1.61447196319192,0
True,2.12219645767594,0
True,1.46428627532581,0
True,0.945502289351398,0
True,2.10886872047293,0
True,0.965914460252158,0
True,0.551320303966124,0
True,1.79185249598327,0
True,0.948203928845487,0
True,2.49180056406254,0
True,1.57266569883354,0
True,2.62138882612497,0
True,3.61154058517829,0
True,1.44217750680197,0
True,1.96195870479823,0
True,1.9719116308757,0
True,2.03400936327137,0
True,3.33525755676935,0
True,0.780353777393527,0
True,1.80693228137079,0
True,3.0429984218417,0
True,1.32549818355445,0
True,2.00685917921988,0
True,2.4216447981302,0
True,1.30761639471571,0
True,1.25191297046321,0
True,1.96935660370384,0
True,2.93927557811789,0
True,1.03385474653372,0
True,1.61197005360603,0
True,2.55571381552925,0
True,2.46121621211982,0
True,1.48301354484217,0
True,0.584764374703364,0
True,2.5415071019218,0
True,2.11280620475062,0
True,1.73163795162285,0
True,0.962746790019188,0
True,2.60948851350927,0
True,1.37601791714738,0
True,3.11293582521495,0
True,1.36508462255141,0
True,2.86542766314002,0
True,1.57961748522937,0
True,1.20652438847407,0
True,1.09278260090213,0
True,2.44704199155623,0
True,1.81239922032102,0
True,2.15929338795467,0
True,1.51966274247975,0
True,2.2377924708721,0
True,1.3809624886328,0
True,2.26376916103108,0
True,1.74711083044596,0
True,1.01604896630873,0
True,1.10827873301162,0
True,1.71489462232982,0
True,1.2960880340865,0
True,3.49382411355029,0
True,2.8339752214103,0
True,1.58349186508541,0
True,1.52222653491502,0
True,3.33959731088019,0
True,2.11081193132736,0
True,1.92032130921534,0
True,1.60122656143872,0
True,3.49318010393919,0
True,1.82969483929711,0
True,1.74842872837857,0
True,2.14807117280076,0
True,1.54129226947617,0
True,4.60046471507475,0
True,3.02350736177226,0
True,2.00039949361615,0
True,2.18216040217076,0
True,1.61396374222338,0
True,1.20247782113291,0
True,2.11077298661339,0
True,1.17647310131914,0
True,2.26767177148399,0
True,1.49394980380428,0
True,3.30059226095142,0
True,2.80831709561043,0
True,3.92350995754834,0
True,3.50060796885372,0
True,1.38751626522064,0
True,1.80261030407641,0
True,2.08523214376622,0
True,3.89124119109474,0
True,4.14503508943865,0
True,1.93574222140286,0
True,0.921937439072788,0
True,2.24012249223008,0
True,1.68813883419996,0
True,0.865808385201027,0
True,0.578663961874361,0
True,1.33101035438125,0
True,1.82547920952579,0
True,0.552518769649516,0
True,2.89760848216692,0
True,1.27552272014358,0
True,2.50694632539877,0
True,0.571248901967817,0
True,1.20260559091987,0
True,1.29560375670559,0
True,2.61591498960095,0
True,3.43698395452042,0
True,2.41059846780053,0
True,2.30333570745243,0
True,1.80874335726439,0
True,3.79765219576385,0
True,1.8898539670291,0
True,2.19809963544281,0
True,2.42333944185039,0
True,0.935132837323621,0
True,2.68795741631331,0
True,2.31196973191688,0
True,0.78789358802285,0
True,2.06676111978357,0
True,2.73382265780981,0
True,1.90520034896107,0
True,1.01241002162159,0
True,2.77008540290114,0
True,3.08299680145731,0
True,2.97886575051302,0
True,1.61469529596341,0
True,2.04477608378779,0
True,2.66330574051856,0
True,1.51040512294571,0
True,2.05614600316782,0
True,1.93101216881967,0
True,1.25078224216447,0
True,1.81427956544853,0
True,1.29375351452502,0
True,2.88991087395709,0
True,2.35281038638417,0
True,3.27129150515067,0
True,3.70295406471442,0
True,2.2190155364074,0
True,1.66045190371226,0
True,1.81076291609821,0
True,2.11448543778584,0
True,2.07138120821677,0
True,2.7925619451206,0
True,2.25087557149356,0
True,2.00426131640573,0
True,0.967253239562044,0
True,1.3747927585261,0
True,3.35840251302699,0
True,1.670386667662,0
True,2.26353294601698,0
True,0.65138639712542,0
True,2.11639562364897,0
True,2.25047311498632,0
True,1.93065350146048,0
True,1.19118792106784,0
True,1.87234106331076,0
True,3.21351975912026,0
True,2.96856254516196,0
True,2.03185098648078,0
True,2.374666645886,0
True,1.56143701990984,0
True,4.18865787898122,0
True,3.06149976798999,0
True,0.899828228648738,0
True,2.33752750892777,0
True,2.68034168067524,0
True,2.77654263518842,0
True,1.36636654140314,0
True,1.48577984604198,0
True,3.15275521120229,0
True,1.49572683878822,0
True,1.52687229911193,0
True,1.16771579165629,0
True,2.24921985443931,0
True,2.59841903586974,0
False,0,0.000196538428037511
True,3.43877625103253,0
True,2.95080319997985,0
True,3.32202160699697,0
True,2.80107195737777,0
True,2.02892939642244,0
True,2.17287257465,0
True,3.53941059138044,0
True,3.27955486959184,0
True,1.36912901817062,0
True,1.47248799826399,0
True,1.1942480675829,0
True,3.57025699148866,0
True,3.89852449547991,0
True,1.48198390514718,0
True,1.77633053042514,0
True,3.74500023564334,0
True,1.30557969636257,0
True,2.63556831342115,0
True,3.33004332241014,0
True,3.43557686635311,0
True,2.34070438081826,0
True,3.67034692938542,0
True,3.36780639216352,0
True,1.53835914752844,0
True,1.12468441379165,0
True,2.0402211131298,0
True,2.66326460077468,0
True,3.38434624969654,0
True,1.86459808145363,0
True,1.4802114652565,0
True,2.89754498676895,0
True,2.02449423481112,0
True,0.881212124144938,0
True,2.0300285026052,0
True,1.67230209265692,0
True,1.10449652341096,0
True,1.76976899015113,0
True,2.31431872551294,0
True,1.97094691148627,0
True,1.22553196233041,0
True,1.76536693711716,0
True,1.24675878255425,0
True,3.23460464959624,0
True,3.7756657412544,0
True,1.72998747365247,0
True,1.42161644983857,0
True,1.55671798023817,0
True,3.3532309324647,0
True,2.6952729608402,0
True,1.70371407825292,0
True,1.75853457811686,0
True,2.02318528689694,0
True,3.0512403777163,0
True,3.14435683293605,0
True,1.76656766958714,0
True,1.66755860648969,0
True,1.94109503292707,0
True,1.34393250361805,0
True,2.29454705055484,0
True,1.58550279640535,0
True,3.17064829223461,0
True,1.73432768946783,0
True,1.97443924977762,0
True,1.59792778479579,0
True,0.877515437081434,0
True,0.913674889643448,0
True,2.21371009491989,0
True,2.60210701640918,0
True,1.98888049126097,0
True,2.26659333395665,0
True,1.91671464974806,0
True,1.71028927196617,0
True,2.02305764768832,0
True,2.88263970385031,0
True,2.32439405519271,0
True,1.1215518283783,0
True,0.851445376264763,0
True,3.26448944214583,0
True,4.39025418723938,0
True,1.34271679016739,0
True,1.51345034710134,0
True,1.45387597098717,0
True,1.42242885928222,0
True,2.51237122149771,0
True,2.76512483596843,0
True,2.00457003943476,0
True,2.37645431849697,0
True,1.32340057112975,0
True,2.30036245672166,0
True,1.63698963241574,0
True,1.1313489928865,0
True,1.11990729511102,0
True,1.21949071261354,0
True,1.81096208276362,0
True,0.996501975836114,0
True,2.6107614761447,0
True,1.24310954110854,0
True,1.16395056702186,0
True,2.63529538489684,0
True,0.785264494998131,0
True,1.43427708088674,0
True,3.49731281809479,0
True,2.52665425901607,0
True,1.31643727754054,0
True,3.17830406152738,0
True,2.23404529314621,0
True,1.18240591370401,0
True,0.85184951982402,0
True,1.17300107987229,0
True,1.88954592562655,0
True,1.78506503771711,0
True,2.80975308494814,0
True,3.08329776698429,0
True,1.96401483338436,0
True,1.35548121629845,0
True,1.22978040962746,0
True,2.14055570075892,0
True,2.60362571572472,0
True,3.48773741673685,0
True,3.6153316827949,0
True,1.40315275783002,0
True,1.39113365665993,0
True,1.83010528839656,0
True,2.28284186596355,0
True,1.66539424846073,0
True,0.527501326803489,0
True,1.09149266291244,0
True,1.08091482532231,0
True,1.90126111407868,0
True,3.10986146459001,0
True,1.81479402370415,0
True,1.56301291547106,0
True,0.726687804932101,0
True,2.56092631230289,0
True,1.09972118005869,0
True,1.66793262714255,0
True,2.44562394836581,0
True,1.56820759108129,0
True,1.63939842281045,0
True,0.837835202439599,0
True,1.81081221833219,0
True,1.47319727654817,0
True,1.45512197890206,0
True,2.55437019357748,0
True,1.34493864890065,0
True,2.50944513158917,0
True,2.96105572168828,0
True,3.67138105024964,0
True,1.26403798609522,0
True,2.01941925134923,0
True,1.62008888676071,0
True,1.1996295233484,0
True,2.14997978483653,0
True,1.77380469507716,0
True,1.03574543446685,0
True,1.04712079198942,0
True,2.40352356956665,0
True,1.47029657276701,0
True,2.2745246940981,0
True,1.12569896042802,0
True,1.99331186182935,0
True,1.33248565874653,0
True,2.39765516904121,0
True,3.37582034294714,0
True,1.37817443774538,0
True,2.21612574654513,0
True,1.23387766540274,0
True,2.83183086831303,0
True,3.5407158567842,0
True,0.903413216977938,0
True,1.46661154927335,0
True,2.12563367237106,0
True,4.43465049570459,0
True,1.41562762789189,0
True,2.86648223082882,0
True,0.940030488373777,0
True,3.74228177144114,0
True,3.90780546463294,0
True,2.32233476136556,0
True,1.46848113881678,0
True,0.727815206906726,0
True,1.20800597536041,0
True,1.22409171863176,0
True,2.01245116303368,0
True,2.350361819459,0
True,0.969242717486269,0
True,0.782260187972383,0
True,2.92766783346968,0
True,1.29964040317423,0
True,3.50076666123472,0
True,3.01644216206381,0
True,0.649360225526288,0
True,2.74022311608389,0
True,2.06295961347987,0
True,0.961015796480076,0
True,1.22238482410645,0
True,1.87705359831413,0
True,0.619568086053449,0
True,2.6641324006945,0
True,2.13284334744962,0
True,2.59603214765674,0
True,1.80077583015359,0
True,1.98060592791807,0
True,0.970564816728,0
True,1.49519030076865,0
True,1.31608014692765,0
True,2.26185818834858,0
True,0.844335470789352,0
True,1.10226970061664,0
True,0.972217008395625,0
True,1.29705904206131,0
True,2.24594665635994,0
True,1.82801637698975,0
True,1.77229607470324,0
True,2.12479055926734,0
True,0.62374611171439,0
True,1.95502314276394,0
True,3.15551109902512,0
True,1.35622497596983,0
True,2.23444486909136,0
True,1.0318030375651,0
True,1.1316367564699,0
True,2.66666235986739,0
True,2.43358424824667,0
True,1.40666026397537,0
True,3.73253976366887,0
True,2.5849482111597,0
True,1.26230519103386,0
True,2.9130230019378,0
True,1.2731029689648,0
True,1.66009008890711,0
True,2.72989984836274,0
True,1.90447177184472,0
True,1.88396899202457,0
True,3.68594760884787,0
True,4.13651763204131,0
True,1.73257852436372,0
True,1.03336748646811,0
True,1.98883721772151,0
True,1.69953498282546,0
True,3.27402000993098,0
True,1.84504656505039,0
True,2.73571040351762,0
True,2.96351222416211,0
True,1.90294173585764,0
True,1.72049811109398,0
True,1.34239562935451,0
True,0.832417128985587,0
True,1.72578757703216,0
True,2.26338009355392,0
True,3.20044426716027,0
True,1.79439932401772,0
True,1.06171751633952,0
True,1.07395143084073,0
True,1.88662390226488,0
True,1.66989158050812,0
True,1.46258283681218,0
True,1.1950880232302,0
True,2.53863897584284,0
True,1.05504196694041,0
True,0.887786105195418,0
True,3.49630149817287,0
True,1.83066632062783,0
True,1.89843496768237,0
True,2.40299906553091,0
True,1.80324148850768,0
True,0.81620721198546,0
True,0.610324174212436,0
True,2.63182998424864,0
True,2.22435140442142,0
True,2.00521652057172,0
True,1.2675448034934,0
True,2.22785359129947,0
True,1.35893076350582,0
True,2.94878392751554,0
True,3.19074500020525,0
True,2.83116599203851,0
True,0.951260383853618,0
True,2.13990987100991,0
True,2.30199827056612,0
True,1.98983663448543,0
True,2.52816418642414,0
True,2.422390873288,0
True,2.36785845585573,0
True,1.96020359678,0
True,1.2289411859933,0
True,1.61309754233356,0
True,1.98725169588193,0
True,1.02463783973195,0
True,2.51970029393224,0
True,1.49599497840093,0
True,1.70750968668986,0
True,3.03808858069767,0
True,1.65067494292602,0
True,2.37220585537146,0
True,2.71527839501306,0
True,1.92943361969836,0
True,1.71043003035771,0
True,1.07278196275866,0
True,2.43846395809575,0
True,1.57775870624715,0
True,1.02157184244619,0
True,1.22519861384068,0
True,1.75708965630886,0
True,0.916358136125984,0
True,3.02322485990919,0
True,4.26564536259531,0
True,2.92505906262946,0
True,1.30168143902397,0
True,0.931310092627369,0
True,2.54349230983063,0
True,2.14364981226932,0
True,1.91285231139671,0
True,2.63404898380666,0
True,4.31460631846755,0
True,2.95502786861911,0
True,3.38146314904424,0
True,2.54816662605508,0
True,0.896975083918541,0
True,1.39248888261995,0
True,2.44441061634962,0
True,1.54145016660128,0
True,1.80386438070472,0
True,3.08134615289022,0
True,3.32104460860519,0
True,1.58687825267589,0
True,1.17625924958132,0
True,1.92906999279608,0
True,1.38958512784242,0
True,2.28937057606418,0
True,1.90377157078745,0
True,0.766368670101542,0
True,3.91733354321996,0
True,1.29055308679911,0
True,1.10779399308078,0
True,1.93721207341661,0
True,1.73663816668761,0
True,0.789839182982757,0
True,1.05439683636239,0
True,1.33677796304974,0
True,2.73327538025966,0
True,1.43043522253761,0
True,1.00847840807244,0
True,2.21033427739089,0
True,2.11092978718696,0
True,3.02555608082201,0
True,0.887922065738316,0
True,1.80351301204243,0
True,2.78919877087059,0
True,4.44483758410844,0
True,1.46947880026671,0
True,1.85052798136299,0
True,3.16048430092653,0
True,1.9858878481116,0
True,1.82694766111883,0
True,1.59081415201912,0
True,1.30058353336434,0
True,1.62311081184926,0
True,2.03267937803778,0
True,1.2652097960049,0
True,0.600014284105517,0
True,1.32646554801708,0
True,2.4148258360511,0
True,2.16017305486043,0
True,2.14829159289753,0
True,2.0503504272642,0
True,2.52633588232974,0
True,1.175560661566,0
True,2.32211319664778,0
True,3.15524718458025,0
True,3.40367134892337,0
True,4.206259219468,0
True,0.66801840427047,0
True,3.5025972257274,0
True,2.14816093404888,0
True,1.93343851217534,0
True,2.01261632933427,0
True,1.51317798482819,0
True,2.47347021595957,0
True,1.13612252598598,0
True,1.0277718882592,0
True,1.05176703373784,0
True,0.967512425620955,0
True,1.94179305767089,0
True,3.67565003546486,0
True,2.2623042129932,0
True,3.09764624710828,0
True,2.70387020671231,0
True,1.48579636356937,0
True,1.1384141844547,0
True,1.26325500763061,0
True,3.01081587051983,0
True,2.76064853269492,0
True,2.56400313121714,0
True,2.03156595815122,0
True,2.08365137000905,0
True,2.48948059615825,0
True,1.66713563331155,0
True,2.58823814606269,0
True,1.03874339042963,0
True,2.51909229396412,0
True,3.18453733705729,0
True,3.76072772151231,0
True,1.82380107157247,0
True,2.488746596531,0
True,2.37657104060717,0
True,2.19116000599153,0
True,3.36060686003182,0
True,1.41097564131456,0
True,1.59452262534726,0
True,1.58964414171861,0
True,2.30977360565646,0
True,1.91762218470647,0
True,1.86813022015523,0
True,1.97884147109053,0
True,1.94353991922135,0
True,1.13439006845198,0
False,0,0.0012473434028851
True,4.45380740620004,0
True,1.11589717168603,0
True,0.843261588330501,0
True,1.93014960698268,0
True,2.31928741196925,0
True,2.85660936608581,0
True,2.04630051329216,0
True,1.29685557498935,0
True,1.33698140682628,0
True,2.30870943327019,0
True,1.47242033659273,0
True,1.01170701610504,0
True,1.37183576355521,0
True,1.22722816455545,0
True,2.04245396084784,0
True,2.2358859412421,0
True,2.513445677733,0
True,1.53362415968968,0
True,1.2224400590212,0
True,1.81145918796981,0
True,1.95339425971591,0
True,1.18819102676205,0
True,3.66743564380932,0
True,0.964811589992473,0
True,1.38989347493574,0
True,1.97679501555057,0
True,1.61091294011246,0
True,4.32165906541174,0
True,4.15432890695966,0
True,1.94190157179936,0
True,2.08683238185843,0
True,1.22836204979079,0
True,0.987247113984261,0
True,1.46384173311905,0
True,1.49750970091559,0
True,1.49473903274906,0
True,2.15625223419692,0
True,1.34843249562002,0
True,2.88764510700271,0
False,0,0.000603089288923481
True,1.33694291432606,0
True,1.09868631322655,0
True,2.99808014730088,0
True,1.66037474304794,0
True,1.47451953586489,0
True,1.56862895145791,0
True,2.99648194059586,0
True,2.02658723794488,0
True,2.27872878146378,0
True,2.80029461766998,0
True,2.21669541179969,0
True,1.46928482215095,0
True,1.41104977166471,0
True,1.38629957846994,0
True,2.43587734752399,0
True,4.10546665498036,0
True,1.77401046574954,0
True,0.751941740138945,0
True,2.95840703409682,0
True,3.19510419575705,0
True,1.21876318867891,0
True,0.896937587964198,0
True,0.994968089306219,0
True,1.23826406146316,0
True,2.18890523966146,0
True,1.19858046047024,0
True,3.36746894718518,0
True,1.87362810800017,0
True,0.845131548828674,0
True,1.52581304298107,0
True,2.09014410453529,0
True,1.89883446422304,0
True,1.82500171181781,0
True,1.52435770505815,0
True,2.14756524521817,0
True,2.28247579660737,0
True,1.41274447539891,0
True,0.637492675727022,0
True,1.45703171141483,0
True,1.40235264955297,0
True,1.90362346720324,0
True,2.07078031703538,0
True,1.3837441769923,0
True,1.42297368647922,0
True,1.47729431343916,0
True,2.27406236865842,0
True,1.46881400698847,0
True,1.86760749361176,0
True,1.39789194042507,0
True,1.73676593147247,0
True,3.14821269001941,0
True,3.13526304407926,0
True,1.64787104561884,0
True,0.994625395459623,0
True,2.58268645127913,0
True,2.660972359284,0
True,1.2463130858205,0
True,1.13668547096092,0
True,1.04688847186571,0
True,1.31617626633078,0
True,1.55979194951575,0
True,1.63413765488146,0
True,0.667010350292642,0
True,1.03727354009402,0
True,0.683831350046272,0
True,1.10457581268655,0
True,1.22773649503053,0
True,2.71643864747093,0
True,1.93471593790328,0
True,1.29565492731649,0
True,3.03617507254474,0
True,1.09182744125783,0
True,1.16102303656626,0
True,2.78946842647273,0
True,1.65424666469811,0
True,0.515276093588387,0
True,3.75924890023956,0
True,4.16128655467975,0
True,1.30717006090266,0
True,2.42354712098327,0
True,1.23825157958357,0
True,1.92198468666948,0
True,1.23901024646133,0
True,3.38720185325383,0
True,2.21731642845866,0
True,3.87778782578308,0
True,3.35516819294355,0
True,1.52634672762264,0
True,1.81983259305349,0
True,3.03497412889304,0
True,1.56155217112028,0
True,0.823940691910923,0
True,1.76375318149984,0
True,2.75259083148123,0
True,2.31639700689218,0
True,3.16986347992547,0
True,3.22803985450888,0
True,2.60137063122817,0
True,1.67997952916072,0
True,3.54253827869556,0
True,1.54436679102746,0
True,2.83169341733304,0
True,1.52634033827782,0
True,3.06457829346059,0
True,1.48176505750056,0
True,1.05128828789711,0
True,1.58071938084633,0
True,1.4249332196115,0
True,3.44533961921101,0
True,4.21730735976528,0
True,2.12507035654013,0
True,2.20405066264066,0
True,2.63942102087935,0
True,1.82659104340877,0
True,2.73268933975734,0
True,1.72323436705637,0
True,1.3373824502575,0
True,1.64805308967554,0
True,1.33256027531886,0
True,2.43643899133261,0
True,1.6294900503855,0
True,1.2152746423943,0
True,2.20703999225481,0
True,1.89099845217744,0
True,1.89279941129585,0
True,1.53045253561457,0
True,0.671512626198646,0
True,0.94633264949933,0
True,1.10156910254885,0
True,1.58563710960216,0
True,0.774633069842171,0
True,1.30746071826288,0
True,1.8599811568648,0
True,1.05166414450112,0
True,1.29167959218848,0
True,1.50626822282519,0
True,0.768876937059594,0
True,2.25120322353168,0
True,1.85604782493854,0
True,1.37848884642216,0
True,0.808420646481973,0
True,3.37883959441427,0
True,3.67572872889392,0
True,1.57314069566899,0
True,1.99167890508803,0
True,1.52698815559376,0
True,1.14368782150335,0
True,1.49195985973648,0
True,1.95661051202267,0
True,1.65395188268186,0
True,2.78766043661929,0
True,4.54557006696612,0
True,2.54894612483883,0
True,0.669276858318746,0
True,2.16046607322695,0
True,1.17866497177492,0
True,1.80512030918792,0
True,0.991266558978502,0
True,1.28886826194795,0
True,1.3888991057663,0
True,2.11301239893425,0
True,3.02006904720625,0
True,1.80456816433686,0
True,1.95680496355046,0
True,1.85064734549395,0
True,1.34723551090018,0
True,2.19635833794691,0
True,2.68866060386253,0
True,3.70875228718644,0
True,1.18678636437841,0
True,1.33702008180423,0
True,3.02119910463104,0
True,1.68025349494908,0
True,1.013042619334,0
True,1.06607033190039,0
True,0.666415999259508,0
True,1.97213829329654,0
True,2.18084125365758,0
True,1.16596444912168,0
True,2.73947194375788,0
True,2.47382825336719,0
True,3.75945619814628,0
True,2.75004163052867,0
True,1.10288483331599,0
True,1.25927573806476,0
True,3.27407329767027,0
True,2.93728766341087,0
True,1.10532289435018,0
True,2.05025566437681,0
True,1.726697833999,0
True,2.83481939657556,0
True,1.99421170283344,0
True,2.00408538104047,0
True,1.48045276877767,0
True,2.00121105509988,0
True,1.55158008609389,0
True,1.78558475483669,0
True,3.68332412163412,0
True,2.15344215179467,0
True,2.48913083046078,0
True,2.02058301254682,0
True,1.77662126631659,0
True,2.20280301852693,0
True,1.70364386770819,0
True,1.71367629271677,0
True,2.46761438696853,0
True,4.13137203963521,0
True,0.892446695704712,0
True,1.15062227102252,0
True,2.41791489649726,0
True,2.2192458085493,0
True,2.14816481483648,0
True,1.8800807172499,0
True,0.85431885095234,0
True,1.42584732768253,0
True,2.84201605169947,0
True,2.24876058279503,0
True,1.50571808069365,0
True,2.31879691084163,0
True,1.3043270307434,0
True,1.79747677766633,0
True,1.52638643332663,0
True,1.48944315597685,0
True,1.71027029911013,0
True,3.33834845687058,0
True,1.77574854667907,0
True,1.51046618257426,0
True,1.65521577233869,0
True,2.39007173289439,0
True,1.4222612557711,0
True,1.46965835221628,0
True,2.15199721463594,0
True,1.25613259002236,0
True,1.71390180114319,0
True,0.901992227296568,0
True,2.16798360249419,0
True,1.83862705083409,0
True,1.63553455891503,0
True,1.36201866081319,0
True,2.21790682520897,0
True,1.82900144241744,0
True,1.07454400119398,0
True,1.62478539140077,0
True,1.99806064477311,0
True,1.01346826700111,0
True,0.911013744905883,0
True,2.3263552808469,0
True,1.50680229186462,0
True,3.15925953295369,0
True,3.21353707421841,0
True,1.63416260165941,0
True,2.42582441255504,0
True,1.73798807180686,0
True,1.5642323879356,0
True,1.60995330319759,0
True,1.51065284787511,0
True,2.48403007491221,0
True,3.08422301344469,0
True,1.3390071290741,0
True,2.58387130212791,0
True,1.90459971201677,0
True,2.97092870259926,0
True,1.62530154911173,0
True,1.73628860263773,0
True,0.869125090975643,0
True,3.44589598646271,0
True,0.730749197085929,0
True,2.10231423693126,0
True,2.03737435193567,0
True,1.12931256121234,0
True,1.67363667868458,0
True,0.903690064308644,0
True,3.69506834904205,0
True,1.33795402460669,0
True,2.04599798741666,0
True,1.76505363892586,0
True,1.16868328057519,0
True,1.61499424044856,0
True,1.40843698313215,0
True,0.875393666957775,0
True,1.34969519712749,0
True,1.48478220898093,0
True,1.26625432292843,0
True,4.06858264795166,0
True,1.26080439517107,0
True,1.99432160303171,0
True,1.09418256646178,0
True,1.52672168086181,0
True,1.68590602787626,0
True,1.70085358467292,0
True,1.82675297728158,0
True,2.48453356651331,0
True,1.34650477554067,0
True,3.21285801500593,0
True,3.58284453964024,0
True,2.09049715225426,0
True,2.69545202312422,0
True,4.50268545236582,0
True,2.08706748794867,0
True,0.773123204728403,0
True,0.479443105968625,0
True,3.4967615046616,0
True,1.55481305069166,0
True,3.74215507833336,0
True,3.30998783760571,0
True,1.06508005557542,0
True,2.57905321261036,0
True,2.35616981327708,0
True,0.848359552878346,0
True,3.12334713977322,0
True,1.03986870000943,0
True,1.25960352009152,0
True,2.57801111953709,0
True,1.0036777664926,0
True,2.95483107917584,0
True,0.919729466103555,0
True,1.87793842412946,0
True,1.90520213924095,0
True,0.838181044332516,0
True,1.44429865749101,0
True,0.613463045512869,0
True,3.54376314431742,0
True,1.35409309185459,0
True,1.13334698551113,0
True,1.38314360024094,0
True,1.36947010458167,0
True,2.69081325765319,0
True,0.849728410590965,0
True,1.38886415978877,0
True,2.05284456840775,0
True,2.52121685836037,0
True,1.52186539965771,0
True,1.185431655235,0
True,3.07907152731361,0
True,2.78096480368883,0
True,1.20474429079954,0
True,2.29408966769083,0
True,3.99421721895732,0
True,1.02781795688454,0
True,0.791927127011708,0
True,2.20751465762725,0
True,1.91782525507027,0
True,3.02920480235982,0
True,2.90197489432909,0
True,3.19073574157272,0
True,3.27543767192106,0
True,3.74736026052218,0
True,2.46812019434099,0
True,2.0222942388156,0
True,1.74243091478569,0
True,0.609536999744643,0
True,1.72233936320813,0
True,2.60441964097983,0
True,2.22456225680314,0
True,1.46840227934207,0
True,2.58234674079872,0
True,2.65930605968743,0
True,2.46058219502577,0
True,1.94824164868308,0
True,1.3457636047423,0
True,1.17862452799327,0
True,1.75005740595297,0
True,1.79373491880363,0
True,1.83215169015208,0
True,1.7362580814329,0
True,1.94614189105439,0
True,1.05789203197278,0
True,0.664603667277437,0
True,1.56567877666026,0
True,1.22801616285479,0
True,2.51378848765297,0
True,2.19782283240168,0
True,0.983436862391425,0
True,0.909566747120658,0
True,1.17283197251364,0
True,3.75843564687376,0
True,2.6049929076803,0
True,1.02649375504903,0
True,3.28608624220263,0
True,2.6232206537757,0
True,2.06181205303475,0
True,1.62583509421584,0
True,3.55403946719078,0
True,1.80980948947841,0
True,1.8110634690248,0
True,2.65636397734553,0
True,3.16465186172231,0
True,2.58954465363808,0
True,1.99199829243813,0
True,3.13209489595102,0
True,2.60655944431305,0
True,1.74595106260666,0
True,2.39684970926088,0
True,2.35583100443845,0
True,3.32386342145866,0
True,2.33738729620543,0
True,2.62948431160175,0
True,1.63012828988764,0
True,0.690743064324946,0
True,0.848516490160907,0
True,1.14340741792079,0
True,1.32858566542493,0
True,1.38603123757946,0
True,1.27543370849738,0
True,3.82486791733709,0
True,0.659885905498552,0
True,2.53139499959309,0
True,2.1125007761546,0
True,1.67720910241985,0
True,1.39076565235996,0
True,1.12683087684289,0
True,2.37730904948373,0
True,1.18405444540599,0
True,1.71761874403165,0
True,1.87180331184782,0
True,1.80475927740616,0
True,1.87114832341916,0
True,2.39884987803655,0
True,1.46522656531898,0
True,1.9920094705697,0
True,1.97613393421955,0
True,1.69494377885376,0
True,3.63211630769446,0
True,2.41870458329254,0
True,1.50919012764378,0
True,1.87188005242301,0
True,2.00716201006649,0
True,2.76744151273173,0
True,2.92846634759716,0
True,3.78311824267036,0
True,2.47073968674527,0
True,2.205848274372,0
True,1.83205977380197,0
True,4.10867759407489,0
True,4.26602797746375,0
True,1.25734813668711,0
True,1.90719447680551,0
True,1.14475641571,0
True,1.75569866381879,0
True,2.75584615747282,0
True,1.95998351122165,0
True,4.00883884527089,0
True,0.923556360030675,0
True,1.99244389794415,0
True,2.12074835603862,0
True,1.62816389863604,0
True,2.84205765198564,0
True,1.06798033144717,0
True,1.93009851902949,0
True,3.39055331014936,0
True,2.40813477765344,0
True,2.14089936821251,0
True,2.83179576299457,0
True,3.25248122011496,0
True,2.83660450371763,0
True,2.60502952279689,0
True,1.01779728379697,0
True,2.24121433769778,0
True,2.08191788826952,0
True,1.80902074479017,0
True,1.43860751645487,0
True,2.44512643165107,0
True,2.51664455768438,0
True,1.35436836954869,0
True,1.0479924655373,0
True,1.97209173993278,0
True,1.49642640027268,0
True,1.77356304892481,0
True,1.42711420176146,0
True,0.926607007718936,0
True,1.27591965431725,0
True,2.76945931140031,0
True,1.88993099960704,0
True,2.16612342305269,0
True,2.14458342549376,0
True,1.86017100629544,0
True,2.54129009323894,0
True,0.569231596914066,0
True,1.21549602914505,0
True,1.41593544148334,0
True,2.77207448000853,0
True,1.76043584201974,0
True,2.47523464870129,0
True,3.85785616370371,0
True,3.2255798509717,0
True,3.20253250160308,0
True,3.53441432234159,0
True,3.35624439558678,0
True,2.03578506235058,0
True,2.01943580533164,0
True,2.85136533571725,0
True,1.29544168014007,0
True,2.32387198130899,0
True,0.875096628717155,0
True,2.46394866214775,0
True,2.01738689539889,0
True,1.87245404444236,0
True,1.58957024969974,0
True,1.23688467427583,0
True,2.08037485884583,0
True,0.923541114663572,0
True,2.17387530562359,0
True,4.55046285999047,0
True,1.91924045021696,0
True,2.60340532221,0
True,2.8547744922744,0
True,1.1323441674782,0
True,2.31183437489603,0
True,0.897529842924856,0
True,1.47225010773182,0
True,0.336797583359639,0
True,1.43396172825233,0
True,3.13694966813215,0
True,4.23679681263756,0
True,2.39835401435304,0
True,1.54830811082586,0
True,2.16444890415727,0
True,3.01548695291316,0
True,1.78488498376095,0
True,1.12375764114904,0
True,2.27572807426337,0
True,1.65256971834835,0
True,2.00130503745454,0
True,1.85754225801901,0
True,1.19700596845472,0
True,0.957325064643938,0
True,1.97598355771999,0
True,0.776091182200129,0
True,1.90804202136015,0
True,2.51952301615614,0
True,2.18706726339098,0
True,3.72034615094458,0
True,1.36688706281068,0
True,1.14632745739692,0
True,0.877950964913196,0
True,1.34926689672614,0
True,3.30267410408433,0
True,2.99841133582998,0
True,3.06056380547459,0
True,2.59509524449337,0
True,0.848245036978762,0
True,0.927099335165697,0
True,1.98524399385143,0
True,1.04920334124725,0
True,1.61747480515762,0
True,1.83420244890439,0
True,1.39045133834807,0
True,1.62097986714731,0
True,1.29314526502864,0
True,1.53784460679805,0
True,1.28988000503669,0
True,1.0635814701933,0
True,1.77753982152477,0
True,2.50340839429559,0
True,1.1948509000951,0
True,0.877820862129168,0
True,3.47172478328856,0
True,1.91697342017905,0
True,3.65091420633907,0
True,0.492827284230083,0
True,2.16060330195131,0
True,3.1425783558542,0
True,3.02364973181221,0
True,2.37255855381788,0
True,1.65166701368068,0
True,1.61977155755745,0
True,1.82529892366304,0
True,3.42031215905142,0
True,2.741550364798,0
True,1.43304923458303,0
True,3.03081880510162,0
True,1.62055778813224,0
True,1.35878256698982,0
True,2.62287269360728,0
True,1.78363900344701,0
True,1.66232814315357,0
True,3.04353646036476,0
True,0.732705938366289,0
True,0.668712471049576,0
True,3.13794917355205,0
True,1.81181651889495,0
True,1.90825895019013,0
True,1.15842922707749,0
True,3.03157312527629,0
True,1.82323609363374,0
True,1.75626812278556,0
True,2.52479370930116,0
True,2.71106727943399,0
True,2.02603808614058,0
True,0.683068011556039,0
True,1.60363753021445,0
True,1.08281310415177,0
True,1.61538257746806,0
True,1.24603086979668,0
True,1.32503928674644,0
True,1.55589409694628,0
True,1.26937213412519,0
True,1.4199018185114,0
True,2.8872349331395,0
True,3.2010427598611,0
True,2.92884938341723,0
False,0,0.000313108739370893
True,4.08730238908325,0
True,3.48340791740442,0
True,1.50928306258252,0
True,1.94346311104137,0
True,1.61045915882668,0
True,1.97150772457118,0
True,2.39743099999925,0
True,2.03476983797466,0
True,1.77933356306581,0
True,1.3864482833512,0
True,4.12426686108197,0
True,2.38873371574665,0
True,4.54647089769479,0
True,3.10842261798552,0
True,3.90564530334898,0
True,1.21684056488848,0
True,0.810362652561433,0
True,1.07663871339512,0
True,2.12538544095855,0
True,1.87042922023171,0
True,1.81392066478202,0
True,1.18787813823023,0
True,2.16250120965485,0
True,1.28550766619383,0
True,1.58533977694694,0
True,2.1477678900679,0
True,1.0608078634785,0
True,1.08779502477699,0
True,1.3940367762272,0
True,1.18981354223674,0
True,2.36760247509357,0
True,1.38086948976035,0
True,1.50716693783666,0
True,0.878109463420024,0
True,2.22086250781379,0
True,1.59186926591775,0
True,1.05481050612059,0
True,1.77704263300151,0
True,1.01964868252586,0
True,1.3416228547913,0
True,1.06748599795117,0
True,1.38556184607927,0
True,1.16240480014004,0
True,1.56772326099283,0
True,2.75472490963025,0
True,2.46689779432002,0
True,0.895727605936274,0
True,1.27418330787635,0
True,0.787245589213706,0
True,2.27144259627492,0
True,2.10676818687812,0
True,3.69172680692802,0
True,3.61079417645552,0
True,4.03311528846422,0
True,1.59599694877993,0
True,1.54382760566487,0
True,0.876645330657872,0
True,2.33062303894689,0
True,2.42661448383975,0
True,2.94466187600363,0
True,1.73172405221484,0
True,1.38918566712303,0
True,0.798053978900055,0
True,2.25635555879375,0
True,1.99563183296109,0
True,1.7014747813198,0
True,2.18126247037973,0
True,2.43501898298641,0
True,1.31394446158905,0
True,0.649596982155962,0
True,2.60518073346157,0
True,1.06352606776017,0
True,0.854501000555059,0
True,2.00504112433436,0
True,1.27066868202961,0
True,1.16664366146838,0
True,1.74378792236293,0
True,1.07378847626314,0
True,3.91898738129846,0
True,3.83899065347044,0
True,3.3855325854557,0
True,2.34945128695608,0
True,1.33685490016287,0
True,2.02533766547823,0
True,1.94689465155611,0
True,3.17290202735916,0
True,1.31334250337382,0
True,1.57816310104303,0
True,1.07916783203929,0
True,2.78544177175514,0
True,2.98968738968086,0
True,1.56094159274854,0
True,0.98765500874986,0
True,1.05521858675754,0
True,1.725982336218,0
True,2.29275227855954,0
True,4.24863369915655,0
True,1.14527097537199,0
True,2.13411444099001,0
True,2.11878539667622,0
True,1.35677653153659,0
True,0.896128189267152,0
True,1.36518893284685,0
True,1.57035033119716,0
True,1.28452184296681,0
True,1.16482483193312,0
True,2.50490632843318,0
False,0,9.53255852948559E-05
True,3.84875951882506,0
True,4.11127558369883,0
True,1.25120504476134,0
True,1.4925310582808,0
True,1.79812840112485,0
True,2.76685734083181,0
True,1.91423352648698,0
True,2.00161624514483,0
True,3.06106934962636,0
True,2.55973891048398,0
True,2.18813071210369,0
True,1.56887705593814,0
True,2.979362568804,0
True,2.22070803565726,0
True,3.3316499429424,0
True,0.708472910232614,0
True,3.15092399668516,0
True,2.80921976636919,0
True,2.27011982408684,0
True,1.63357941374878,0
True,1.41865172775429,0
True,1.82546613393486,0
True,1.40023514714504,0
True,3.71620640908781,0
True,1.76912874125103,0
True,1.17631219021042,0
True,3.79431021705833,0
True,2.74237917969517,0
True,2.78448373165128,0
True,3.54522629398663,0
True,1.71238363849721,0
True,1.37559077551221,0
True,3.57976523802514,0
True,3.10662851725774,0
True,1.1318733809499,0
True,0.939389720944823,0
True,1.83254626343474,0
True,2.07289807286189,0
True,1.70506411514378,0
True,2.10888654727103,0
True,1.89192844722621,0
True,1.31135427001587,0
True,2.53743603598347,0
True,1.43686901056654,0
True,1.73629894933645,0
True,1.78730162133807,0
True,2.0569800303376,0
True,2.40210676758146,0
True,0.868057459144957,0
True,1.7512793358674,0
True,2.21354476734941,0
True,1.24957313454114,0
True,3.90944936831267,0
True,1.20235178806613,0
True,2.3447608243942,0
True,1.98458385233389,0
True,2.25065892519446,0
True,3.21693702403185,0
True,0.822295644666559,0
True,1.13679999728647,0
True,1.36986428438014,0
True,1.18755613793802,0
True,1.57094196184413,0
True,1.74961539248831,0
True,2.79559580444489,0
True,3.62479928450711,0
True,3.09771476546704,0
True,3.65176518484259,0
True,1.09704387482857,0
True,2.53263474968968,0
True,4.39935024519298,0
True,3.57871803461406,0
True,2.46105608550715,0
True,1.84853533534115,0
True,1.4936381485171,0
True,1.86128980577354,0
True,1.44597021114432,0
True,1.86684055002654,0
True,3.60305226715392,0
True,1.68011189273631,0
True,1.17185203454911,0
True,0.547961645508499,0
True,2.35345699472646,0
True,1.34142351907176,0
True,3.55275113743144,0
True,0.922469663961753,0
True,2.4221883411283,0
True,1.02133781750558,0
True,3.99343232016351,0
True,1.86462325528509,0
True,1.14563266666908,0
True,1.98990869325693,0
True,1.09402108186453,0
True,1.0713896796954,0
True,0.853606288798388,0
True,1.27735696766984,0
True,1.89196371650298,0
True,2.28208378568773,0
True,1.62383233786678,0
True,2.97227356623635,0
True,2.53492119582308,0
True,1.77208608807524,0
True,1.17956188552404,0
True,2.27939244101762,0
True,2.57546655609196,0
True,3.06635104515799,0
True,2.24259561655233,0
True,0.908308532070815,0
True,3.87286900758787,0
True,2.1967193464917,0
True,0.982009897217066,0
True,2.19945585871543,0
True,2.54558198780104,0
True,0.804218328460821,0
True,1.69096758877149,0
True,4.36426763095769,0
True,1.39145934211176,0
True,1.02673462650202,0
True,3.98110110239667,0
True,2.61994769786666,0
True,2.3254154030316,0
True,1.60541673883453,0
True,1.97564456736366,0
True,1.76717112746602,0
True,2.54269264704329,0
True,3.33831287375812,0
True,2.0013271026927,0
True,1.50913106963962,0
True,3.45505937620048,0
True,1.43420761574691,0
True,1.3748498472704,0
True,2.40130066756266,0
True,2.61464775904074,0
True,2.6805380776773,0
True,1.73319740507214,0
True,0.888354434445567,0
True,2.49618407343601,0
True,2.59211395546006,0
True,2.56215038630942,0
True,3.29240210320334,0
True,2.11150740367109,0
True,2.2553737251376,0
True,1.67054649445687,0
True,1.51367744642275,0
True,1.14344352419167,0
True,1.52060843265121,0
True,1.15315098453848,0
True,2.21548726406219,0
True,0.696729229332553,0
True,1.52800950136196,0
True,1.459779519921,0
True,1.80255404342187,0
True,1.13516528294536,0
True,3.8850238047772,0
True,3.4288505693785,0
True,1.888330322861,0
True,1.01190136369403,0
True,1.19276659876102,0
True,1.03242502435101,0
True,0.915418843128636,0
True,2.84732158330449,0
True,0.856793668892125,0
True,2.6591006122507,0
True,1.49556170721877,0
True,2.93667958855995,0
True,1.59082312709358,0
True,3.13603546056768,0
True,1.52177145850047,0
True,0.77416429748767,0
True,0.610471759126339,0
True,1.46408269628055,0
True,2.09987475344568,0
True,1.29027476591773,0
True,3.6264928143467,0
True,2.27067068821562,0
True,1.03629829309949,0
True,1.08012131050089,0
False,0,0.000103399236385104
True,2.25916889918785,0
True,1.23025054358328,0
True,3.05935737196362,0
True,1.48498250207406,0
True,1.3573633908872,0
True,1.43686750209481,0
True,1.78233555763476,0
True,3.19255207666613,0
True,2.1385172847599,0
True,1.40755069398504,0
True,1.87919992153466,0
True,2.00546766702109,0
True,2.11457806526427,0
True,2.65982485145055,0
True,1.13512341577233,0
True,2.87711909619738,0
True,3.49053226219528,0
True,2.00935803326491,0
True,1.15669550477269,0
True,2.69152330208991,0
True,1.93563250072165,0
True,1.68559286955582,0
True,2.09226225334666,0
True,2.04443323674718,0
True,1.16266377203372,0
True,0.949548705979055,0
True,4.66220389471258,0
True,4.25852627606239,0
True,2.41748893617929,0
True,1.22615117681423,0
True,2.08481915006464,0
True,2.39345398768024,0
True,3.08019846174538,0
True,1.65214100456762,0
True,1.66449993490452,0
True,1.17677119784819,0
True,1.03286329948467,0
True,2.0688661500139,0
True,2.05586523545807,0
True,1.34653539958851,0
True,2.50256607826993,0
True,2.07293648398511,0
True,1.57972294919145,0
True,1.97403294518395,0
True,1.74090112408877,0
True,2.00352529473482,0
True,1.48941503048307,0
True,1.100754583899,0
True,1.31246159680043,0
True,2.81533905460241,0
True,1.42027412584167,0
True,0.995069550605466,0
True,2.42388892982863,0
True,3.44342159050619,0
True,2.33881813137435,0
True,2.66713936727186,0
True,3.33634856974898,0
True,3.30347112313324,0
True,4.75150448871338,0
True,3.96806704832086,0
True,1.65395506127656,0
True,1.42127640815648,0
True,1.07509774081433,0
True,1.58598400664301,0
True,3.34508788198466,0
True,3.53652563077118,0
True,1.79498616091108,0
True,2.90734768504161,0
True,1.71246111189841,0
True,1.00766288920788,0
True,1.99479474402955,0
True,1.36263523732674,0
True,2.30148594162658,0
True,1.19895244257641,0
True,1.95029225168671,0
True,1.92148302048369,0
True,2.04967400922577,0
True,1.4959400679332,0
True,1.45891559577386,0
True,1.21455187387976,0
True,0.861962371586862,0
True,3.91271801197545,0
True,1.79897034658551,0
True,2.06993684260604,0
True,2.49187940076091,0
True,2.24237593786237,0
True,1.27774178407683,0
True,2.67744130239784,0
True,3.54381253829297,0
True,0.88373943565296,0
True,1.30028798624978,0
True,3.22929417797931,0
True,2.68458294804864,0
True,2.77346656773786,0
True,4.1740877644379,0
True,3.48684780203929,0
True,2.15583852851757,0
True,2.30796849431884,0
True,1.42867172513103,0
True,1.41412953495707,0
True,0.984650817259035,0
True,1.77787853046061,0
True,1.86662347233537,0
True,1.3956060712991,0
True,1.44751173640477,0
True,1.34172843725032,0
True,3.37918453837232,0
True,1.00563202919393,0
True,2.25523557173112,0
True,0.978459471027176,0
True,1.54358210755021,0
True,3.66487239756222,0
True,1.84351725463686,0
True,2.13231451918259,0
True,0.627925673866397,0
True,1.90117563154201,0
True,2.47457004499349,0
True,2.3895570036956,0
True,1.62938244294862,0
True,2.69330208073007,0
True,1.96543488450725,0
True,0.746344728706941,0
True,1.93243005730748,0
True,0.596803430860923,0
True,1.00718565744277,0
True,3.9544286577154,0
True,2.42446060488591,0
True,1.32592410910708,0
True,1.55817338560932,0
True,1.60988258326567,0
True,3.93355595293272,0
True,4.0424366494918,0
True,1.17463596104001,0
True,0.998082237838245,0
True,0.937295756793841,0
True,2.18146324074699,0
True,1.9917595060398,0
True,1.86888711415363,0
True,1.35014947693121,0
True,2.07497096716217,0
True,2.78451212246062,0
True,1.16384566745247,0
True,1.35496674023835,0
True,1.51835309902584,0
True,1.51826134572204,0
True,1.94014719724688,0
True,2.05582656001335,0
True,2.11596541152676,0
True,2.70177739376984,0
True,1.1773423268978,0
True,2.31713737932737,0
True,2.29979070640573,0
True,0.998575097055415,0
True,2.14089883258398,0
True,1.48828827177193,0
True,1.74017397513186,0
True,2.17666640452614,0
True,0.790426711073845,0
True,2.99867136398181,0
True,1.00204726612118,0
True,2.06491078958633,0
True,1.537918228321,0
True,1.71488344702276,0
True,1.47389725353317,0
True,2.21612665450057,0
True,1.34450525574305,0
True,1.83333792447487,0
True,2.39578063235876,0
True,1.24534416768245,0
True,2.46080347965812,0
True,1.08436991165801,0
True,2.6878529154241,0
True,1.84253160769991,0
True,1.68195637673328,0
True,2.16401891687348,0
True,2.57368430347118,0
True,3.45194422129001,0
True,3.41514311381377,0
True,4.14843079501372,0
True,2.01382069140813,0
True,1.37414389456933,0
True,2.10027377121019,0
True,1.66323241173837,0
True,0.778293033381814,0
True,1.15736487684014,0
True,1.8777646718794,0
True,2.54141258633477,0
True,2.18707113832479,0
True,1.19007850890326,0
True,2.47527735281234,0
True,0.689847902109877,0
True,1.5145163381116,0
True,1.7056169619633,0
True,1.98104408089989,0
True,3.30108412475658,0
True,2.65136778382802,0
True,1.35259356031315,0
True,0.656914922798489,0
True,2.31132525388683,0
True,2.01493338412732,0
True,3.94455919653174,0
True,1.52218945726673,0
True,1.86503364077963,0
True,1.33266704463152,0
True,1.7924434333361,0
True,1.27359764465203,0
True,1.89055841504848,0
True,1.32652673830482,0
True,2.69663831181762,0
True,1.8304657162257,0
True,4.16607301956903,0
True,2.00005447621354,0
True,3.84187531272086,0
True,1.55668717359001,0
True,3.15625875385046,0
True,1.68812461564308,0
True,3.74959575262829,0
True,2.29965489811714,0
True,2.16655136766287,0
True,2.57660120775869,0
True,2.2804963114192,0
True,1.83280274453088,0
True,3.32838404357636,0
True,4.30340168855548,0
True,1.42901401301572,0
True,0.912852179634429,0
True,2.137743352093,0
True,1.59467341821386,0
True,1.15995093219248,0
True,2.51564401892473,0
True,1.48649969494792,0
True,1.15718556505377,0
True,2.53636675682033,0
True,1.39749630381153,0
True,1.58032644565324,0
True,3.01188106784792,0
True,2.08039678405118,0
True,1.62784322662856,0
True,3.29448482742668,0
True,2.74032687145702,0
True,1.39659342486205,0
True,4.28405148781805,0
True,3.01466834389292,0
True,2.83143562085094,0
True,2.16422653078196,0
True,2.00318898474511,0
True,2.36351434815781,0
True,3.13770588920141,0
True,2.20621455248781,0
True,3.29213908958425,0
True,4.31299143854409,0
True,1.29791973168665,0
True,1.56097075862423,0
True,1.31132867415849,0
True,2.48450647717191,0
True,2.59330827100288,0
True,0.855587345164183,0
True,1.0126572577024,0
True,3.34218834606442,0
True,1.98373290629862,0
True,1.99488979640302,0
True,2.14019138161999,0
True,1.60605658127979,0
True,1.81436732826335,0
True,1.06167388840605,0
True,0.871569627165993,0
True,1.54124289043731,0
True,1.57743237312822,0
True,0.828242999427361,0
True,2.62433041436694,0
True,3.60954299849571,0
True,2.12974133310539,0
True,1.08729030958369,0
True,1.52075838597091,0
True,2.65415891276158,0
True,1.53704746511701,0
True,1.01296677543697,0
True,3.86814642415401,0
True,2.88449722280661,0
True,0.522157577907992,0
True,2.83372190112916,0
True,1.0917344783059,0
True,1.73428709960385,0
True,2.15718151057278,0
True,2.97097461788885,0
True,2.34053642188023,0
True,1.41281397418556,0
True,0.720119985610171,0
True,1.16030682447339,0
True,3.05721206231031,0
True,1.67706964923531,0
True,2.40246885272594,0
True,1.02403795429123,0
True,2.34090165510217,0
True,2.44430526193191,0
True,1.18076530008046,0
True,1.75958857746461,0
True,2.26731325837741,0
True,2.65037539277518,0
True,1.78622585929863,0
True,1.75042821811641,0
True,1.90200104770667,0
True,1.41251465592004,0
True,1.18821925191249,0
True,1.02029887215429,0
True,2.8853320473305,0
True,1.33946199179328,0
True,2.37020251367165,0
True,1.42603050043811,0
True,1.29495837784365,0
True,2.29870532486523,0
True,1.32875420130678,0
True,0.985987745873336,0
True,2.98300839771795,0
True,4.18714836860314,0
True,1.1582046068621,0
True,2.12173803113419,0
True,1.485306271886,0
True,2.91358465764122,0
True,1.62976695381579,0
True,1.57097192367238,0
True,2.5009754349534,0
True,2.86217778595855,0
True,1.23540419512776,0
True,1.81259653144713,0
True,0.873453235329828,0
True,1.75391654203665,0
True,3.56297377025809,0
True,2.65018229443346,0
True,1.01951497451438,0
True,2.0930243428147,0
True,2.73656929255646,0
True,2.88627347170628,0
True,1.35966093447688,0
True,1.59878073041372,0
True,1.67751357106849,0
True,1.57645514937053,0
True,1.85903274710941,0
True,1.59243691213008,0
True,1.50259575166725,0
True,0.982211888744612,0
True,4.10605418074068,0
True,1.4252216717133,0
True,1.21213193138901,0
True,0.928294045870202,0
True,0.941652243056969,0
True,1.07099495988569,0
True,2.14361941370915,0
True,1.09416936660941,0
True,1.18510882921382,0
True,2.83251518607269,0
True,1.50589098791437,0
True,1.34011506343776,0
True,2.27055482539067,0
True,1.60862836126899,0
True,4.052981403671,0
True,1.42521049995495,0
True,2.31562660024772,0
True,2.65375803618355,0
True,1.06102974340631,0
True,1.21775837990166,0
True,2.33151486854748,0
True,1.5454468818215,0
True,1.90141012473101,0
True,2.38261763256981,0
True,1.35810619780373,0
True,1.67843490047236,0
True,1.24170354866139,0
True,3.94712902179644,0
True,3.80873777176523,0
True,3.78885945870526,0
True,1.08363678577752,0
True,2.37504902918832,0
True,3.0739050811729,0
True,1.70520664723333,0
True,1.44641720354314,0
True,1.67048409502069,0
True,0.822197582797738,0
True,2.6430561442005,0
True,2.85051371547373,0
True,2.13015633142809,0
True,1.71471484929906,0
True,2.21662457493946,0
True,2.23858583547674,0
True,1.76675587652681,0
True,1.41652178438606,0
True,2.27052223477496,0
True,3.85182986225425,0
True,1.7316255590914,0
True,1.64667830576231,0
True,1.09399595217107,0
True,0.976498074844206,0
True,1.82092744642923,0
True,1.60486595453626,0
True,1.10574434986448,0
True,2.52916341116357,0
True,1.88703555974325,0
True,1.77444701159749,0
True,3.37636842102029,0
True,2.04109674634574,0
True,2.283114055515,0
True,2.03895175593985,0
True,0.695222816634568,0
True,0.960369800009244,0
True,1.35391165951576,0
True,2.12378929868401,0
True,2.37738612526436,0
True,1.15470886571268,0
True,1.22435629629213,0
True,3.65678546715071,0
True,0.836366021646578,0
True,2.00313242739693,0
True,1.1789394073974,0
True,0.928233152299504,0
True,0.923617203072514,0
True,2.6879277853736,0
True,2.67191285826323,0
True,2.68698689837492,0
True,2.74911313200649,0
True,1.95275104429067,0
True,2.43991540764565,0
True,1.22900971077891,0
True,1.09107931839231,0
True,1.30857716481057,0
True,2.31324707357768,0
True,4.07974825041137,0
True,2.15761392641968,0
True,0.93087313384965,0
True,1.67750290674755,0
True,1.81828818559005,0
True,1.59116861342749,0
True,1.85038654163837,0
True,2.28536964898672,0
True,2.63661423720651,0
True,1.19517378372645,0
True,1.07260384641406,0
True,1.29792334003898,0
True,2.24664081663105,0
True,1.60831232114309,0
True,1.29741613334683,0
True,3.09212016587045,0
True,1.28949764379635,0
True,1.56433619378519,0
True,1.36206244456241,0
True,2.7547671426183,0
True,2.39035444699224,0
True,2.01923434632375,0
True,4.36524446035705,0
True,2.65597215851194,0
True,2.32794509861279,0
True,2.13310251696754,0
True,2.55518517175438,0
True,2.54732334409821,0
True,2.04195314060815,0
True,1.94125346651011,0
True,1.26658585372769,0
True,1.43757913960729,0
True,1.91528062962135,0
True,1.57351088849977,0
True,3.02989580258371,0
True,1.36361605347557,0
True,1.54927035976096,0
True,1.38792138422606,0
True,1.65815280471375,0
True,2.16466682958034,0
True,2.67468039804777,0
True,1.2620307119148,0
True,0.689541341179462,0
True,1.48139092909882,0
True,0.945655790280404,0
True,2.81390256078111,0
True,1.00984655684973,0
True,1.91851455009731,0
True,2.03360468863699,0
True,1.70274336150162,0
True,1.55478643094175,0
True,1.51452718793989,0
True,1.38399955314188,0
True,1.89418602050925,0
True,1.40231967830122,0
True,0.913554622369359,0
True,0.931017243303758,0
True,1.61613109866138,0
True,1.54782035602331,0
True,0.809674618750263,0
True,0.801379063027775,0
True,1.7792789300678,0
True,3.03621546908738,0
True,1.51385759797199,0
True,1.66718512501101,0
True,0.965185683573556,0
True,1.73020853738449,0
True,0.996063086396518,0
True,3.23148975050393,0
True,0.460633304182704,0
True,2.99053712912144,0
True,1.04580003220941,0
True,2.39672529398005,0
True,3.62359046972305,0
True,0.9149913576685,0
True,2.5898832812054,0
True,2.40219462470193,0
True,1.45744825224497,0
True,1.58671836225003,0
True,2.36890244203565,0
True,1.79081164808199,0
True,3.14108732028681,0
True,4.09452843078785,0
True,2.69740244637798,0
True,2.21524380035855,0
True,2.17691217402988,0
True,1.11147573423444,0
True,1.41580830961684,0
True,0.939872516452114,0
True,3.52993263629887,0
True,2.99084492884331,0
True,2.962218781243,0
True,1.83920968522498,0
True,1.60062549758077,0
True,2.2378678165987,0
True,1.45030135115082,0
True,0.937926688351367,0
True,1.01016974136594,0
True,1.93675329441732,0
True,1.24902831156686,0
True,1.7638482217401,0
True,2.42270160456339,0
True,3.50904680080091,0
True,1.48873184059416,0
True,1.08037060032483,0
True,1.27791185722457,0
True,2.77852546010663,0
True,3.60715990861167,0
True,3.67319562641517,0
True,4.33945222644937,0
True,2.21384338628617,0
True,2.26016501677843,0
True,1.03564575539506,0
True,2.05759825521235,0
True,2.81071391233658,0
True,2.49397142047041,0
True,2.30509747737101,0
True,1.41807427254548,0
True,1.34755754015261,0
True,2.36202046259432,0
True,1.04538031733225,0
True,1.12677618049435,0
True,0.764519616608412,0
True,1.06615276608822,0
True,1.87378994962907,0
True,2.94791515648214,0
True,0.791950228709695,0
True,1.36016194439151,0
True,2.12069276532726,0
True,3.76950685624162,0
True,1.50488574027263,0
True,2.85093702837141,0
True,2.5553513880452,0
True,0.914464694208407,0
True,2.11129781541055,0
True,2.49660340656731,0
True,1.79724351971513,0
True,0.70892779716144,0
True,2.00033840417473,0
True,1.61083669458115,0
True,1.32099957567171,0
True,1.49037097212938,0
True,1.85119118257715,0
True,0.96445999955791,0
True,1.18900121519781,0
True,2.62495770805727,0
True,2.22171801362574,0
True,0.945598185767886,0
True,2.46845388552885,0
True,3.63805754509612,0
True,2.04653268708723,0
True,1.41679715879182,0
True,3.60104585241397,0
True,3.03784031310664,0
True,1.02880272797332,0
True,1.43784336222947,0
True,1.23801181488028,0
True,2.50284975308956,0
True,3.55685477065591,0
True,3.05075690076766,0
True,3.363165418274,0
True,2.20214848741749,0
True,1.67994371161492,0
True,1.11808460583614,0
True,2.29421440889504,0
True,3.86407407049582,0
True,1.80113823916551,0
True,0.800037402110252,0
True,2.6544414007696,0
True,0.676737957748054,0
True,1.75815620116771,0
True,1.80077201051482,0
True,2.03606737817261,0
True,1.6262555540749,0
True,2.9906703763378,0
True,0.327303834464289,0
True,3.2288638197579,0
True,0.813989069736427,0
True,0.622386544778194,0
True,1.57637747166004,0
True,1.04337585941473,0
True,1.59738374282554,0
True,2.17483588281668,0
True,2.09356092095722,0
True,2.12083261067821,0
True,3.67907642922562,0
True,3.95676261321987,0
True,0.551862577028946,0
True,2.91531065250512,0
True,4.04670522576902,0
True,3.73644495251579,0
True,1.35193168641442,0
True,2.90492969852802,0
True,1.30609469381373,0
True,2.87364348905552,0
True,1.61983942309861,0
True,2.02286639703331,0
True,0.673873831687422,0
True,1.02690531222799,0
True,2.14731397668147,0
True,0.539319959068932,0
True,1.18278085454208,0
True,1.72228629853151,0
True,2.3343286584391,0
True,1.8682888011302,0
True,1.95536552206673,0
True,2.52839048427612,0
True,2.09701604663948,0
True,1.01791511242096,0
True,4.32118361222895,0
True,3.23854186691725,0
True,1.44515439750364,0
True,1.47549075485167,0
True,1.79462913483057,0
True,1.43899878529535,0
True,2.11975704094761,0
True,3.94432726891304,0
True,3.51044601157656,0
True,3.83037311886586,0
True,1.6956968615889,0
True,1.91468320941535,0
True,2.97050062723862,0
True,2.11833875946299,0
True,0.943510311569279,0
True,1.74352807441241,0
True,2.88969154601759,0
True,1.83425951049364,0
True,0.830149637005673,0
True,2.17202359982546,0
True,0.636669446966087,0
True,1.82863095400597,0
True,1.21860343788405,0
True,2.08854931666373,0
True,0.884589955340054,0
True,0.378275771005331,0
True,1.59641653730557,0
True,3.78531688768086,0
True,0.563857784718203,0
True,3.05131588464188,0
True,0.980989334586773,0
True,2.1486628745209,0
True,1.13422915239404,0
True,1.83208701632746,0
True,2.94432949410173,0
True,1.82120300027476,0
True,1.60001456781303,0
True,2.44326851650032,0
True,1.87706524065951,0
True,2.56142351555605,0
True,1.95123718515924,0
True,1.51551609015161,0
True,1.11706941897961,0
True,1.72722889870103,0
True,2.8596177758383,0
True,2.13754247032109,0
True,0.96116851807272,0
True,1.11822510652114,0
True,2.28975713071217,0
True,1.7767241337105,0
True,1.60098189106115,0
True,1.34288265129567,0
True,1.77840441991046,0
True,2.61400851118963,0
True,2.34211745531161,0
True,2.07139811289906,0
True,2.97472637210806,0
True,3.3616299604567,0
True,1.28764037987538,0
True,1.43279865598468,0
True,2.34164364266889,0
True,1.06968602839711,0
True,0.922751829085307,0
True,2.13049507727805,0
True,0.704573772726678,0
True,1.36913276018685,0
True,2.05293289334223,0
True,2.4763859610921,0
True,0.964717038906974,0
True,1.20278732873949,0
True,1.2093664845962,0
True,3.46920022217735,0
True,1.68498775050484,0
True,1.7699680313565,0
True,2.57587182339309,0
True,2.0308179456513,0
True,2.44999980149557,0
True,2.7630033793312,0
True,0.981375277820237,0
True,3.64527770102622,0
True,2.65339379731833,0
True,0.478005763651676,0
True,1.10757477756544,0
True,1.02183431036713,0
True,2.28973875334433,0
True,1.95048515054693,0
True,2.03097257422302,0
True,1.13876253592668,0
True,1.42517818009424,0
True,1.22603295408966,0
True,2.34081448271615,0
True,1.51589261391924,0
True,2.70583082619956,0
True,2.50380344570641,0
True,1.99607616726767,0
True,1.05187214919619,0
False,0,0.000433953245116931
True,1.03188026968802,0
True,3.92869600130334,0
True,1.66339629345921,0
True,1.33270646221242,0
True,2.2960283545602,0
True,2.36742498953218,0
True,0.840081533391293,0
True,0.82253954026313,0
True,3.77023565496103,0
True,2.18915668821274,0
True,1.75061525570265,0
True,1.54894315221808,0
True,0.945795977424722,0
True,1.22669873135875,0
True,1.80754260028087,0
True,2.0973012394642,0
True,2.37015313777259,0
True,3.52378646766101,0
True,0.935736683982422,0
True,1.46037451101894,0
True,2.11771529205178,0
True,3.05118712935712,0
True,1.99920000940804,0
True,2.97377061127957,0
True,1.27597092725909,0
True,3.21816543354509,0
True,2.78749145949332,0
True,2.4072493026524,0
True,3.9457165444104,0
True,2.16023917844897,0
True,0.933320951270945,0
True,1.33421594923729,0
True,1.94407066590302,0
True,1.25360596664732,0
True,2.42828965732529,0
True,3.73688112142418,0
True,4.09457370705508,0
True,1.78067398251974,0
True,3.45404098305394,0
True,3.87408024482711,0
True,1.65083032136816,0
True,2.10375277848816,0
True,1.04198622914659,0
True,1.33604427740881,0
True,1.87786109264363,0
True,2.23317706081065,0
True,2.37316849789092,0
True,2.91423634567767,0
True,1.20416125454892,0
True,1.26808696307212,0
True,1.89272591980183,0
True,1.99176808819513,0
True,2.32783358923445,0
True,0.908818615268824,0
True,1.11930603922892,0
True,1.6678852436176,0
True,0.989879421230451,0
True,2.64676489559086,0
True,2.48379327481922,0
True,3.64733599950285,0
True,2.60544050811986,0
True,1.21430977402797,0
True,2.50638376417997,0
True,2.21431840746901,0
True,1.50404859119542,0
True,3.59520672954636,0
True,2.235924783129,0
True,1.6290701314364,0
True,1.53081621207706,0
True,1.19307867414342,0
True,2.65799691991111,0
True,1.54033080642535,0
True,1.45676878665155,0
True,1.51753034680847,0
True,1.84107420738542,0
True,2.87761248848336,0
True,2.0554860186266,0
True,1.93405445770204,0
True,2.09550185648684,0
True,2.30719716274566,0
True,1.37208947389376,0
True,3.00372253486942,0
True,2.66735915125981,0
True,1.27660478195729,0
True,2.04070754678099,0
True,1.2394955432949,0
True,1.7346681993196,0
True,3.43669666708465,0
True,1.93837250806087,0
True,0.774519865664428,0
True,1.42788046808284,0
True,2.55407336153855,0
True,1.41617700084206,0
True,1.67822977320035,0
True,1.03686298176515,0
True,1.66060300137364,0
True,1.84395790721221,0
True,1.29360561195127,0
False,0,0.000109460685861053
True,1.99452463075101,0
True,2.69069070455048,0
True,1.58685362798594,0
True,1.66278904753178,0
True,1.28119075740041,0
True,2.62857354082015,0
True,1.02582588651931,0
True,2.98771030733677,0
True,1.03754273040537,0
True,2.10790016054143,0
True,1.78217161590413,0
True,2.33270785814417,0
True,3.14858546519961,0
True,2.05116399892816,0
True,0.686123669300004,0
True,1.14760536966485,0
True,2.05339417057346,0
True,2.44005838598703,0
True,2.67238838441086,0
True,2.05307445619915,0
True,1.19486210120265,0
True,2.96165977524377,0
True,3.37871799455754,0
True,1.61690169514882,0
True,0.988730848284284,0
True,0.615607445021454,0
True,2.25730880086175,0
True,2.35767659591576,0
True,2.2891795094092,0
True,1.74904873843646,0
True,1.08549470989308,0
True,1.73141762584574,0
True,1.79784614508424,0
True,1.7154839602008,0
True,1.12009884455433,0
True,1.26346801188411,0
True,1.66027920502001,0
True,1.88116078148166,0
True,2.38752200167279,0
True,3.60426347543916,0
True,2.65796716679804,0
True,1.76966198519934,0
True,1.79767813432019,0
True,1.61519372280722,0
True,2.11627369298802,0
True,2.79673470582113,0
True,1.29208824167715,0
True,2.60303592414752,0
True,1.72814393409807,0
True,1.53063548770086,0
True,1.28280749968134,0
True,1.66941877357279,0
True,1.79523999748783,0
True,1.28654470997118,0
True,0.85579694733215,0
True,1.70819091101882,0
True,1.4697634994704,0
True,1.78035558303482,0
True,3.03119373079616,0
True,1.07566979108984,0
True,1.44440960661879,0
True,0.80174455762796,0
True,1.49004738970681,0
True,2.37289946010837,0
True,4.40331169509374,0
True,0.835568991591172,0
True,2.81323389363565,0
True,2.8206396552363,0
True,2.01126822842877,0
True,3.13895092313421,0
True,2.88309103122711,0
True,1.52554446330061,0
True,2.54104992837462,0
True,1.07203019245381,0
True,3.90974266648364,0
True,2.59412343017386,0
True,0.742362426664586,0
True,1.02069780906579,0
True,1.64649127236112,0
True,2.81792349507557,0
True,2.32101156712874,0
True,2.85253732334615,0
True,3.06338673799703,0
True,3.52743491009771,0
True,1.49522305492295,0
True,1.02780062371949,0
True,1.64682377935422,0
True,0.87383252178132,0
True,1.58051121707927,0
True,0.955464589380633,0
True,1.35605706273765,0
True,1.00410882949452,0
True,1.00287752629757,0
True,2.73443276879958,0
True,3.90489427146662,0
True,2.1298021475694,0
True,2.01254829965363,0
True,2.72017265577123,0
True,1.19741503937014,0
True,0.826111501632142,0
True,3.76787888135008,0
True,0.844025057264975,0
True,2.0566054097444,0
True,1.59617284648008,0
True,3.82427720632497,0
True,2.05281666408773,0
True,1.47924320170614,0
True,2.42559684615538,0
True,2.88197685266002,0
True,2.64397836942105,0
True,1.50058346762425,0
True,2.1502933549248,0
True,1.42743183104408,0
True,3.65187119145203,0
True,3.11370916286679,0
True,3.71083704940976,0
True,1.63317955951958,0
True,1.01541245266412,0
True,1.93607972939879,0
True,2.88805303577593,0
True,3.06557095422978,0
True,2.66324325616177,0
True,0.952189217856943,0
True,1.58868935663824,0
True,2.73815271728896,0
True,1.98743568384077,0
True,1.36525557740965,0
True,1.66504354969283,0
True,1.86371906670347,0
True,1.99735120294447,0
True,1.47031071344601,0
True,1.62110949798846,0
True,2.05584647761146,0
True,1.00537080487274,0
True,3.15372634478921,0
True,1.5997202571461,0
True,0.612552532657545,0
True,3.38216412225542,0
True,3.70886960676399,0
True,1.08238360769948,0
True,2.41230028648772,0
True,1.84049496865733,0
True,1.47349393032679,0
True,2.15973259133455,0
True,2.97944059290898,0
True,1.78806771510562,0
True,2.10192054473898,0
True,2.21492128306638,0
True,2.32784494663123,0
True,1.88397979489516,0
True,2.51262031564741,0
True,2.23917638379681,0
True,2.15341091103435,0
True,2.32862549138324,0
True,1.01774372178816,0
True,1.14826427155805,0
True,2.06678673056697,0
True,1.67986642882427,0
True,1.44465464857494,0
True,1.02389954125954,0
True,1.62015478317216,0
True,2.29395203562658,0
True,2.43206608909669,0
True,1.18305862891776,0
True,3.2874325727012,0
True,3.63575285563618,0
True,3.48584655334562,0
True,2.14959750128231,0
True,1.24830061914847,0
True,2.98247362898589,0
True,1.63489190464927,0
True,1.39618917667272,0
True,1.95134154603109,0
True,3.73652782305275,0
True,3.81042352050362,0
True,2.98432398216371,0
True,1.55835977114121,0
True,2.45852104104663,0
True,3.62588380584742,0
True,1.2491171783264,0
True,4.06891784854137,0
True,1.2109479138179,0
True,3.24562485395923,0
True,1.1901462487048,0
True,2.10846903146553,0
True,1.52870060212572,0
True,1.20637337548124,0
True,1.78108084312171,0
True,1.36585450640016,0
True,2.21091283160966,0
True,1.73045202999129,0
True,1.58018392642465,0
True,1.23122854560562,0
True,1.07719530360351,0
True,1.74230686878418,0
True,3.10044456757068,0
True,2.11986938909777,0
True,1.47574257243571,0
True,2.88691808593567,0
True,4.11381173612861,0
True,2.45700844712629,0
True,1.38298860050412,0
True,1.2142387791724,0
True,2.78343941398311,0
True,1.29389125088043,0
True,1.48586571983102,0
True,2.22573778209774,0
True,2.06719076967107,0
True,3.91129115857983,0
True,1.87579765756756,0
True,2.80697586604372,0
True,2.04984950737969,0
True,1.3882902736982,0
True,1.2603539209109,0
True,3.20884310745033,0
True,1.30221792625021,0
True,1.56539745283325,0
True,1.15949994175356,0
True,1.1857578212868,0
True,1.95777892779544,0
True,1.61308133928568,0
True,2.37816615751393,0
True,1.19482323958864,0
True,1.58112457057184,0
True,3.35552302148958,0
True,2.07289156315949,0
True,3.15759228896807,0
True,3.47739521979626,0
True,0.889612644905204,0
True,1.29220941243428,0
True,1.35461100828917,0
True,0.826618140383021,0
True,1.13333742902956,0
True,2.17565256100213,0
True,1.38906458714438,0
True,1.01446726565003,0
True,1.67087190340333,0
True,1.10837423127343,0
True,2.31531659830782,0
True,2.6206104282071,0
True,1.59834261378527,0
True,1.77706226948553,0
True,1.48142271216005,0
True,3.66198521246997,0
True,0.636026057595644,0
True,1.17511548283101,0
True,2.12105588560305,0
True,2.92634579487629,0
True,1.9901445860658,0
True,1.16958639241268,0
True,0.831097374806263,0
True,1.10655807155383,0
True,2.78962248520013,0
True,2.34738068684126,0
True,1.481233583214,0
True,0.621022815992591,0
True,1.82733965849188,0
True,1.71691616393009,0
True,1.60586258832301,0
True,2.49777882177748,0
True,3.07128868308366,0
True,1.22696790630432,0
True,2.4910101150256,0
True,1.63512782565841,0
True,1.38149231186402,0
True,1.77525664848451,0
True,1.52477075159554,0
True,3.83034855925816,0
True,1.019542206485,0
True,0.994683876207517,0
True,1.92040246103891,0
True,0.902692953872221,0
True,2.21318703514057,0
True,1.27272091849524,0
True,3.74314118671067,0
True,2.18965901143228,0
True,2.09116532673384,0
True,2.00477123990165,0
True,2.06101520963955,0
True,2.46130151457569,0
True,2.1134413669153,0
True,2.38380306218934,0
True,3.39500883764484,0
True,1.5634300094586,0
True,1.47739467159604,0
True,1.0685903933681,0
True,0.974882238412388,0
True,1.71889927160292,0
True,1.97121086031823,0
True,3.03252680219404,0
True,2.53908236371429,0
True,2.9164995162864,0
True,2.04221449992315,0
True,1.14294619597182,0
True,1.23555083313255,0
True,0.364493376390038,0
True,1.2108860561277,0
True,1.23965719458546,0
True,2.13893598658578,0
True,1.27350278543427,0
True,1.03713334484376,0
True,3.15752746497463,0
True,2.27893444262851,0
True,0.768381841934438,0
True,2.53716355015696,0
True,2.1331470078943,0
True,1.97156277704961,0
True,3.54092687829833,0
True,1.71964547355687,0
True,3.3007373140829,0
True,3.18179700998259,0
True,2.06424503498009,0
True,3.75770436085492,0
True,1.55300695364449,0
True,2.10023219524971,0
True,1.36524293273467,0
True,1.16900173457208,0
True,1.39879704278848,0
True,1.78683468482479,0
True,2.72052374089978,0
True,2.94436481870932,0
True,1.8533583196874,0
True,2.54152805305028,0
True,3.47599497777225,0
True,1.18172093781713,0
True,1.4852066736565,0
True,1.25791404668409,0
True,0.895657283634644,0
True,1.61335282221101,0
True,1.80642856976025,0
True,4.406610440227,0
False,0,0.000223981544452427
True,2.17562026710069,0
True,2.27926637466836,0
True,1.52539141226012,0
True,0.631540992865466,0
True,2.95550799010708,0
True,2.99139076928303,0
True,3.16082589440201,0
True,1.75205951916079,0
True,3.01400367899874,0
True,3.91206984652519,0
True,1.3161389002177,0
True,1.18221422125274,0
True,3.13109805068571,0
True,1.55986178908049,0
True,2.0478145133133,0
True,2.03867694272014,0
True,1.20622610785108,0
True,1.93893273626136,0
True,1.74241933179494,0
True,1.09785710096673,0
True,1.6075505740271,0
True,0.949836544154672,0
True,2.49670458991375,0
True,2.22090278581021,0
True,1.36109574168607,0
True,1.43236296107974,0
True,1.44366841721468,0
True,1.12133076986837,0
True,3.95211055228517,0
True,0.766469648202439,0
True,1.79054487107588,0
True,1.81250649711562,0
True,1.04869046515595,0
True,3.57473568628868,0
True,2.51916381880026,0
True,3.5398100335338,0
True,2.46927880290957,0
True,1.14994789126549,0
True,1.71714379912918,0
False,0,0.000172568612143203
True,2.2119518438073,0
True,3.39942128422912,0
True,2.88331553299301,0
True,1.67724289266523,0
True,1.29841812635469,0
True,3.67457301148528,0
True,2.61181755595964,0
True,1.37925311177104,0
True,3.40734874704169,0
True,1.65115375881887,0
True,2.30975111351486,0
True,3.27646617599893,0
True,1.33617771729048,0
True,4.57600297726893,0
True,2.27190562009735,0
True,2.99892939645556,0
True,2.24586638597628,0
True,1.58039157684154,0
True,1.58822059583922,0
True,2.04898285690083,0
True,1.67616004075665,0
True,1.07862312565111,0
True,3.26029683127995,0
True,0.987001091415805,0
True,0.812939889634428,0
True,3.85568080369714,0
True,1.77887604987514,0
True,2.73570004481136,0
True,1.29653296060988,0
True,1.39724118821158,0
True,3.03818057788477,0
True,1.81634373625146,0
True,2.36817685594467,0
True,1.87534365751645,0
True,0.825730409776347,0
True,2.2852754894641,0
True,3.52485499409159,0
True,1.71258690632433,0
True,2.07459946162107,0
True,2.79601088686382,0
True,1.681462402213,0
True,1.31609281991399,0
True,3.44160795718267,0
True,2.38300428116169,0
True,1.67611537219282,0
True,2.66726685762224,0
True,1.34769713593778,0
True,3.09320373502318,0
True,1.73517237929927,0
True,1.9218770209702,0
True,2.79435243940514,0
True,3.06330340643678,0
True,2.08857141008107,0
True,2.72115621548565,0
True,2.0791706691601,0
True,1.4075247226523,0
True,3.08339134461197,0
True,4.37573351674955,0
True,3.71843063980862,0
True,1.78929083621912,0
True,2.4279463720422,0
True,2.7679265837674,0
True,2.58919817436396,0
True,1.78703861495682,0
True,1.5800398948107,0
True,1.95702177281082,0
True,1.50302751456171,0
True,1.48684652514345,0
True,4.34861110126328,0
True,2.8596804338155,0
True,1.73798595122835,0
True,1.53520503675738,0
True,1.4302339825267,0
True,1.55781165905062,0
True,3.71203986257048,0
True,2.53757667692938,0
True,1.45336844998494,0
True,1.46660894881273,0
True,1.87939146077192,0
True,3.55605443042584,0
True,1.12378288995488,0
True,1.83701708475459,0
True,1.96772497733844,0
True,0.918065016179801,0
True,1.3847019092035,0
True,2.91917723484925,0
True,1.68276217709606,0
True,2.80655791621482,0
True,1.29545047996411,0
True,1.3855964100445,0
True,1.79235051158569,0
True,1.59573011118324,0
True,1.10606432572009,0
True,2.12787847659099,0
True,1.35904703456861,0
True,1.90937097977912,0
True,2.03345309424092,0
True,0.930374863399115,0
True,1.08244568258031,0
True,1.66009997491133,0
True,3.62336676794844,0
True,2.94890398083118,0
True,1.2765870910506,0
True,3.25534119833443,0
True,1.50715046426516,0
True,0.956116444728547,0
True,3.58127384734775,0
True,2.10066106515998,0
True,2.15088998299865,0
True,1.90496788137837,0
True,1.45324964768017,0
True,0.829211034831087,0
True,1.3704620762358,0
True,1.04436742911996,0
True,0.868249426496083,0
True,2.26705395073754,0
True,3.73639322999026,0
True,4.35156175397446,0
True,2.06708358959464,0
True,2.72586257370066,0
True,3.32737070376361,0
True,1.65102258512681,0
True,0.90064085354776,0
True,1.0705220999965,0
True,1.32952134163282,0
True,1.31730722280591,0
True,1.28849886903503,0
True,2.37127117543503,0
True,2.69250363249843,0
True,1.39935902406896,0
True,2.0201908732402,0
True,1.01665773834399,0
True,1.95174522457424,0
True,1.11554146236333,0
True,0.910742831212893,0
True,1.46203916733531,0
True,2.75106170301954,0
True,1.14308452348008,0
True,1.60182802055039,0
True,1.21737593476626,0
True,2.3647613018187,0
True,2.40527181760757,0
True,1.41147185972798,0
True,1.77577628779931,0
True,1.80548872349069,0
True,1.30072068373318,0
True,1.78818660513195,0
True,2.42221745713992,0
True,1.98390694228821,0
True,2.73532586414352,0
True,1.63687983797328,0
True,1.81914900165762,0
True,3.72380716557217,0
True,3.39067284357996,0
True,1.18166888230605,0
True,3.87568669244186,0
True,2.76753819762571,0
True,3.89163294576744,0
True,3.72071138778629,0
True,1.56742947204684,0
True,1.12540584056706,0
True,0.979853871091446,0
True,1.95489453133716,0
True,2.20485012802873,0
True,2.27200162235615,0
True,1.4741648980715,0
True,3.57303415392086,0
True,1.36910054110501,0
True,3.17061585735118,0
True,2.74196078449874,0
True,1.90625173612171,0
True,3.79567716709663,0
True,1.92078330363953,0
True,2.05584011250437,0
True,0.928141439443262,0
True,2.27577138771173,0
True,2.12200353786897,0
True,1.71286689314387,0
True,1.17339015865405,0
True,1.79509072487184,0
True,1.40000555614409,0
True,2.95541020739948,0
True,1.35857358116635,0
True,0.845011338250824,0
True,2.4237011460707,0
True,2.11017939323887,0
True,1.04845760335883,0
True,1.44788516053764,0
True,3.50074203013105,0
True,3.33985570204428,0
True,1.90585601356521,0
True,2.38255137249847,0
True,2.21628513398277,0
True,1.92931263424884,0
True,1.81372086804463,0
True,1.44952940227942,0
True,3.75601901889138,0
True,2.77578190223997,0
True,1.16179865668684,0
True,2.94983076182434,0
True,3.02643234129204,0
True,1.38258148690303,0
True,1.69192852033009,0
True,1.73216768446223,0
True,3.74707968156853,0
True,2.67213215372479,0
True,2.8373624156685,0
True,2.16674851421674,0
True,2.57728187577481,0
True,1.97209485041987,0
True,2.52890193690099,0
True,1.63202214641119,0
True,2.75200466908736,0
True,3.7686238676313,0
True,1.72673913344367,0
True,3.08879467991656,0
True,2.87838055038211,0
True,1.45017751656623,0
True,1.97974322927957,0
True,3.69098088548852,0
True,1.98896064771001,0
True,2.59181734350955,0
True,2.36326242626512,0
True,2.43168127076195,0
True,1.61558829733895,0
True,1.64873545723006,0
True,1.88167694549339,0
True,2.69836926625562,0
True,1.24024164376957,0
True,1.94673604988444,0
True,2.09774747164233,0
True,0.803166866835292,0
True,1.31537141419643,0
True,1.47361792028522,0
True,4.38730708919009,0
True,3.50729646691047,0
True,1.25678143767611,0
True,4.34965959911657,0
True,1.26265613453001,0
True,2.61213061438021,0
True,1.20706024985736,0
True,1.4745255942713,0
True,1.6199943922929,0
True,1.94096109873711,0
True,0.744572810205197,0
True,3.50724116551649,0
True,3.43646944886666,0
True,1.17814684463544,0
True,1.56482119107963,0
True,1.42270028402238,0
True,2.10100904777829,0
True,3.86313710187112,0
True,1.48859587443824,0
True,1.40421637457097,0
True,0.904535554546707,0
True,1.9972483869059,0
True,1.21723725876235,0
True,2.22623144423681,0
True,2.81646068805539,0
True,2.16459115509876,0
True,2.88246312872681,0
True,1.53556088421944,0
True,1.35854850082488,0
True,2.07877032149753,0
True,3.81005468822483,0
True,0.974360092632541,0
True,1.00045265906246,0
True,1.76482492862623,0
True,3.07631223543722,0
True,1.3229773798017,0
True,1.31657898040983,0
True,2.88692344564887,0
True,2.34588388468168,0
True,2.57696566222905,0
True,2.71776559443258,0
True,1.7953548098239,0
True,1.86368319662386,0
True,2.34353230911781,0
True,4.18176834708072,0
True,3.69134722657282,0
True,1.92301757983057,0
True,2.48832600820497,0
True,1.66647293462009,0
True,1.29613623169746,0
True,1.41302967157916,0
True,2.66120315997363,0
True,3.00519090541692,0
True,3.35442656072905,0
True,1.67786263073629,0
True,2.59221640843859,0
True,2.49576008253813,0
True,3.77386453079661,0
True,1.19940493570366,0
True,3.69607726171386,0
True,3.76016477773619,0
True,2.72763549846199,0
True,1.80678146914276,0
True,1.45202281632067,0
True,4.51379875234594,0
True,0.624404114672992,0
True,2.36579665410985,0
True,1.33100836359044,0
True,1.28065561303741,0
True,1.79897317924929,0
True,1.78085384074139,0
True,3.07433285425116,0
True,1.25281209149718,0
True,4.18245912467126,0
True,2.63658197716843,0
True,1.82736994878938,0
True,1.50227129544915,0
True,1.8104469405457,0
True,2.95826640862106,0
True,0.988683068296936,0
True,1.76284278827287,0
True,1.75269380749077,0
True,1.38106615575365,0
True,3.63175874249138,0
True,1.59169715157613,0
True,2.97835386011317,0
True,1.47808541626751,0
True,3.44996440022475,0
True,1.4468680990649,0
True,1.91546777280347,0
True,1.27998157565982,0
True,3.40187578986078,0
True,1.10070032769179,0
True,2.33291971889832,0
True,1.34678328175045,0
True,1.73493313288878,0
True,2.3456314395238,0
True,2.24545668752935,0
True,1.24490037266578,0
True,1.20655276594303,0
True,0.632092168191031,0
True,2.05071745385155,0
True,2.36963409949065,0
True,1.05542584635765,0
True,0.969492647111116,0
True,1.39980385963351,0
True,1.68883781038725,0
True,1.09950744112238,0
True,0.969157217833678,0
True,2.11092435442939,0
True,2.20280261310155,0
True,1.94442672747639,0
True,3.35914585187787,0
True,2.23028707127341,0
True,1.65195849836529,0
True,2.2201380970406,0
True,1.46218076915758,0
True,2.39266042523368,0
True,2.80722121348854,0
True,1.20882724513459,0
True,1.1883763211602,0
True,2.13426103867525,0
False,0,9.46359178521267E-05
True,2.18041567248725,0
True,3.51433268794551,0
True,1.43614820940175,0
True,1.4112893657137,0
True,0.822686240934621,0
True,1.40834799368862,0
True,2.67132223826219,0
True,1.83040129478761,0
True,2.50839760119836,0
True,1.26199945222856,0
True,2.53268177708242,0
True,1.5707758363788,0
True,3.00739839486931,0
True,2.41492252147538,0
True,1.38853737246686,0
True,1.02178376945391,0
True,2.80113053550115,0
True,0.755105374380717,0
True,2.39901774637097,0
True,2.27069316687144,0
True,2.1817630183184,0
True,2.35796923103559,0
True,1.10885368885093,0
True,2.8758917278842,0
True,3.33953330777218,0
True,1.40162193522777,0
True,1.54670222276408,0
True,1.68940561562953,0
True,1.66790748722701,0
True,1.47711457718697,0
True,1.12603478294883,0
True,1.38943209350936,0
True,1.07386487021727,0
True,1.16301068911996,0
True,2.12661580675066,0
True,2.04321793234055,0
True,2.03383493769994,0
True,2.47293319742359,0
True,3.49279117787996,0
True,2.98997552198231,0
True,2.11116060083451,0
True,2.04471750410835,0
True,2.41862998899891,0
True,1.72784246361394,0
True,1.70293802370672,0
True,2.1999903309229,0
True,0.934723036561824,0
True,1.87022037578788,0
True,0.948816955746437,0
True,1.05144459690523,0
True,2.62240856788848,0
True,1.33199109596703,0
True,1.44238333819766,0
True,0.876230447865035,0
True,1.36086081419852,0
True,2.77483793061335,0
True,2.85977638174249,0
True,2.27723397778606,0
True,2.14004736215729,0
True,3.08304948264384,0
True,1.70266901529032,0
True,1.339911824293,0
True,2.07622961301253,0
True,1.60395010939152,0
True,1.07395431906868,0
True,1.07103533680621,0
True,2.76936024492234,0
True,1.37440803578719,0
True,1.46951601052722,0
True,1.30933687185394,0
True,1.48577925533274,0
True,0.695593542224864,0
True,2.6123474153847,0
True,2.11714190487244,0
True,1.92563256550376,0
True,2.28310317346618,0
True,3.54758998519375,0
True,2.76211123489726,0
True,1.39392980050158,0
True,0.98901701520305,0
True,0.768414794170905,0
True,2.01640429634216,0
True,1.03687770732919,0
True,3.11306295319719,0
True,0.687894075628726,0
True,3.09449209448967,0
True,1.69512692977125,0
True,1.51931657239866,0
True,3.22347543391384,0
True,1.22867204581546,0
True,3.29207468819371,0
True,1.20736517721551,0
True,0.776509374582545,0
True,1.20618188055065,0
True,2.92513483392544,0
True,2.00107802357918,0
True,1.24190949556642,0
True,1.42826048400687,0
True,1.8707051362481,0
True,1.87115647325398,0
True,0.952642125464191,0
True,1.06208667557795,0
True,2.73287956861614,0
True,1.28975729671821,0
True,1.47726710030526,0
True,1.59205031908583,0
True,1.50378609677094,0
True,0.99241572792181,0
True,1.5737410347591,0
True,3.76325438479405,0
True,2.07222959647334,0
True,0.840954289592173,0
True,0.798794657057972,0
True,2.35703832194209,0
True,2.70134781555199,0
True,2.22676077417347,0
True,4.00184510311141,0
True,1.9279597940131,0
True,1.42912006038297,0
True,2.95750046874052,0
True,2.64920612094319,0
True,1.27286062160243,0
True,0.878172759564032,0
True,1.02314454326586,0
True,2.14828744180711,0
True,1.42944377498491,0
True,2.3866813530426,0
True,2.07463830246856,0
True,1.86842289160057,0
True,1.67956902505731,0
True,2.20800384030164,0
True,1.57950540431864,0
True,3.45270695173934,0
True,2.22185607391831,0
True,0.898459848963604,0
True,3.73306533755062,0
True,2.11770053316757,0
True,1.61679865625868,0
True,1.01137075626598,0
True,1.23030888891032,0
True,1.32286024650994,0
True,0.988998787827066,0
True,1.71773746144189,0
True,1.32080179078166,0
True,1.07716859268528,0
True,1.70358591699721,0
True,1.87788705767423,0
True,1.95226407433471,0
True,2.21697284474222,0
True,2.7717384180159,0
True,1.50332070503585,0
True,1.60876239885491,0
True,3.75237977661363,0
True,1.37763514671399,0
True,2.66199892077175,0
True,2.33567770320891,0
True,1.7263898476061,0
True,1.57073343243909,0
True,2.13505614278691,0
True,3.49855847291808,0
True,3.70857745833953,0
True,1.67872275422371,0
True,2.58055787034047,0
True,2.16378824421827,0
True,1.04281075537314,0
True,1.98549340763609,0
True,2.84177166851338,0
True,1.71992486404323,0
True,1.80821213408564,0
True,1.28310759604086,0
True,1.62954348272834,0
True,1.50602584575387,0
True,2.01431731845453,0
True,0.92051502460445,0
True,1.7569654855514,0
True,0.654064000002386,0
True,2.03701500549066,0
True,1.83777724323495,0
True,4.43741882711012,0
True,3.63169711372327,0
True,1.22155581718077,0
True,2.61160109767247,0
True,0.669707172535136,0
True,4.34335700478269,0
True,1.21117116694671,0
True,1.72377585082679,0
True,1.18838006551391,0
True,2.73304560758937,0
True,1.95986735430046,0
True,0.880649492570259,0
True,1.18693723597654,0
True,2.32080788630222,0
True,2.14808529338134,0
True,1.58045992039515,0
True,1.65578385401376,0
True,1.66589072263988,0
True,2.51638527998805,0
True,3.30979030240804,0
True,2.68930215631701,0
True,2.88466503453968,0
True,1.58458480554336,0
True,3.42063983997287,0
True,2.0167041645193,0
True,1.46298363111051,0
True,2.2131647672533,0
True,2.22746267298823,0
True,2.1482311091858,0
True,2.82714364144752,0
True,2.17121757195057,0
True,0.76344098271171,0
True,1.98221907121121,0
True,1.23368084866008,0
True,2.18452322928552,0
True,0.845053694148598,0
True,1.18580325417188,0
True,2.06348512792371,0
True,1.80760443725433,0
True,1.81170042906081,0
True,1.2479741627866,0
True,1.98610963579976,0
True,4.20590446546934,0
True,3.11356473654912,0
True,1.87090454629096,0
True,1.36939375166188,0
True,2.86177922925301,0
True,3.81550343042853,0
True,3.22053106474217,0
True,1.10072935832226,0
True,1.35119163202851,0
True,2.49970114504754,0
True,1.58766765820221,0
True,0.819714416211321,0
True,0.718781912620902,0
True,1.52294728855701,0
True,2.05896872213678,0
True,1.25183909458305,0
True,0.56725496378158,0
True,2.1104707493195,0
True,1.48146194152636,0
True,3.02717387044443,0
True,2.80106384532947,0
True,1.13149081979066,0
True,1.27973216395729,0
True,1.65096840236251,0
True,2.61040344634396,0
True,2.4454011757234,0
True,1.65996586015074,0
True,2.29116850644193,0
True,1.51199479172565,0
True,3.24078434771199,0
True,1.63365697648032,0
True,1.73553419577783,0
True,2.04583574662624,0
True,1.36123658507251,0
True,0.957511020191931,0
True,1.92232389556705,0
True,1.59088498194419,0
True,1.39378287730387,0
True,3.41478517561319,0
True,1.1965695860588,0
True,1.64858883382873,0
True,3.06858787567182,0
True,1.97010229958194,0
True,2.72025043065096,0
True,1.30158382119198,0
True,1.80095897757442,0
True,2.13864651928708,0
True,2.39231804934929,0
True,3.24523959078008,0
True,1.68534524074121,0
True,1.92589256700636,0
True,2.20586305832884,0
True,0.850027575207719,0
True,1.77525150917162,0
True,2.08223571272695,0
True,2.81708038889163,0
True,2.44948114879375,0
True,3.56410695089948,0
True,1.33226052278136,0
True,1.28087363150523,0
True,1.88647658420061,0
True,1.37111727399495,0
True,3.75912729395326,0
True,1.19748020584671,0
True,3.03103963861232,0
True,1.82246593522811,0
True,1.08289191294325,0
True,3.03149423818047,0
True,1.61182654239599,0
True,2.09083919101858,0
True,1.88544755426811,0
True,1.17548182077652,0
True,1.36548647832519,0
True,0.718684540432034,0
True,3.89472323845593,0
True,3.87891037015143,0
True,1.8314325544636,0
True,1.23401671498407,0
True,1.65686032841858,0
True,1.2551082392233,0
True,0.851713422411043,0
False,0,0.000164375594607625
True,2.56179030366316,0
True,2.34454793315552,0
True,2.56778214088023,0
True,1.8567312390061,0
True,1.80203752179857,0
True,1.27234348534349,0
True,2.37297825838929,0
True,1.10029283934399,0
True,1.92868765031886,0
True,2.84306075100553,0
True,1.72413787471529,0
True,2.35040195909146,0
True,0.943897784194119,0
True,1.24728187008997,0
True,2.95400468307825,0
True,3.36146436658672,0
True,1.55671180885129,0
True,1.20168476272786,0
True,1.94259701818349,0
True,1.94867716115216,0
True,1.407356275376,0
True,2.2730861707677,0
True,1.04763177656263,0
True,0.765055103175304,0
True,1.80088303284597,0
True,1.3235942126945,0
True,0.626020202396253,0
True,1.76762742069994,0
True,2.96892412589075,0
True,2.32803853067777,0
True,1.56009222887929,0
True,1.26186153531872,0
True,3.82369897156172,0
True,1.91949848632706,0
True,3.46078111713692,0
True,1.92510742765199,0
True,1.45198709084206,0
True,3.06482650533719,0
True,3.27416312442541,0
True,3.20915045816304,0
True,2.07250755813892,0
True,1.42283652128159,0
True,1.91892961334471,0
True,1.48681563995865,0
True,1.69429626497138,0
True,1.51775642699794,0
True,2.49883704750773,0
True,1.77148097123071,0
True,3.02847749335858,0
True,2.26347040828383,0
True,1.61351743329214,0
True,2.50216539344633,0
True,1.06739176039201,0
True,2.27014755852111,0
True,2.53042228713173,0
False,0,8.25964571840458E-05
True,1.42849124241969,0
True,2.1216158541007,0
True,3.78802687131241,0
True,1.85485343207611,0
True,1.28785032106022,0
True,1.90821210676084,0
True,1.54104378871559,0
True,1.88916222007686,0
True,3.51687962212318,0
True,2.27217373695333,0
True,1.01535962116868,0
True,0.791951716440494,0
True,1.07476292744879,0
True,0.907754472310836,0
True,1.62144878593091,0
True,1.91173183395677,0
True,2.94618433443692,0
True,1.2893058210799,0
True,2.79083902277023,0
True,1.42521752507792,0
True,2.69731495165086,0
True,1.72753763061583,0
True,0.936059928689616,0
True,1.97654368866088,0
True,2.08804775750746,0
True,2.14656876855939,0
True,1.1894119636247,0
True,2.94698499330831,0
True,1.22139602839062,0
True,1.18191623442397,0
True,2.82317233412965,0
True,3.0747036549197,0
True,1.9871250457486,0
True,1.29147985588739,0
True,0.373192242730078,0
True,3.04017123116048,0
True,1.40464375945488,0
True,2.05676842794929,0
True,0.762148907068514,0
True,1.28567360329432,0
True,1.73428474618156,0
True,0.836104159010322,0
True,1.58601275885934,0
True,1.24155909353555,0
True,1.06047628502484,0
True,2.84646239371164,0
True,1.63388041986454,0
True,0.858266422301785,0
True,3.4186754533598,0
True,2.20310288963842,0
True,1.38843435609753,0
True,1.41579877119946,0
True,1.01843292436906,0
True,1.76589574514798,0
True,1.12856078659269,0
True,0.713501452607834,0
True,1.26471815827645,0
True,2.60298346783126,0
True,1.44855124674752,0
True,1.59445606750942,0
True,1.69194247581785,0
True,0.95911100332129,0
True,2.86988707109547,0
True,3.09459490823766,0
True,2.31974102273158,0
True,2.6088983455098,0
True,1.39727470817996,0
True,1.27761701965594,0
True,1.34757238222211,0
True,1.50417213139407,0
True,1.95597166371546,0
True,1.4936736076295,0
True,1.70456982344631,0
True,2.48732618474416,0
True,2.20623321062941,0
True,2.58809749014427,0
True,3.46497795934987,0
True,2.27496386619514,0
True,2.37746564855147,0
True,2.57312222332827,0
True,1.63741887102288,0
True,3.68180102458521,0
True,1.93411227173651,0
True,1.86605378630488,0
True,1.32747491290354,0
True,1.25946318511855,0
True,0.966006387656627,0
True,2.04394987452334,0
True,2.46606373553088,0
True,1.87081413178949,0
True,0.850107219404379,0
True,2.87341905509925,0
True,2.16529277474938,0
True,2.85598994594803,0
True,1.03747539848153,0
True,1.26039938137389,0
True,1.63593779425787,0
True,2.84063181412093,0
True,2.21092431763105,0
True,1.78119622743629,0
True,1.81928247629954,0
True,0.904368229025441,0
True,1.32723557295693,0
True,0.848312051817504,0
True,1.40846984032725,0
True,1.82558823946967,0
True,0.694066783003996,0
False,0,0.00017089829931403
True,1.22348102173361,0
True,1.46179287733374,0
True,1.764903919446,0
True,1.93490091134838,0
True,3.71589707405609,0
True,3.08663227992655,0
True,1.36380620620744,0
True,4.11052980268124,0
True,1.29301277921769,0
True,1.52706386973559,0
True,1.74308435914378,0
True,1.52365005193624,0
True,1.51048447087657,0
True,1.70959417380438,0
True,1.23887970507476,0
True,0.877338915278264,0
True,1.07285797303429,0
True,1.70007728807736,0
True,1.78565760189957,0
True,3.08868124587833,0
True,1.67216076595583,0
True,3.53052202648226,0
True,1.70893038560077,0
True,1.17207909242444,0
True,1.37610104503535,0
True,1.93445102660471,0
True,1.59740402804838,0
True,2.42087152202981,0
True,1.29698691140594,0
True,1.86179605185061,0
True,1.85485575311523,0
True,1.06223658972276,0
True,2.26098974239828,0
True,0.845854837845821,0
True,1.76986549534377,0
True,1.62505854833743,0
True,2.10029699406315,0
True,2.61668889863771,0
True,1.81826618889086,0
True,3.07808661276943,0
True,3.36524792536264,0
True,2.77570877541622,0
True,1.59229289143302,0
True,1.76467759146712,0
True,1.51746815792764,0
True,1.85247332993431,0
True,1.2239149243893,0
True,1.50642195420831,0
True,1.33601828144702,0
True,3.34080772269727,0
True,2.03727257814737,0
True,0.781394348798811,0
True,2.84815654094651,0
True,1.54619749525613,0
True,1.04269557228579,0
True,1.37493886590183,0
True,1.40648271153245,0
True,1.40731229905234,0
True,1.19582888771307,0
True,1.34499784764173,0
True,3.18292338419145,0
True,4.20693346437707,0
True,2.64846116701261,0
True,2.56008262514669,0
True,1.67053785932633,0
True,0.835294462696142,0
True,1.08613876310143,0
True,1.206421638175,0
True,3.68124640657361,0
True,1.37815946457153,0
True,1.88163335013998,0
True,2.47899537714234,0
True,1.7315930286375,0
True,1.53408691989277,0
True,2.92324446083751,0
True,1.15513351032828,0
True,1.78512187161919,0
True,1.05951290953553,0
True,1.02336263365363,0
True,1.3770940324726,0
True,1.13888098442216,0
True,0.76975702699785,0
True,1.57657004172404,0
True,2.11695424676292,0
True,1.11212227190504,0
True,1.7459343470338,0
True,3.57580762408564,0
True,2.64568763736634,0
True,2.55705742982873,0
True,1.69518789154441,0
True,1.36260783238344,0
True,0.974615672008543,0
True,2.24539792538441,0
True,2.65551006364944,0
True,1.0800968612926,0
True,1.33481184206441,0
True,2.22150258980167,0
True,2.26081650414914,0
True,0.5006767340389,0
True,2.13584289102118,0
True,1.59358541681784,0
True,2.5569562234684,0
True,3.96950851403289,0
True,1.30433904067784,0
True,2.87627124810168,0
True,1.64351480675404,0
True,1.8612988914681,0
True,2.45163980459935,0
True,1.6432231084316,0
True,1.25458034398711,0
True,2.30831181155589,0
True,1.73207200718249,0
True,1.35188548853117,0
True,0.993127174010956,0
True,0.719737679612779,0
True,2.83985303462361,0
True,0.772836260444467,0
True,1.13030625115401,0
True,0.598597334002922,0
True,1.69224857249084,0
True,1.38289610582502,0
True,2.88281750866644,0
True,1.80789685739231,0
True,1.95274310710285,0
True,2.10642761219041,0
True,3.34624025367244,0
True,2.34946344104435,0
True,2.40931418698044,0
True,3.20351900287854,0
True,2.46260771917357,0
True,1.32142664016428,0
True,0.965316818266832,0
True,1.2792327256586,0
True,2.31938963640686,0
True,1.35910807629321,0
True,1.89328835806722,0
True,1.21524453853369,0
True,1.65256557637318,0
True,2.19180822364239,0
True,1.93650613649882,0
True,1.67263005481839,0
True,1.80215375043509,0
True,2.19786732950785,0
True,2.65825344779327,0
True,2.90103467275048,0
True,2.64824880351594,0
True,1.47734335155841,0
True,1.2477279353726,0
True,1.88407148467316,0
True,2.0251560784764,0
True,1.44218829769663,0
True,3.03952696263203,0
True,1.29693296140536,0
True,2.06314648577647,0
True,1.35020444106174,0
True,0.859323209421575,0
True,2.70359462970296,0
True,1.9661572144589,0
True,1.98925842391104,0
True,2.82995083040855,0
True,2.12121187307342,0
True,1.34531863467075,0
True,0.946337953465478,0
True,2.85487363053706,0
True,2.09800651126527,0
True,2.51904264593071,0
True,1.98763274988083,0
True,2.74082523315867,0
True,2.4883225283706,0
True,2.4595640307302,0
True,2.22998501242302,0
True,2.64826018189773,0
True,1.3339514955838,0
True,1.75946219550056,0
True,2.29879512893252,0
True,2.75475189917168,0
True,2.36772737615495,0
True,3.06261023756812,0
True,2.4798970123167,0
True,2.1841741802649,0
True,1.55369397237396,0
True,0.970365850562502,0
True,1.97310208435863,0
True,2.34602508610683,0
True,0.782221112512044,0
True,2.06909216190101,0
True,3.96276830199952,0
True,1.13209953392851,0
True,1.35875236082471,0
True,3.24593130790847,0
True,1.12633440716435,0
True,3.47889691301803,0
True,1.45389107437271,0
True,1.1363325738969,0
True,1.50661103629202,0
True,2.09014286948124,0
True,1.68010019822215,0
True,2.99132955433463,0
True,3.06593860080701,0
True,2.7163919191847,0
True,1.46585588494641,0
True,1.06758300543571,0
True,0.785549992847845,0
True,0.972778494835274,0
True,1.87305697484483,0
True,0.956424569537137,0
True,1.39912414745602,0
True,1.00826447856212,0
True,1.58761599622338,0
True,2.17122570902165,0
True,3.87779017515303,0
True,1.84713349969474,0
True,2.57775818854002,0
True,2.3758522918567,0
True,2.67344975075332,0
True,2.33318150571752,0
True,1.61948304937614,0
True,1.98546440678679,0
True,1.22509771560581,0
True,2.0559015172192,0
True,2.17340448419265,0
True,2.02064062893481,0
True,1.33904950207678,0
True,3.08143895085658,0
True,1.12141873777692,0
True,1.71814760864972,0
True,2.10735618572884,0
True,1.25893413748291,0
True,1.02409412031388,0
True,1.07220512988137,0
True,2.70760337000871,0
True,2.61830860901966,0
True,1.64449823817519,0
True,1.7036545097883,0
True,2.5016001060985,0
True,1.14400813678388,0
True,2.21182465118362,0
True,2.13541299516902,0
True,2.90936089006132,0
True,1.38562440459622,0
True,0.821512859935138,0
True,1.42856446343415,0
True,1.44780263031502,0
True,0.826002250782569,0
True,1.16370603128946,0
True,2.43253524259683,0
True,1.99472016549683,0
True,0.995263089016574,0
True,1.02320469548388,0
True,1.11172695132396,0
True,2.1312375006174,0
True,1.76994519465761,0
True,1.50830639345364,0
True,3.14163229739439,0
True,3.75537316529687,0
True,1.25771326151732,0
True,2.11544661395996,0
True,1.36185407407173,0
True,1.80398182243215,0
True,0.993081810610846,0
True,1.7052138547558,0
True,0.709980518637059,0
True,4.16860132330425,0
True,2.95965883373712,0
True,1.62830725022312,0
True,2.79299591065984,0
True,1.48540528373511,0
True,1.40253179088097,0
True,1.21731283242322,0
True,1.51355997443466,0
True,0.954656172223493,0
True,0.834234246288912,0
True,3.66784229962187,0
True,1.61767786280564,0
True,1.71096559250648,0
True,2.08189114320031,0
True,2.61386218631915,0
True,2.16957562056405,0
True,2.50911552541688,0
True,0.978885634154634,0
True,1.1320019358519,0
True,2.37914207076073,0
True,1.14911478922437,0
True,2.26592627433323,0
True,2.14125475703506,0
True,1.24379073801201,0
True,2.76052644122325,0
True,2.27211321890466,0
True,1.48444283717095,0
True,1.01776683494076,0
True,3.06403461699583,0
True,2.25163215705741,0
True,1.77599902486926,0
True,1.64943150198091,0
True,2.52980720914623,0
True,0.952627337386667,0
True,2.00092547080366,0
True,3.89623926729361,0
True,2.54663604125626,0
True,1.20413703999108,0
True,2.02259983633077,0
True,2.78194025595904,0
True,2.97922914751046,0
True,3.10015564219243,0
True,1.86836931074054,0
True,1.66552363865949,0
True,1.63545341024273,0
True,0.969059340239429,0
True,1.329267236908,0
True,2.13264196103072,0
True,1.47710902516528,0
True,2.72614805224156,0
True,3.68217731535052,0
True,2.03757402574051,0
True,0.720487450575621,0
True,1.51955057143808,0
True,2.91209537907541,0
True,2.14842054806941,0
True,1.66022046753711,0
True,1.41494916446917,0
True,1.30335954802874,0
True,1.80291631299034,0
True,1.22345363938433,0
True,2.6649756995895,0
True,1.78458430524117,0
True,2.67129026814158,0
True,1.70578681580174,0
True,1.85945567267864,0
True,2.4162728548146,0
True,1.36249645951492,0
True,2.19649828219615,0
True,1.63917193044423,0
True,2.47677959240654,0
True,2.24877657355968,0
True,1.86116954333134,0
True,1.17764014817699,0
True,1.04593507087988,0
True,1.70420718320623,0
True,1.05172629713842,0
True,2.87557850373456,0
True,1.33314029007964,0
True,1.88514425063429,0
True,1.63674596601791,0
True,2.56297687787826,0
True,3.21498249366937,0
True,2.99699973543593,0
True,2.67819493853477,0
True,2.06788266270142,0
True,0.617155616856396,0
True,1.20933163024591,0
True,0.634860242959113,0
True,3.49079619227333,0
True,2.64546444678584,0
True,1.38078860601811,0
True,1.17665357725091,0
True,0.971618910132645,0
True,1.60368374650954,0
True,1.23544652098022,0
True,1.63850118350496,0
True,1.18380900829372,0
True,0.694486973453819,0
True,2.02407702036053,0
True,1.97808020737638,0
True,2.60308245146444,0
True,2.74774205037148,0
False,0,9.78730958971535E-05
True,1.58756927919174,0
True,1.53904903477778,0
True,2.73253404394365,0
True,1.69241215144025,0
False,0,8.09332934336911E-05
True,2.6556412296884,0
True,0.953626305485922,0
True,1.55483708680925,0
True,1.9500904714733,0
True,1.56353455563262,0
True,1.89021595176049,0
True,2.41059781559536,0
True,4.25024729322648,0
True,1.34383121031291,0
True,3.13227906933017,0
True,2.6621107664259,0
True,1.1576833307701,0
True,2.39427330523939,0
True,1.25950148960149,0
True,1.48227295868433,0
True,2.61708799178245,0
True,1.51981084963836,0
True,1.98940100580339,0
True,2.05105559074756,0
True,1.6237069773082,0
True,2.58743401960953,0
True,0.844665293204611,0
True,3.42979780079338,0
True,2.95201932164805,0
True,0.657107697950809,0
True,1.58741517895953,0
True,1.73646818640369,0
True,2.82424637230617,0
True,1.04014363056819,0
True,2.21082263366653,0
True,1.24915488664203,0
True,2.14498796064338,0
True,0.760513946495258,0
True,1.96428842614729,0
True,1.72418259984037,0
True,2.15400083840241,0
True,1.50349107323,0
True,2.52945131136908,0
True,1.58600423303819,0
True,1.69768484505436,0
True,1.93469430234746,0
True,0.686552259690136,0
True,2.39147514598378,0
True,1.7472470771276,0
True,2.09273833105345,0
True,2.51828018338812,0
True,1.81139007361925,0
True,1.23188989821409,0
True,2.35447317878494,0
True,2.9458267075104,0
True,2.95508112368651,0
True,1.44724540687446,0
True,3.6908106175787,0
True,2.83667241338165,0
True,0.837409355939634,0
True,1.01492646283895,0
True,0.969228015423932,0
True,1.01109264840922,0
True,0.931191990918806,0
True,1.80826777944454,0
True,1.63471517769219,0
True,1.26851764937482,0
True,2.38454415970662,0
True,1.47508905674225,0
True,1.54622020459837,0
True,1.62008182119124,0
True,1.36741334341135,0
True,2.89941020981172,0
True,1.15315372459715,0
True,1.87573310173211,0
True,1.24740209037466,0
True,1.69047294619158,0
True,3.63891757554646,0
True,2.31011238569443,0
True,0.891749229534153,0
True,1.33949872903061,0
True,2.6569143713651,0
True,1.52967578486294,0
True,0.870077954527297,0
True,1.81674109290092,0
True,1.5403624770731,0
True,1.35284934452079,0
True,2.84323126085191,0
True,1.52119183184733,0
True,1.80565390062745,0
True,2.07027476918447,0
True,3.04407827640286,0
True,1.05935014261982,0
True,0.873018588260874,0
True,2.9853666981951,0
True,3.48650635546829,0
True,2.2838412065681,0
True,1.83545431932614,0
True,1.78232912928069,0
True,0.77152957323311,0
True,1.96848852907945,0
True,1.93388786296826,0
True,1.81585945938432,0
True,3.96029476572614,0
True,1.61778273052028,0
True,1.33803801771794,0
True,2.31295638148245,0
True,1.21359702324538,0
True,1.00852109557697,0
True,3.0182990291434,0
True,3.10228819522225,0
True,2.97014663258367,0
True,1.06240619457878,0
True,3.56136486338688,0
True,2.14607929983995,0
True,1.24136987715903,0
True,1.28793039893643,0
True,1.21712771088865,0
True,1.36114397467523,0
True,1.78178388846128,0
True,2.05650779698917,0
True,2.26503787819925,0
True,2.08968847634599,0
True,1.06890831716341,0
True,0.847540381143632,0
True,2.33175068517878,0
True,1.2496635062302,0
True,1.87436190990672,0
True,1.87357011621365,0
True,2.96634957304131,0
True,2.13152484083533,0
True,3.29491015102549,0
True,2.61893194873847,0
True,1.70575972009306,0
True,3.35922227198241,0
True,1.84864344065388,0
True,0.701582520428796,0
True,1.73098098575138,0
True,2.58138592497811,0
True,2.15277420909631,0
True,2.71729447324643,0
True,1.65970807301474,0
True,3.11560972164391,0
True,2.10721180229562,0
True,1.53266234185026,0
True,0.995716820239469,0
True,0.952083174135663,0
True,2.0098170576357,0
True,1.87228766780444,0
True,2.19050914730808,0
True,1.4090706356162,0
True,1.93001157679467,0
True,3.76633191038254,0
True,0.626713044735588,0
True,1.51659860568953,0
True,1.39602132744622,0
True,0.728303796345084,0
True,0.827511079856325,0
True,0.733558938130551,0
True,1.63117089728606,0
True,1.13445611702537,0
True,2.31795104931364,0
True,1.97557921062007,0
True,1.84554701655752,0
True,2.73432899111725,0
False,0,0.000619821107447963
True,2.27640513407478,0
True,1.03990283525223,0
True,1.95080695462928,0
True,2.24653033727004,0
True,1.57176029136543,0
True,4.15670619398135,0
True,2.33027161433649,0
True,1.08861237146926,0
True,1.18786638626665,0
True,0.831284247192783,0
True,1.89601560674341,0
True,2.46327079268945,0
True,1.09728791224531,0
True,3.13605643160558,0
True,1.00716936491319,0
True,3.02523790151188,0
True,3.81748285707166,0
True,2.1611099411937,0
True,1.78456944799227,0
True,3.73200440929932,0
True,2.13175020028449,0
True,1.09935390336869,0
True,1.39813920560616,0
True,0.99421904183577,0
True,2.89555824739633,0
True,1.72045870630659,0
True,2.13460210236856,0
True,1.84834033082143,0
True,3.47922426978556,0
True,1.96922630400723,0
True,1.44210626133112,0
True,1.58395455862493,0
True,1.42264802410874,0
True,1.65571679702349,0
True,1.41203324788993,0
True,1.14018113847675,0
True,2.32097710717967,0
True,1.78827994093598,0
True,1.65082518910571,0
True,1.37319112813415,0
True,1.71310235499945,0
True,1.39365696231416,0
True,1.30746008247366,0
True,0.892361203587864,0
True,1.6497106484585,0
True,0.907987193566312,0
True,2.75664202682717,0
True,2.59645160300747,0
True,0.77103574139491,0
True,1.96278231338167,0
True,1.26490464675593,0
True,1.19315310741274,0
True,1.78869609714189,0
True,2.67038801465058,0
True,1.9140797164552,0
True,0.82519412567963,0
True,2.49028495181588,0
True,1.9741086937887,0
True,1.4168758677822,0
True,0.763149189438969,0
True,2.26575019046969,0
True,0.879817838308486,0
True,0.808991328858341,0
True,0.923882764937557,0
True,1.74099805416547,0
True,1.95850590000966,0
True,1.51047877981462,0
True,3.6423893826629,0
True,1.94350789693029,0
True,2.01413304673025,0
True,1.11983018628529,0
True,2.16846114488213,0
True,4.33085446706686,0
True,1.82036948165507,0
True,1.71151914309154,0
True,2.04341039023369,0
True,2.15561419105709,0
True,4.14049833312504,0
True,1.97648014753877,0
True,2.22756637708971,0
True,2.05400928046156,0
True,2.39652373226755,0
True,3.10870285908404,0
True,2.52387650206909,0
True,3.39456485911116,0
True,1.81426626130754,0
True,1.62002579425195,0
True,1.11608598919523,0
True,1.55001343205324,0
True,1.75530781976458,0
True,1.49934842697312,0
True,3.36501745869635,0
True,2.26180253195626,0
True,0.841897681653264,0
True,1.24047843403908,0
True,1.86505133622556,0
True,3.48469434158642,0
True,1.71287685694996,0
True,1.53845962354621,0
True,1.44591879517665,0
True,1.77729615172429,0
True,1.34371009905706,0
True,2.60629313540761,0
True,0.871869028789228,0
True,1.60923255317994,0
True,1.41679295976745,0
True,1.0456758443836,0
True,1.59192375757396,0
True,1.54452198464077,0
True,1.39879099987696,0
True,2.75991927639035,0
True,2.69727648473549,0
True,1.06186682813282,0
True,4.13316352151679,0
True,4.45686478339438,0
True,2.45974095791157,0
True,1.16250611814821,0
True,2.71693016776503,0
True,1.99038899840722,0
True,2.30023889327503,0
True,0.948798181735501,0
True,3.05312463557925,0
True,1.5403757364033,0
True,2.54481683629224,0
True,1.94402419244015,0
True,1.52040334017307,0
True,1.77590976544133,0
True,3.89562253568901,0
True,1.9994613354746,0
True,1.28016223543706,0
True,2.35925429908174,0
True,1.82503856730273,0
True,1.69527370919082,0
True,1.68825647081807,0
True,2.11477404093894,0
True,1.33233235117182,0
True,1.10680862251039,0
True,1.59223637061286,0
True,2.45122740246607,0
True,1.02372803565504,0
True,2.30919522664762,0
True,1.705692361089,0
True,2.25425257687282,0
True,2.93442116695738,0
True,0.939397567696831,0
True,0.884449243369948,0
True,1.63545660753381,0
True,1.53431533079385,0
True,4.45051729172613,0
True,2.18749835411989,0
True,1.05468717105503,0
True,1.64857809326277,0
True,1.7090486680507,0
True,2.24124667586459,0
True,1.25940836717802,0
True,0.590293209741779,0
True,1.81432871433166,0
True,2.92197673426854,0
True,1.7120343534915,0
True,1.75246639438848,0
True,1.49239380304714,0
True,0.932288454797709,0
True,2.96931832550634,0
True,1.8606718058198,0
True,2.20169645702786,0
True,0.923082814694618,0
True,1.1433262730449,0
True,4.34926628332971,0
True,1.02048271916293,0
True,0.922619295027178,0
True,0.703945275454687,0
True,1.195880938468,0
True,1.63144081492595,0
True,2.03878067904558,0
True,1.04240347726133,0
True,3.50071701516539,0
True,0.688768368732764,0
True,1.07048897310398,0
True,1.98180253349839,0
True,1.85028061661968,0
True,1.19452060679537,0
True,1.82762559915103,0
True,1.04323731282867,0
True,1.3801100592598,0
True,2.5498700087624,0
True,1.25994172940381,0
True,3.99230014010336,0
True,0.993700900413967,0
True,2.35601530349184,0
True,1.39805906383705,0
True,4.24478912308689,0
True,4.16126200066819,0
True,1.34095825326516,0
True,1.96897202126271,0
True,1.99557482292799,0
True,1.26852891034563,0
True,0.812895417653149,0
True,1.15456430553945,0
True,2.1798497539935,0
True,4.02024438365902,0
True,4.15456061280324,0
True,1.7485568056906,0
True,0.861211408260386,0
True,0.802387368960631,0
True,2.42044049004038,0
True,3.15620998954311,0
True,2.35325836320553,0
True,1.15315049555813,0
True,2.32123169405426,0
True,2.71415118727119,0
True,2.70725612874875,0
True,2.04994155906585,0
True,1.38899469337201,0
True,1.35171097451715,0
True,1.50754135223647,0
True,1.395978204169,0
True,0.97374197759582,0
True,1.86207294438232,0
True,0.881408034550375,0
True,1.02449988473466,0
True,1.83726414950874,0
True,2.9611610146656,0
True,2.39065682221895,0
True,1.64639294286079,0
True,2.0266019133928,0
True,1.75177804409516,0
True,2.02637908702746,0
True,1.33139283625479,0
True,1.70249184317812,0
True,1.70561792088333,0
True,0.986755560092103,0
True,2.28208795072297,0
True,1.42396820666771,0
True,0.694434681107411,0
True,1.50690990755667,0
True,1.71286796093892,0
True,1.65096280894631,0
True,1.55187904757199,0
True,2.20768654731724,0
True,2.08470363409157,0
True,1.13891986366903,0
True,1.46490909097066,0
True,1.99908289595689,0
True,3.51816963415726,0
True,1.59390341191768,0
True,1.6019445982787,0
True,1.12707341787692,0
True,3.74126938185931,0
True,2.42566107052209,0
True,0.805861682266433,0
True,2.59776179775113,0
True,1.38256221818025,0
True,3.0620172038756,0
True,1.93884414521954,0
True,4.01013325789479,0
True,1.61084716718011,0
True,2.77668183280924,0
True,1.66906518097943,0
True,2.35801589214052,0
True,1.68645326947703,0
True,2.06282217475158,0
True,1.81325608928554,0
True,1.67175954766042,0
True,1.1416105685293,0
True,1.79959134397385,0
True,2.86837133701074,0
True,1.63144677126628,0
True,1.48510302358644,0
True,2.44924816638976,0
True,1.73576799673388,0
True,1.82572335011157,0
True,2.4839253076282,0
True,1.43526096040015,0
True,3.0280970331343,0
True,0.532037678827641,0
True,1.22376351081858,0
True,1.61600231383047,0
True,2.84451078969118,0
True,1.34508512856096,0
True,0.722385540981595,0
True,2.03793629129233,0
True,1.38459716699009,0
True,3.27393392575798,0
True,1.60182109263199,0
True,2.09276467545317,0
True,1.54310043972808,0
True,1.49370910367425,0
True,2.09210444292799,0
True,2.22290589668971,0
True,2.46106786882324,0
True,1.17594827024301,0
True,1.41569513812586,0
True,3.24141927631816,0
True,1.74008232029303,0
True,1.56083053543239,0
True,0.911031721915546,0
True,0.963590592735745,0
True,1.5531719750383,0
True,0.871572579804988,0
True,2.37470411425712,0
True,1.34278567599087,0
True,2.05745343717345,0
True,1.60060616384714,0
True,3.36263484902949,0
True,1.22960534648869,0
True,1.69526087621409,0
True,1.17453137340637,0
True,2.25793842807276,0
True,1.15099338361258,0
True,1.22680213442624,0
True,1.32213683961856,0
True,2.67119513193254,0
True,1.41914983900354,0
True,2.06457430324163,0
True,4.2377816874833,0
True,1.53908523828419,0
True,0.987732649069641,0
True,2.34884289851978,0
True,1.95544431444226,0
True,1.53680277713897,0
True,0.921897099171936,0
True,1.9943382461767,0
True,1.96241056431129,0
True,1.81001097690661,0
True,1.22681347585491,0
True,1.76824247070009,0
True,1.73605844394825,0
True,2.03636277445281,0
True,0.964387201063955,0
True,1.39779887559438,0
True,2.68595887733185,0
True,2.92788667735845,0
True,1.13682396356418,0
True,3.01931962467989,0
True,2.4555310617677,0
True,1.42376223389201,0
True,0.872197036816023,0
True,4.48168784800935,0
True,2.44130194284885,0
True,1.0596838231117,0
True,1.62645286045323,0
True,1.87881945447415,0
True,1.38989582660906,0
True,0.748997659213153,0
True,1.4813605435593,0
True,1.05983319201336,0
True,4.03150042294621,0
True,1.531892601561,0
True,1.26565290115298,0
True,3.69907892830937,0
True,1.03859788965068,0
True,2.61064247271853,0
True,1.16651805485498,0
True,3.23494003464757,0
True,3.5558610456171,0
True,0.799921952904073,0
True,1.14723204460818,0
True,1.54300177826876,0
True,2.17447185696682,0
True,1.42122205243822,0
True,2.55444146485365,0
True,2.02364655226947,0
True,1.82610516854909,0
True,1.36379688658092,0
True,0.869605748591917,0
True,1.81267095682522,0
True,1.86274862627986,0
True,2.34960362480108,0
True,1.05296918063197,0
True,2.31623936085967,0
True,2.10478834453323,0
True,1.0604010220608,0
True,0.935290494856433,0
True,1.49545823679251,0
True,1.93271209302517,0
True,1.56945843973507,0
True,1.4764358434384,0
True,1.60368945328539,0
True,1.28510519801304,0
True,1.18911320859281,0
True,2.92218747187206,0
True,2.42426499034166,0
True,3.37606635637785,0
True,2.40968212878677,0
True,1.77287845959405,0
True,0.684969042796358,0
True,1.20594059558037,0
True,1.85780229316991,0
True,1.17294373415874,0
True,1.78952009859163,0
True,1.90679640254562,0
True,2.45346008389657,0
True,1.52504574877538,0
True,1.17649327388464,0
True,3.28817871996968,0
True,3.99426371215642,0
True,2.8822642420706,0
True,2.1658450599968,0
True,2.21194870910977,0
True,1.7075479569021,0
True,1.68290774352129,0
True,1.84711762667375,0
True,1.6013490033176,0
True,0.611683072346004,0
True,1.66580351791413,0
True,2.58024180319864,0
True,1.99949189585583,0
True,1.44578590859592,0
True,2.06872978228318,0
True,1.72290868593849,0
True,2.34434928301684,0
True,2.22909888513349,0
True,1.3103968158351,0
True,2.03980881146938,0
True,1.73329117279289,0
True,1.06604886114759,0
True,0.749674457622264,0
True,2.11367513538827,0
True,1.30771597393502,0
True,3.52660547177498,0
True,1.29913341049567,0
True,2.02947329443193,0
True,1.67930823240734,0
True,2.23763094544047,0
True,1.40338051121928,0
True,1.78994101234157,0
True,1.26945076135438,0
True,0.991196855479434,0
True,1.98620722222923,0
True,0.910928632707565,0
True,2.17118708544599,0
True,3.78855208845048,0
True,0.917338639431755,0
True,1.62878865566025,0
True,0.914083548274406,0
True,1.76054595043513,0
True,2.83017369414303,0
True,2.95049278258257,0
True,3.224069933314,0
True,1.80215839626375,0
True,1.0535538633348,0
True,1.52058405222481,0
True,1.63362915400533,0
True,0.978093573220864,0
True,1.50678747789092,0
True,2.23382884880282,0
True,2.34469478782831,0
True,4.05594181856167,0
True,1.20468909394863,0
True,2.87500881241741,0
True,2.92513930087614,0
True,2.0641377711414,0
True,1.93153785243969,0
True,2.00231433903613,0
True,1.24688685541106,0
True,3.49913488313948,0
True,4.00353127529676,0
True,0.870013411168246,0
True,3.71152924041931,0
True,2.02891251405733,0
True,2.12031359679492,0
True,2.34402683627439,0
True,1.42635314297338,0
True,2.23938034309937,0
True,2.08633142673314,0
True,4.13804786011915,0
True,2.12298062669149,0
True,1.18067746742355,0
True,0.688226942041012,0
True,1.4772425377432,0
True,1.05964306727339,0
True,1.25310386396265,0
True,2.48555200579581,0
True,3.61243942204272,0
True,2.29700367432973,0
True,2.54573043742546,0
True,1.72798435275504,0
True,3.20016181576436,0
True,1.95341851308777,0
False,0,0.000125652680252364
True,1.76850265227163,0
False,0,8.30112829062668E-05
True,2.2957854527344,0
True,2.3960415768992,0
True,1.91468172530269,0
True,1.73270536097211,0
True,2.08866973565059,0
True,2.58048512439119,0
True,2.22793174301411,0
True,0.900337075631219,0
True,1.17262761967697,0
True,2.16993698766732,0
True,2.08588516943354,0
True,2.28577569915401,0
True,1.09739078247337,0
True,1.5358332558871,0
True,0.810733582660893,0
True,2.54124692506089,0
True,0.955861847234074,0
True,1.67708135074819,0
True,0.873130115235227,0
True,2.08360975396397,0
True,3.70904029225513,0
True,3.03750117833629,0
True,2.61733998551081,0
True,0.565810536465915,0
True,1.52186021878231,0
True,2.08767663901022,0
True,1.32941417341705,0
True,2.54687308455494,0
True,1.1413412266039,0
True,1.51870934140064,0
True,1.2518688193529,0
True,2.41483310131278,0
True,2.5183489567798,0
True,2.41578346887044,0
True,2.2435080776888,0
True,2.25505045239558,0
True,1.55240512494839,0
True,1.81944673430258,0
True,3.79184510971807,0
True,3.09806110135373,0
True,1.41864820061278,0
True,1.33293653945001,0
True,2.81916832554834,0
True,1.14798766072868,0
True,2.41925839979062,0
True,2.14532734899273,0
True,0.797308103743321,0
True,1.32792378817154,0
True,1.18667507643377,0
True,0.939307077340168,0
True,1.2764516537041,0
True,2.29145558878253,0
True,1.05789921469622,0
True,1.45264243760706,0
True,1.07122468411762,0
True,2.17606700801284,0
True,2.68500436535876,0
True,1.89711440099761,0
True,2.78749850085698,0
True,1.99553380399627,0
True,2.19784410205042,0
True,1.31053391448554,0
True,1.60400908316501,0
True,2.14714484391558,0
True,2.83147647703342,0
True,1.70657392324264,0
True,1.50230213004925,0
True,1.14040222422081,0
True,1.43042322257526,0
True,2.00079374304724,0
True,2.0187542158117,0
True,2.11489892971504,0
True,2.58818570186784,0
True,3.82579220195521,0
True,1.55049885765151,0
True,2.58650235400229,0
True,2.08127103637198,0
True,1.79205622689663,0
True,1.52022558365306,0
True,1.36297990017062,0
True,1.41402371242489,0
True,1.91897195938999,0
True,2.68706517971596,0
True,2.97571253138097,0
True,0.880350688777881,0
True,1.00374572278619,0
True,2.57590938208182,0
True,2.24874646443822,0
True,1.557289188886,0
True,2.4643016938954,0
True,1.6319237422685,0
True,1.01522105844122,0
True,0.833346242131998,0
True,1.39945106612824,0
True,2.1659364090379,0
True,4.10401211110402,0
True,3.01008623649228,0
True,2.10689826857387,0
True,1.94972170281745,0
True,0.970440361022942,0
True,2.01096123168591,0
True,2.55219619926884,0
True,2.72232123123916,0
True,2.50857266667996,0
True,2.58714313625868,0
True,1.78719213185102,0
True,0.951491104370444,0
True,1.42121541317937,0
True,1.03356621244583,0
True,1.64357117140273,0
True,1.22405236596716,0
True,0.772236847844366,0
True,3.64745528515341,0
True,1.92799286645951,0
True,3.40957198340929,0
True,2.96144596128053,0
True,2.05889624325673,0
True,1.47280220963195,0
True,1.69257485791421,0
True,1.20672807135894,0
True,1.13638740358833,0
True,3.07205602323559,0
True,1.02736900731573,0
True,2.086888317857,0
True,1.49990968612071,0
True,1.86546711433033,0
True,2.0227623141723,0
True,2.35635246626396,0
True,1.84037572977817,0
True,1.9238484347472,0
True,2.20199747134092,0
True,1.92015934240638,0
True,0.884491437621285,0
True,0.968179462895419,0
True,1.88796652071576,0
True,2.79259554453952,0
True,1.70967435983657,0
False,0,0.00017722217411382
True,2.47664971157706,0
True,3.44254722969821,0
True,3.71855020750291,0
True,3.16178000636654,0
True,2.15113153593777,0
True,1.08890321299892,0
True,1.00704782121688,0
True,1.65332672388985,0
True,2.65778509968593,0
True,1.6869309781651,0
True,0.973667991920525,0
True,1.6329300214559,0
True,2.16902964477914,0
True,1.71560534842043,0
True,1.40780272959652,0
True,1.44151336898451,0
True,2.4205867644033,0
True,1.96452649898924,0
True,0.726770259044886,0
True,1.95723276555726,0
True,2.19728899068395,0
True,1.45014344379531,0
True,1.3295391045433,0
True,1.07657105470319,0
True,1.46384068310934,0
True,2.76169579154532,0
True,1.71175304474882,0
True,2.03488864802067,0
True,2.62783804307566,0
True,1.31176158271804,0
True,1.70085019968041,0
True,3.20288081992109,0
True,1.57871081724729,0
True,1.55829779468945,0
True,2.83114893291387,0
True,1.34846497461166,0
True,1.94822151024919,0
True,4.12877712011317,0
True,3.20577772687662,0
True,1.15421950455784,0
True,3.22833654517034,0
True,2.27489950682782,0
True,3.54188312613208,0
True,2.40893644355777,0
True,1.46999788257425,0
True,2.78345330051801,0
True,1.15285510863864,0
True,3.96311084158965,0
True,3.43997187285721,0
True,1.19990384084827,0
True,2.49309298524815,0
True,2.07019250083582,0
True,1.1652119079425,0
True,1.15343251952312,0
True,2.37252250741559,0
True,2.22488525509929,0
True,0.6064733506236,0
True,1.55356179656061,0
True,2.43814582451331,0
True,2.51370921953099,0
True,1.99447572117123,0
True,1.06764099908663,0
True,2.50975682413868,0
True,3.86521952387969,0
True,1.49025588483075,0
True,1.9994167315765,0
True,1.92621188516117,0
True,3.24409737092282,0
True,2.49319883170114,0
True,1.67098640435703,0
True,1.32103822550494,0
True,1.87578552859939,0
True,1.80603998604734,0
True,1.2409997920221,0
True,2.67503114967264,0
True,1.71356422057705,0
True,1.89358168511436,0
True,3.36204851861514,0
True,1.91516907188591,0
True,4.0223519158657,0
True,1.08830975783123,0
True,3.53421736407735,0
True,3.98331455852762,0
True,3.6319330057063,0
True,0.988279836654365,0
True,2.0850651797853,0
True,2.45671556570906,0
True,0.971908622610037,0
True,3.82098448290166,0
True,3.91923054247746,0
True,1.22231608999681,0
True,1.88344245661585,0
True,1.67229126794592,0
True,2.16968864300649,0
True,1.2586191905633,0
True,1.43483507830001,0
True,1.62232849666622,0
True,2.17500126134363,0
True,2.13197434022338,0
True,1.33856918101171,0
True,0.875312544056109,0
True,3.91381348817248,0
True,2.66092779084067,0
True,1.52264170892374,0
True,1.59279626835273,0
True,2.13962417454238,0
True,2.2788018930059,0
True,2.02736474484797,0
True,1.7001926734623,0
True,1.46822612795731,0
True,0.79760356854148,0
True,1.57961072261301,0
True,1.30737216396454,0
True,2.91980981012595,0
True,2.33952157498349,0
True,0.862016663501259,0
True,2.64172698424918,0
True,2.89704904391123,0
True,2.2745916512786,0
True,0.424938144455806,0
True,1.64659367921322,0
True,0.665907479392882,0
True,1.79346383282293,0
True,1.7328852546539,0
True,2.11905186696707,0
True,2.75165203021649,0
True,3.10841307264509,0
True,1.46636992572506,0
True,1.63279287074162,0
True,1.04401277667456,0
True,1.99721956212246,0
True,2.09160834607832,0
True,2.50054760908079,0
True,2.65668957180868,0
True,1.67877320557578,0
True,1.71110595251103,0
True,2.54421683417255,0
True,2.54262927807669,0
True,1.63126339218595,0
True,3.03766853660195,0
True,1.24333375981509,0
True,1.29352205132091,0
True,1.6216816733931,0
True,1.6112113747041,0
True,2.44075676378893,0
True,1.67637017933133,0
True,1.23768067369462,0
True,1.15270398886807,0
True,1.53080079670182,0
True,0.74247827582021,0
True,1.34283785447092,0
True,1.87922894861367,0
True,2.12495339976084,0
True,1.84377803935873,0
True,1.73103951494192,0
True,1.93386482966705,0
True,1.60202881308747,0
True,2.58860521676675,0
True,1.59317558293799,0
True,1.76290415669042,0
True,1.422145667046,0
True,1.83519709388539,0
True,1.23212351754365,0
True,2.91087154798243,0
True,2.89027059351106,0
True,1.11854329563842,0
True,0.906680817594559,0
True,3.85929087371748,0
True,1.63982714331538,0
True,1.69871822962953,0
True,1.77921849302506,0
True,1.39891716629381,0
True,2.30163650705051,0
True,1.05090066348267,0
True,0.962362156429148,0
True,0.967312437652524,0
True,2.11153792072548,0
True,3.36210958790537,0
True,1.08517706475185,0
True,1.16119673031838,0
True,3.27322910619612,0
True,2.22354144657219,0
True,1.70659704376309,0
True,1.25938628869877,0
True,2.85463823650534,0
True,1.67877678202761,0
True,3.64518487889124,0
True,0.924184425244378,0
True,4.21698695789443,0
True,1.25962586010252,0
True,3.96209065054447,0
True,1.43498098275666,0
True,0.609411799327483,0
True,1.91368678856642,0
True,2.89772495675405,0
True,2.27256595432304,0
True,1.24514294771298,0
True,3.58265507116872,0
True,2.33308523715639,0
True,1.75125879050779,0
True,2.03449662390955,0
True,1.12293248606926,0
True,1.04083488153739,0
True,1.16329959117845,0
True,1.78978591107711,0
True,1.5434603398566,0
True,2.4716884933453,0
True,1.75643150836697,0
True,3.77870008739117,0
True,2.7949567943939,0
True,0.875956052148285,0
True,2.58063522664426,0
True,4.70110929750281,0
True,1.79248527084927,0
True,1.007253593272,0
True,2.11074794592716,0
True,1.71749575480995,0
True,1.77204631941158,0
True,2.23579166691084,0
True,0.828339273441446,0
True,1.19136580725441,0
True,2.05980907025439,0
True,1.6710337673545,0
True,0.759892184639794,0
True,3.50792606370644,0
True,1.51512196200518,0
True,1.77327025236585,0
True,1.72890479211205,0
True,2.29815255713817,0
True,1.58178401007451,0
True,1.93076155846785,0
True,1.42057251018644,0
True,1.94833783013014,0
True,1.16138808272611,0
True,1.64791662839922,0
True,2.14363346493641,0
True,1.97035085383443,0
True,1.89759329888965,0
True,2.5525809081468,0
True,1.55511479279534,0
True,1.70133273519349,0
True,2.43676679234394,0
True,1.77925469380309,0
True,1.23131365476661,0
True,1.8649279154892,0
True,1.82321982643268,0
True,1.24846869561639,0
True,1.54453979595553,0
True,1.45396982349193,0
True,1.21879804261742,0
True,3.39147037707994,0
True,3.88265130048335,0
True,3.49737027325645,0
True,1.50985904995765,0
True,2.06375275171815,0
True,2.77942403889486,0
True,0.735247993709865,0
True,1.65016025274247,0
True,2.5975945361858,0
True,0.844319514619448,0
True,1.74371685904569,0
True,1.34040538502586,0
True,2.07628246409143,0
True,2.76144043501526,0
True,2.24952333627946,0
True,3.9414105157424,0
True,2.98536358619634,0
True,2.80690369794158,0
True,1.63925144640744,0
True,2.90688544080773,0
True,2.06978194174045,0
True,2.04930072273824,0
True,2.4902614568217,0
True,1.80704649034721,0
True,1.77863887880911,0
True,1.97253959244101,0
True,1.53620433302828,0
True,1.07634914332063,0
True,2.92894794071544,0
True,4.13875007491251,0
True,2.75052873864026,0
True,1.8414465513883,0
True,1.82529898665068,0
True,1.66871089842609,0