Success,Time,Fitness
True,2.07327318832799,0
True,1.96956538546334,0
True,2.65496580957476,0
True,2.82454075773773,0
True,1.85299647337781,0
True,3.26893482076538,0
True,1.00576927139194,0
True,3.3984780910276,0
True,1.17170195190957,0
True,2.27818157124017,0
True,2.93377817769273,0
True,2.64038583937961,0
True,1.60528769443136,0
True,2.83536777029844,0
True,2.27103755995773,0
True,2.14052024359211,0
True,2.53306433450182,0
True,2.77872415386512,0
True,1.97259850706909,0
True,2.1215504413939,0
True,3.00823340909109,0
True,2.75046595653236,0
True,2.86806393108509,0
True,2.07100824426487,0
True,2.45712465557545,0
True,2.36949634173177,0
True,2.67692117902176,0
True,2.72332215326357,0
True,2.35241672517118,0
True,2.56519005812247,0
True,2.88433418504521,0
True,2.36590913327841,0
True,2.61613146071306,0
True,2.7999526745799,0
True,2.19530752759373,0
True,2.47248597019918,0
True,2.54618024611612,0
True,2.74912791967489,0
True,1.6569345918853,0
True,2.2501006859986,0
True,0.624815853799591,0
True,1.68270805689501,0
True,2.41159371173277,0
True,2.12749385806562,0
True,2.59263134636277,0
True,2.5465226129173,0
True,2.09756968912,0
True,2.92740390275494,0
True,1.89877665127804,0
True,3.15777047816689,0
True,2.66787431335931,0
True,2.56720208256444,0
True,1.72010234941054,0
True,1.9608621744531,0
True,2.27527348248923,0
True,2.43735598567453,0
True,0.755355150618863,0
True,1.65633670483002,0
True,2.48683907138915,0
True,2.35452951653433,0
True,2.06774921251619,0
True,2.11836141964769,0
True,2.64291830257925,0
True,2.64090260741869,0
True,2.63578756137277,0
True,2.61721029942186,0
True,2.42170577551408,0
True,2.06145696355456,0
True,2.5486073444729,0
True,3.21905465566592,0
True,0.285984793786097,0
True,2.40383970747363,0
True,1.31998023845031,0
True,2.80186097872087,0
True,2.18784731979101,0
True,2.50995952572665,0
True,2.65981338751064,0
True,2.84524288360878,0
True,2.00935309489626,0
True,3.08614724781666,0
True,2.25697681776157,0
True,2.63054229903693,0
True,2.7054338597045,0
True,2.50289455675091,0
True,1.91668075572163,0
True,2.96120360499211,0
True,2.741965954577,0
True,2.79657704171003,0
True,2.57519120560007,0
True,2.62526745945242,0
True,2.79895083033147,0
True,2.07465149367856,0
True,0.555149887042548,0
True,2.70189632228647,0
True,2.2208539467919,0
True,3.69199559184954,0
True,2.54238691061092,0
True,2.50269382577794,0
True,3.38336958329385,0
True,1.75087901861777,0
True,2.03170764332121,0
True,2.52690335868575,0
True,3.13428246921122,0
True,2.80789373957836,0
True,2.38805617613502,0
True,0.356870588661718,0
True,2.74151592681713,0
True,2.77380792332693,0
True,2.62375940280588,0
True,2.63024094800793,0
True,2.15992822946848,0
True,2.35191133644941,0
True,2.27819887853046,0
True,2.16688360541038,0
True,1.89354793996521,0
True,2.7783420278059,0
True,2.56056010840358,0
True,2.42075896698943,0
True,0.685038128136667,0
True,2.53106123486875,0
True,2.79606558660532,0
True,2.3862419445602,0
True,2.24263470297063,0
True,1.70416321572839,0
True,2.21749190913994,0
True,2.28816598046616,0
True,2.54688332127759,0
True,2.89523346823254,0
True,2.30953415560165,0
True,3.01962334093491,0
True,3.02153820437991,0
True,1.58294241050746,0
True,2.4732025690724,0
True,2.40798449752787,0
True,2.81710566270149,0
True,3.33286515117305,0
True,2.44224432275267,0
True,1.66400829586285,0
True,2.39036092976749,0
True,2.64878530240077,0
True,2.21665173759273,0
True,2.00948341218513,0
True,2.39319564374057,0
True,1.20420035190202,0
True,2.34492845857088,0
True,3.09066571787805,0
True,2.03837673800318,0
True,2.05216420231083,0
True,2.52258778746695,0
True,2.58802210783238,0
True,2.96205781638658,0
True,2.23530916464854,0
True,2.53842282408369,0
True,2.08717565995561,0
True,2.45807674227061,0
True,3.00559313647217,0
True,2.63598911056645,0
True,2.71686331974112,0
True,2.02964700217752,0
True,2.97058564067035,0
True,3.00263569403521,0
True,2.9633373492771,0
True,2.42608396422784,0
True,2.4428044986924,0
True,2.3874243022619,0
True,4.41883350117678,0
True,3.01614242020115,0
True,2.9204062514362,0
True,2.13528187511803,0
True,2.35485635383708,0
True,2.00250332335864,0
True,0.544034219555245,0
True,2.28421161697006,0
True,1.17237409030843,0
True,2.39000892856106,0
True,2.28438604245397,0
True,2.58702852083976,0
True,1.40498455646923,0
True,2.93448670537398,0
True,1.97333924675617,0
True,2.70852089149531,0
True,2.1669274484305,0
True,2.71079199039839,0
True,3.55674486140836,0
True,2.20442614577107,0
True,2.70928488131946,0
True,3.33329529145732,0
True,2.54209945858683,0
True,2.11702501407093,0
True,2.16201229397256,0
True,2.62288889888004,0
True,2.4506472679745,0
True,2.1001890795137,0
True,2.10219899597085,0
True,2.87382947844631,0
True,0.846093801393313,0
True,2.05889858968287,0
True,2.75440464956137,0
True,2.9104375651087,0
True,2.60718040382109,0
True,2.63842502615566,0
True,2.22797001926324,0
True,2.42056008698559,0
True,2.43942710996125,0
True,2.42081413493936,0
True,2.10325853155313,0
True,1.38038257172425,0
True,2.23228989283997,0
True,0.169767562994335,0
True,2.42102605691847,0
True,2.41114099399334,0
True,2.28051551257802,0
True,2.68658474264908,0
True,2.8979054954258,0
True,2.92602540491678,0
True,2.93520349717126,0
True,2.93117241987944,0
True,2.59250422782765,0
True,2.64129211272026,0
True,2.5649058048684,0
True,1.90297389473378,0
True,2.72422036769182,0
True,2.10131669726417,0
True,1.93470770453552,0
True,2.20672568566711,0
True,1.98190200430563,0
True,2.29651813834642,0
True,3.46436969402096,0
True,0.840627125287847,0
True,2.22401074896719,0
True,2.78740580152775,0
True,2.35187367435671,0
True,2.62549827167373,0
True,2.72662322447855,0
True,2.32520467315962,0
True,2.36222164593728,0
True,3.50158829059365,0
True,2.30794967142952,0
True,2.90150309638774,0
True,2.20164354313452,0
True,1.98178957411219,0
True,2.57521268729437,0
True,2.23494194145105,0
True,2.15568401734413,0
True,0.969088967946321,0
True,2.44592727048222,0
True,2.4675101311312,0
True,2.88684150469684,0
True,2.32442948253636,0
True,2.3487587264804,0
True,2.4229135178158,0
True,2.54922432268418,0
True,2.58709036647082,0
True,2.2651043407999,0
True,2.72264838224195,0
True,2.34634003925781,0
True,2.55263367635761,0
True,3.27612935854661,0
True,2.80867760051788,0
True,2.58567118749035,0
True,2.17411826429353,0
True,2.76276814612699,0
True,2.05260869507943,0
True,1.69878851677095,0
True,1.21741429859253,0
True,2.0845790655117,0
True,1.44137050833387,0
True,2.08381671194261,0
True,2.48933906961484,0
True,2.95946516941698,0
True,3.08943266999897,0
True,2.82955524368159,0
True,2.7551446019562,0
True,2.15938245067002,0
True,2.64731256011793,0
True,2.5552104991065,0
True,2.89332905181464,0
True,2.45192388918723,0
True,2.77339659631742,0
True,2.54881258615809,0
True,2.55674497936657,0
True,2.75635260146962,0
True,1.25655272386734,0
True,2.688601969794,0
True,2.78695174074743,0
True,2.96492229359572,0
True,2.63214495753983,0
True,2.50675218996103,0
True,1.88718154022324,0
True,2.76942411843604,0
True,2.59074557138289,0
True,1.87227079745448,0
True,2.34012131694763,0
True,2.51445236487885,0
True,0.891428673853746,0
True,2.25650291462484,0
True,2.87251839767218,0
True,2.78428000858928,0
True,2.91016810859707,0
True,2.95379558586,0
True,1.7619727769867,0
True,1.84639528417626,0
True,2.32115814562498,0
True,2.71287630614695,0
True,2.48984279662667,0
True,3.96099280689658,0
True,3.08600289266004,0
True,2.47997600390146,0
True,1.35703912140174,0
True,2.70180261837702,0
True,3.03881251302977,0
True,2.41979262462845,0
True,2.87646926472055,0
True,2.05945672619127,0
True,2.21315520554394,0
True,2.09712894344497,0
True,2.27961185880802,0
True,2.72351126223977,0
True,2.13106542196075,0
True,1.15106073618429,0
True,2.79008738606145,0
True,2.29813433789174,0
True,2.59349817301223,0
True,2.99474431593857,0
True,2.77851107270948,0
True,3.06504536018145,0
True,2.30603801423243,0
True,1.78631462107827,0
True,2.73583638494205,0
True,3.02588689077138,0
True,2.44583320886343,0
True,2.76665105596064,0
True,1.9447521461389,0
True,3.00348238236754,0
True,1.9538544961258,0
True,2.69400382622801,0
True,2.62590822705461,0
True,2.79603542021142,0
True,2.40909878685071,0
True,2.58649852728009,0
True,2.53437265010514,0
True,3.71742088346074,0
True,0.424801180645662,0
True,2.95379523940357,0
True,0.752953293141678,0
True,3.00292097196575,0
True,2.76437370166098,0
True,1.83404375027498,0
True,2.16951171083682,0
True,2.06117027315136,0
True,2.05081796512196,0
True,1.61928198291843,0
True,2.21291664193886,0
True,2.95704826691522,0
True,2.76659991797565,0
True,3.64961208284158,0
True,2.9237163623634,0
True,2.53203951503952,0
True,2.14335529217496,0
True,0.48831968731202,0
True,2.50348492579159,0
True,3.10208572723468,0
True,2.63273685002425,0
True,2.24722043785002,0
True,3.05650516062522,0
True,3.17315642913819,0
True,3.5763302767009,0
True,2.06277182691978,0
True,2.53427153108617,0
True,1.90213020917673,0
True,1.78782894157562,0
True,2.54076306729814,0
True,2.83478192900064,0
True,2.95444881912564,0
True,3.1375588480916,0
True,1.83115983829177,0
True,2.89147087942451,0
True,3.05985947091911,0
True,3.27348508764385,0
True,3.2003122521574,0
True,2.67070724373368,0
True,1.95391119411772,0
True,1.92988499926025,0
True,2.27627557982516,0
True,3.19982693804417,0
True,2.79052461289985,0
True,2.59090796658503,0
True,2.43782200998011,0
True,2.88701211077268,0
True,2.73962353936827,0
True,2.9820460625022,0
True,2.67662780767412,0
True,2.25915362310908,0
True,2.58424887800311,0
True,2.18297958810839,0
True,2.16314564097506,0
True,2.45553060684774,0
True,2.27448369514386,0
True,2.32318943642328,0
True,2.07740478641765,0
True,2.25928193904519,0
True,2.06583147335515,0
True,2.13998679238662,0
True,1.71492403320173,0
True,2.76344187968216,0
True,2.6404262094484,0
True,2.65459443374603,0
True,2.0276181568865,0
True,2.43658313453518,0
True,2.73157234095562,0
True,2.69345756856288,0
True,2.4199923571158,0
True,2.73366483762136,0
True,2.31502443154648,0
True,3.05745527091684,0
True,2.82057255052548,0
True,2.4890807902755,0
True,2.58816989402903,0
True,2.4984023835631,0
True,2.28896433548409,0
True,2.25367537870814,0
True,2.6153863325397,0
True,1.89264191698922,0
True,2.10412642282884,0
True,2.2002886219714,0
True,2.55072906560988,0
True,3.04940621131413,0
True,2.24984316352037,0
True,2.24123278367236,0
True,2.64065977577961,0
True,2.57861106496118,0
True,2.24630246941827,0
True,2.53273065709142,0
True,2.96174104321917,0
True,2.10498331646456,0
True,2.31987768822488,0
True,1.95382373214459,0
True,3.03489274918149,0
True,2.8928037169348,0
True,3.66328193641066,0
True,2.18351907592413,0
True,2.80359662923758,0
True,0.79268928450893,0
True,3.05887527168058,0
True,1.95753821087044,0
True,2.53874565916102,0
True,2.02391882442695,0
True,2.49834776459899,0
True,2.10444905050501,0
True,2.30341913578672,0
True,2.53659274982446,0
True,2.78701280880181,0
True,2.14739456378265,0
True,2.61197842073687,0
True,2.75965936945556,0
True,2.57916709701943,0
True,3.35709053389855,0
True,2.14107249333098,0
True,2.23857296062055,0
True,1.05062122561364,0
True,2.22647954886734,0
True,2.61691878069354,0
True,1.07204676796835,0
True,2.13166304573101,0
True,2.43788293085762,0
True,2.08746057153204,0
True,2.97165254455787,0
True,2.73656972402576,0
True,2.41523273109309,0
True,2.18619623159002,0
True,2.34091917777755,0
True,2.42710167872465,0
True,2.7848209794004,0
True,2.88493309363351,0
True,1.77125263859157,0
True,2.46466948308344,0
True,2.30173028151375,0
True,2.65823816183453,0
True,1.17373928479459,0
True,2.41230916255372,0
True,2.30017767767656,0
True,2.72845090797658,0
True,3.13340943343138,0
True,2.73310369033145,0
True,2.71134714124754,0
True,2.89830361770874,0
True,3.06016547673844,0
True,1.97264624895567,0
True,2.4164763697242,0
True,3.03226249669253,0
True,3.097226840368,0
True,2.40540141827904,0
True,2.67495427042601,0
True,0.884841285579402,0
True,1.96213793583842,0
True,2.22207968759708,0
True,3.04502175817716,0
True,2.03671190901911,0
True,2.54781091030686,0
True,2.01088181070551,0
True,0.940282422058704,0
True,3.26201021295827,0
True,2.65287729220558,0
True,2.52040781521661,0
True,1.15290914314032,0
True,2.69477318299725,0
True,2.32904063525502,0
True,2.49890247104871,0
True,2.20755026892435,0
True,2.93429046091599,0
True,1.57404701632239,0
True,2.26319129450844,0
True,2.86350701566306,0
True,2.20794597549035,0
True,2.28912200309135,0
True,1.57464254740188,0
True,1.96825230311938,0
True,2.31188195216034,0
True,3.08004577244635,0
True,2.4186398208365,0
True,2.78144348939553,0
True,1.83265009345594,0
True,1.89569893632422,0
True,1.9255155229693,0
True,2.65018456745951,0
True,2.70393478018099,0
True,2.71994848403248,0
True,2.07340935003253,0
True,1.7296657759767,0
True,2.6350262257532,0
True,3.04702103838541,0
True,3.27912460960492,0
True,1.95296880980684,0
True,2.35560260535282,0
True,2.28495558325781,0
True,2.32827769770772,0
True,2.56614886889047,0
True,2.11045693865099,0
True,2.78796993092495,0
True,2.81209835400269,0
True,3.12366934780113,0
True,2.59338672138585,0
True,2.73977672282962,0
True,0.518060039817864,0
True,2.99766518167271,0
True,2.53550687537,0
True,3.15937583574633,0
True,2.01636022614276,0
True,1.46817059117706,0
True,2.23522493754883,0
True,2.0162808728872,0
True,2.5055886417279,0
True,2.30775832335355,0
True,3.03186471911305,0
True,2.14039899200118,0
True,2.05377113305065,0
True,2.39074056356383,0
True,2.85530759082597,0
True,2.34964361245088,0
True,2.46313806500822,0
True,2.60286821573918,0
True,1.10547609222576,0
True,2.50269001856241,0
True,2.1955591048111,0
True,2.49540166311057,0
True,2.47168708132446,0
True,2.77851756292096,0
True,2.80470885671786,0
True,2.61036401841827,0
True,2.28935482372435,0
True,2.02405825829877,0
True,2.89885376251558,0
True,2.21575871152841,0
True,1.87148918288074,0
True,2.10487227627657,0
True,2.22007181798612,0
True,2.18106317133745,0
True,2.45221345989826,0
True,2.4917618253119,0
True,2.44736537894315,0
True,1.8110534596147,0
True,2.47344793079821,0
True,2.23446633917931,0
True,2.90855077860777,0
True,2.54214880011823,0
True,2.75547993368193,0
True,1.97795212726193,0
True,3.10039990121538,0
True,2.40176948940326,0
True,1.55298332975575,0
True,2.45707072912543,0
True,2.78329654048791,0
True,2.41466120581225,0
True,2.91567200056163,0
True,2.2244856399886,0
True,2.33377554598709,0
True,2.7223422578718,0
True,2.55338054848972,0
True,2.13658506647453,0
True,3.04726595133116,0
True,2.17330319926264,0
True,2.80209810744067,0
True,2.67878278538045,0
True,1.8682212126814,0
True,2.54830860933638,0
True,2.90366901918803,0
True,3.48758310505954,0
True,2.68198740464405,0
True,2.69575032403922,0
True,1.64537200077828,0
True,1.8670921284899,0
True,2.55361909973451,0
True,2.6371821386583,0
True,2.14701619046177,0
True,2.48746083889525,0
True,2.92865830989847,0
True,2.26653708525281,0
True,2.48372524544873,0
True,1.66173673609215,0
True,1.45950245711499,0
True,2.48171192577956,0
True,2.9583144645778,0
True,2.5106207119241,0
True,2.53769306947289,0
True,2.13445083992981,0
True,2.11843120158332,0
True,2.5591196445526,0
True,2.74460452642079,0
True,2.37763577996635,0
True,2.51034003414284,0
True,2.57762049138944,0
True,2.21133410492344,0
True,2.41351654036742,0
True,2.40142059298839,0
True,2.29250673839819,0
True,2.43732391312478,0
True,2.43867095678934,0
True,3.00343633529389,0
True,2.55315483585866,0
True,0.779666828748341,0
True,2.58449975044725,0
True,2.44652727740272,0
True,2.63533983895788,0
True,2.53032879422794,0
True,2.04495406535507,0
True,2.47712448874904,0
True,2.54274723393292,0
True,2.41777260763098,0
True,2.03179883075699,0
True,2.33547884184675,0
True,2.13582626741942,0
True,2.79102105002816,0
True,3.09684500851832,0
True,2.57240734643804,0
True,2.25506685988406,0
True,1.18671524952527,0
True,1.99409751103346,0
True,1.33734669405458,0
True,2.46440911793304,0
True,2.28091001841947,0
True,3.26548171338547,0
True,1.97118006028575,0
True,3.52047999983143,0
True,2.94171493975007,0
True,2.69763087537919,0
True,2.46368526996437,0
True,2.22171352697519,0
True,2.76510671560739,0
True,2.77692870256723,0
True,2.53717462562303,0
True,3.18443675756892,0
True,2.72149072317152,0
True,2.35040530956837,0
True,1.40490898977476,0
True,2.55204501287031,0
True,2.01142653963771,0
True,2.82632004178333,0
True,2.92980552120671,0
True,1.98876995114925,0
True,2.67745763005923,0
True,2.1842778382809,0
True,2.00497363891015,0
True,2.59098125776954,0
True,2.28321004244674,0
True,2.77497051668958,0
True,2.74521053337848,0
True,2.60087334555708,0
True,2.17014778890451,0
True,2.36566908883133,0
True,2.7153202376507,0
True,2.38929730649488,0
True,2.44555422100543,0
True,2.81032254785238,0
True,2.77660475806145,0
True,2.87973677108477,0
True,1.48895092502088,0
True,0.523338574981003,0
True,2.17092343223561,0
True,2.79847465156997,0
True,2.26500688400806,0
True,3.26756965036221,0
True,2.88243505681404,0
True,2.18678171242277,0
True,0.344823709315865,0
True,2.27222924643286,0
True,2.71648538739676,0
True,2.38735157427574,0
True,2.38529809904454,0
True,2.36463563773698,0
True,2.93380046858677,0
True,2.65448933451871,0
True,2.12477872014294,0
True,1.82056658528031,0
True,2.55556065040144,0
True,3.10443862596836,0
True,2.76662674950798,0
True,2.55666647658435,0
True,3.06837171676505,0
True,1.63387561436328,0
True,2.71109476201168,0
True,1.6194888846294,0
True,2.37260490718754,0
True,2.78315285433569,0
True,0.91038271687729,0
True,2.22732314753099,0
True,2.13195405105989,0
True,2.37058362443162,0
True,2.39030329241637,0
True,2.71997875491309,0
True,2.49175460048576,0
True,2.23853991572296,0
True,2.90495250859632,0
True,0.747176847662515,0
True,2.74836227829572,0
True,0.338288133991748,0
True,1.76667481797665,0
True,1.6325732956757,0
True,2.13059130369681,0
True,2.84905901367861,0
True,1.88422269710881,0
True,2.49869522490374,0
True,2.66036433713853,0
True,2.49627762856357,0
True,2.94575601642661,0
True,2.16828924785885,0
True,2.27963905634175,0
True,2.11630577021936,0
True,2.14397435496346,0
True,1.80108407128759,0
True,2.44578655771384,0
True,2.53384683078937,0
True,2.20663196044651,0
True,2.23661000109657,0
True,2.92320475923649,0
True,2.61757777939683,0
True,2.01277979861793,0
True,2.45637727026103,0
True,1.67467785049713,0
True,2.59317946855374,0
True,0.430602464244212,0
True,2.08690258061425,0
True,3.37366961871334,0
True,1.94489656123227,0
True,2.91801769737665,0
True,2.05794831478834,0
True,2.70129026796323,0
True,2.29347041698704,0
True,2.28934944706721,0
True,2.41011329990343,0
True,2.75396680734961,0
True,2.73877790366749,0
True,2.8873960536976,0
True,1.09193368895599,0
True,1.84620086167539,0
True,2.35170862763217,0
True,2.58378749967109,0
True,2.84890065599928,0
True,2.91067981211122,0
True,0.826981002514566,0
True,2.84905948317585,0
True,2.8860502530672,0
True,2.72170279009403,0
True,3.13510037531936,0
True,3.11520431462475,0
True,1.99065132186712,0
True,2.1996806714829,0
True,2.33146693798874,0
True,2.93122590548775,0
True,2.5524896283651,0
True,1.35606044864738,0
True,2.68613549636141,0
True,1.57906433244786,0
True,2.65543498981694,0
True,3.29855834641956,0
True,2.68074515710387,0
True,2.7211417612295,0
True,1.26702159809845,0
True,1.4207115456635,0
True,2.07819257804127,0
True,2.38191592776091,0
True,2.84991358008061,0
True,3.33717956596581,0
True,3.42121727619763,0
True,3.48212587095728,0
True,1.39602383691225,0
True,2.59060807749018,0
True,1.7888927116704,0
True,1.4359862803568,0
True,2.49319153606512,0
True,2.75275358054999,0
True,1.99564717544556,0
True,2.77828847055214,0
True,2.52453519298439,0
True,2.7406871025815,0
True,2.60151784804936,0
True,2.60527210429815,0
True,2.53208603977044,0
True,2.78976936151483,0
True,1.21324230345904,0
True,3.0643675996178,0
True,2.13562269901806,0
True,3.08865714651696,0
True,2.80745761570309,0
True,2.86183074368852,0
True,2.12495325516847,0
True,2.22164092663807,0
True,2.14880701346861,0
True,2.85067098668706,0
True,2.22758759697497,0
True,2.60801993905924,0
True,1.92547609540672,0
True,2.92130628575663,0
True,2.36160761897879,0
True,2.02395533959364,0
True,2.4377927196197,0
True,2.11432850015594,0
True,2.22201899200035,0
True,2.43720276761335,0
True,2.16719402880361,0
True,2.80955017023919,0
True,1.75214870432926,0
True,2.77904772354496,0
True,2.35957029241696,0
True,1.97206261306366,0
True,3.26622337127064,0
True,1.77069265127156,0
True,2.00409175411678,0
True,2.74750652622925,0
True,0.659899480501398,0
True,2.5023011248062,0
True,2.30395163325548,0
True,2.56445107697704,0
True,2.20320988171004,0
True,2.97751867855395,0
True,3.11395444929102,0
True,2.06842976546571,0
True,2.16438660186744,0
True,2.6088305441092,0
True,2.67208782211723,0
True,3.55466998252642,0
True,2.35217315480841,0
True,2.6295014589166,0
True,2.13002331103167,0
True,2.43965637299095,0
True,2.48661101707146,0
True,2.75741001468074,0
True,2.41910431997243,0
True,3.39101204114387,0
True,2.31309549871757,0
True,2.78200438362224,0
True,2.75273666431797,0
True,2.686480283463,0
True,2.29287542402754,0
True,2.69637237365573,0
True,0.733718523084864,0
True,2.89829852141007,0
True,2.53380201800869,0
True,3.01421628121637,0
True,2.52924683222319,0
True,2.22502988920383,0
True,2.53722606754447,0
True,2.6121160540825,0
True,2.86408916241527,0
True,2.65669181557077,0
True,3.07754508478105,0
True,2.74831823714769,0
True,2.56569717784539,0
True,0.345569360209581,0
True,2.62032531355817,0
True,2.60070388829743,0
True,2.78068746926822,0
True,2.58364694954475,0
True,2.88207975578878,0
True,2.55977537873267,0
True,1.72733285014393,0
True,2.78463357151154,0
True,2.66385634652508,0
True,1.75384497424931,0
True,2.43938755175592,0
True,2.42899283196351,0
True,2.60481738481084,0
True,3.19979160071819,0
True,1.1693016727789,0
True,2.23455729171879,0
True,2.57564830966597,0
True,3.1545756442715,0
True,2.78554759895627,0
True,2.82730575030135,0
True,2.20256894046296,0
True,2.36051100172265,0
True,1.62147395747411,0
True,2.63543161241719,0
True,2.12503923136461,0
True,2.79596190058987,0
True,2.46543233165338,0
True,0.949096671139145,0
True,0.468241950992749,0
True,2.2402915653512,0
True,2.62008401425561,0
True,2.72511307878124,0
True,3.23914125593822,0
True,2.2428055229347,0
True,2.99931661686081,0
True,2.96874881278895,0
True,2.76831595767067,0
True,2.75792572915937,0
True,2.49814789522566,0
True,3.11404266383845,0
True,0.467959235260692,0
True,2.28005688855245,0
True,3.38763492774454,0
True,1.91354456036306,0
True,2.92162557408289,0
True,2.29823399473134,0
True,2.52651694038146,0
True,2.92055824555684,0
True,2.60967729609314,0
True,1.31118854008479,0
True,1.62194154591386,0
True,1.30229796587848,0
True,0.532994616503454,0
True,1.80063867497214,0
True,1.08681815708234,0
True,2.80164199940206,0
True,2.21808605667847,0
True,2.58258776696712,0
True,1.96993888030109,0
True,2.12683013311047,0
True,2.31409345862213,0
True,2.73666945568362,0
True,3.04581944085418,0
True,2.04346869913616,0
True,2.76805405419777,0
True,2.10971129362637,0
True,2.09212119648903,0
True,2.96679299135265,0
True,3.12617704842058,0
True,2.80869365229114,0
True,2.49666960141431,0
True,2.67462875984155,0
True,2.48683158962517,0
True,2.30998902879774,0
True,2.90190453092254,0
True,3.20767964742953,0
True,2.45864096438403,0
True,2.30473449377386,0
True,2.84206867179758,0
True,2.36003131031049,0
True,3.05807813339334,0
True,1.02769999234674,0
True,2.63629930985535,0
True,2.21443963562836,0
True,2.25656972406555,0
True,2.3927866931333,0
True,2.09985180838559,0
True,2.4230123387402,0
True,2.35710764019279,0
True,3.15241313016405,0
True,2.49250861946177,0
True,3.13753529457435,0
True,2.30734799385769,0
True,2.62991040692265,0
True,1.95668366884927,0
True,2.61506378371888,0
True,2.63444898825146,0
True,3.55293824585534,0
True,0.929574631875511,0
True,2.95996631076618,0
True,2.06781172629299,0
True,1.97787647568233,0
True,3.1179465189682,0
True,2.72808901392666,0
True,2.95216149453749,0
True,2.44682990672184,0
True,3.09511992679111,0
True,1.89917216179692,0
True,2.26585736302818,0
True,2.44678503104815,0
True,1.74620686289064,0
True,2.31377164514721,0
True,2.40446108999641,0
True,2.08776635125403,0
True,3.06110262011752,0
True,2.28055190494519,0
True,2.67121634112187,0
True,2.86089603845597,0
True,2.18158411517902,0
True,2.83566451120992,0
True,2.59671889780396,0
True,2.43107772535913,0
True,2.33374131579352,0
True,2.52364621968862,0
True,2.86395162914033,0
True,2.28803842767447,0
True,2.99854744194486,0
True,2.45310944105443,0
True,2.38841663969401,0
True,1.12559346892282,0
True,2.36796155205418,0
True,2.11606521961788,0
True,2.59512393493002,0
True,2.64307461205087,0
True,2.85246574287079,0
True,2.92194446129133,0
True,1.68259540570343,0
True,2.24172925618926,0
True,1.69261875823753,0
True,2.09735030877329,0
True,2.45401390761598,0
True,2.34921790231388,0
True,2.55346504539456,0
True,2.58894518603609,0
True,2.90121228895354,0
True,2.96455854664304,0
True,2.67292992154418,0
True,2.68886657731392,0
True,2.3927623548771,0
True,3.26659777444764,0
True,2.57747861530258,0
True,2.49662276040331,0
True,2.93936704322963,0
True,1.98391749738749,0
True,2.05540566815977,0
True,2.1243372396852,0
True,1.46062361477562,0
True,2.41660432415989,0
True,2.31653785727404,0
True,2.38246450950377,0
True,2.63386352660246,0
True,3.18596506358637,0
True,2.69864153877755,0
True,1.57657576190392,0
True,2.87566679224969,0
True,3.03980621436075,0
True,2.32939110056202,0
True,1.98972723393166,0
True,2.89867609191144,0
True,2.6782674246086,0
True,2.34624556981182,0
True,3.14356995862874,0
True,1.78786307456914,0
True,0.471845280714461,0
True,2.54859725846035,0
True,1.3856828500617,0
True,3.02517448670887,0
True,1.62950341598849,0
True,2.54426354608037,0
True,2.33155620481499,0
True,2.78012721712043,0
True,2.36037329523926,0
True,2.5486119575743,0
True,1.57438986816165,0
True,1.497843098598,0
True,2.8231203498634,0
True,0.488643676212483,0
True,2.30628891777522,0
True,2.62948381966406,0
True,2.0731747348314,0
True,2.06374109176306,0
True,1.94480630990281,0
True,2.47556437151913,0
True,2.08378440761854,0
True,2.42008602393279,0
True,2.58594466420862,0
True,2.99317119581283,0
True,2.54230982520014,0
True,3.20258952981079,0
True,1.67834563067525,0
True,2.670960844024,0
True,2.67708115629556,0
True,2.37486172601224,0
True,2.57403144807275,0
True,2.26448059695798,0
True,3.07863122855174,0
True,2.71346037380592,0
True,2.8839061983587,0
True,0.510595232679714,0
True,2.14268147699325,0
True,1.71281592466393,0
True,2.7304990317332,0
True,2.68839124961903,0
True,2.14330445898597,0
True,2.29026574796722,0
True,2.71572442416348,0
True,2.32012518689913,0
True,2.33874687153793,0
True,2.21375627955305,0
True,2.86942922391116,0
True,3.06871618044081,0
True,2.70884615905361,0
True,1.57374713373938,0
True,2.31429097564846,0
True,2.67982515438751,0
True,3.0875052618083,0
True,2.51405398398786,0
True,2.42403433701583,0
True,2.80349945876741,0
True,2.8821792448467,0
True,2.87020452877104,0
True,2.89840334205772,0
True,2.42909276225023,0
True,3.43169271672982,0
True,2.34432074372789,0
True,2.59899705140723,0
True,0.493729681509689,0
True,2.45288926822166,0
True,1.6148713402517,0
True,0.808984314035225,0
True,2.10049374520621,0
True,2.4046289527079,0
True,2.24442386304614,0
True,3.07034267463342,0
True,3.72652550543766,0
True,2.99065836902717,0
True,1.11218636485113,0
True,3.32911464559987,0
True,2.32660319728761,0
True,2.56273239745404,0
True,2.58788529090563,0
True,2.85962752332083,0
True,2.98796534732331,0
True,2.64702602815742,0
True,2.54797221480719,0
True,2.53305375023348,0
True,1.55989861659434,0
True,2.58774803260333,0
True,2.92324631797627,0
True,2.98646808376206,0
True,2.17996887045469,0
True,1.92485075064273,0
True,1.5712237044363,0
True,2.45984766149893,0
True,2.60883530395653,0
True,2.0004852068982,0
True,2.78596529388633,0
True,2.55564592443058,0
True,2.39347573045755,0
True,3.26652258753761,0
True,2.27285638548898,0
True,2.8034444401098,0
True,2.22760502307599,0
True,2.0820488165221,0
True,2.92443282590741,0
True,2.28281053728063,0
True,2.14987209794795,0
True,2.7785941569957,0
True,2.17317716362263,0
True,2.45796110040217,0
True,0.621394701760138,0
True,0.813149482374585,0
True,2.76641784383825,0
True,2.50543069121867,0
True,1.93554389260934,0
True,2.62863978666481,0
True,2.28861571569945,0
True,2.50057164171135,0
True,1.2546141357129,0
True,2.24757256558892,0
True,2.91652985014391,0
True,3.28031309341212,0
True,2.13146072677069,0
True,2.96721367009964,0
True,2.34526606146902,0
True,2.58439420817023,0
True,2.9760135103072,0
True,2.18724134511379,0
True,2.51441953054015,0
True,0.206912020255277,0
True,2.60885206042596,0
True,3.94558942165935,0
True,2.42181224011159,0
True,2.14107451638627,0
True,1.84640563730141,0
True,1.95718008274132,0
True,2.32939751117747,0
True,2.35156112786824,0
True,2.18268885948891,0
True,3.14132049910421,0
True,2.97803374956206,0
True,3.09098015779781,0
True,2.67500483479137,0
True,1.81027242616612,0
True,3.11779089748864,0
True,1.24736957071418,0
True,2.7208382376417,0
True,2.55166366984546,0
True,1.96340030994315,0
True,0.339666615730033,0
True,2.68878989843259,0
True,3.01023229023405,0
True,1.35915369717578,0
True,2.29978451072738,0
True,2.18142688960899,0
True,2.16568126647314,0
True,2.87221769837697,0
True,3.22555637526048,0
True,3.17350932576361,0
True,2.73445883183792,0
True,2.55561638540688,0
True,3.46673087416656,0
True,2.55249509457179,0
True,2.23439733079223,0
True,2.69566798437491,0
True,2.57378341202608,0
True,2.73750992720082,0
True,2.24121179727593,0
True,2.75822035366588,0
True,2.77576422651491,0
True,0.960871919740902,0
True,2.44472048321497,0
True,1.99132658619167,0
True,2.37129805387356,0
True,2.55859959731651,0
True,2.34584165762591,0
True,1.19543616924709,0
True,2.3553572563544,0
True,1.96838968054377,0
True,2.92577648678933,0
True,1.8539997592603,0
True,1.81924265551072,0
True,2.07806057676025,0
True,2.72595912886937,0
True,2.49572225079947,0
True,2.62008432767673,0
True,2.21630335768239,0
True,2.32851618340288,0
True,2.23222971597971,0
True,2.63432826893162,0
True,2.67259061589499,0
True,1.80193216664006,0
True,2.0584033725929,0
True,2.10961350602641,0
True,2.42108805604483,0
True,2.72387957993492,0
True,2.87832311002965,0
True,2.19189226366709,0
True,2.86946835098832,0
True,2.86951010931752,0
True,2.2301781832588,0
True,2.02032306036122,0
True,2.38037286795058,0
True,2.97573595491371,0
True,2.75053544354352,0
True,3.67705948864126,0
True,2.30048715684801,0
True,1.87607347755918,0
True,2.06655695766175,0
True,2.56837082176776,0
True,2.73960932893716,0
True,3.02732725514126,0
True,2.24606930019273,0
True,2.78932450563377,0
True,1.03169139337534,0
True,3.10852800211841,0
True,2.30035730129722,0
True,2.27627208178605,0
True,2.55973161918443,0
True,2.08418882723423,0
True,2.7661108373781,0
True,2.661915356345,0
True,2.32615716396916,0
True,2.26486311571175,0
True,0.824631762540587,0
True,2.50373111062318,0
True,2.03818447367313,0
True,3.31758219410596,0
True,3.71649793926378,0
True,2.85306213923119,0
True,0.998942297875961,0
True,2.66171399708293,0
True,1.97597675695032,0
True,0.988940689682245,0
True,3.09364805194608,0
True,2.35875020690461,0
True,2.32891517650126,0
True,3.10805780100444,0
True,2.54112550861074,0
True,3.0269767945452,0
True,2.48685199515723,0
True,2.26800768679823,0
True,2.46782164818719,0
True,2.63119436671113,0
True,1.5060519050704,0
True,2.79373923873763,0
True,2.23773789963347,0
True,2.60389301761924,0
True,2.44337501268499,0
True,2.90488662506584,0
True,1.92694838466263,0
True,2.6197030500654,0
True,2.25075048105459,0
True,2.99292157329981,0
True,2.8949284441437,0
True,1.73649422838281,0
True,1.99071195175384,0
True,1.78666148849822,0
True,3.43893504942653,0
True,2.43857353730261,0
True,3.02570945570875,0
True,2.31686293537717,0
True,2.13794149266795,0
True,2.35261699246866,0
True,2.90491591197056,0
True,2.25890730381218,0
True,2.41394318048005,0
True,2.80316698397818,0
True,2.55524553196087,0
True,2.30336729913865,0
True,3.18009895799023,0
True,2.26791764308425,0
True,1.65895563359383,0
True,2.69851818288335,0
True,2.06909838056167,0
True,2.38602993202066,0
True,1.08916581507273,0
True,2.91575141946625,0
True,3.17689578778127,0
True,1.75310765674343,0
True,2.52487708038372,0
True,2.056001232067,0
True,0.512558193116785,0
True,2.06102615230018,0
True,2.37647686177742,0
True,2.16475537146759,0
True,2.25927855712889,0
True,2.39103677332509,0
True,2.42020022332389,0
True,2.96155423807008,0
True,2.83804498331247,0
True,2.65920535237063,0
True,2.72584477846025,0
True,2.11395932522475,0
True,3.16891114870077,0
True,2.21527454809521,0
True,2.72115482785379,0
True,2.86575170391327,0
True,2.23015599517836,0
True,3.04857549919518,0
True,2.56907967368725,0
True,3.33298895083868,0
True,2.38737148204728,0
True,2.18031223285037,0
True,2.3178675390267,0
True,2.89306464958909,0
True,3.021116723132,0
True,2.67707041702706,0
True,1.93119331747376,0
True,2.62193571592136,0
True,1.66652256122504,0
True,2.85364936671227,0
True,2.69929523521638,0
True,2.36691478190567,0
True,2.42315968266338,0
True,3.08512544246891,0
True,2.47910569537398,0
True,2.47891063299225,0
True,0.433569336829628,0
True,1.7194702443102,0
True,1.90763524879354,0
True,2.6635240939242,0
True,2.82359074055042,0
True,3.56241205507814,0
True,2.64951829208556,0
True,3.23948979372146,0
True,3.00671402077614,0
True,2.98727941828707,0
True,2.19562008628031,0
True,2.99930899516278,0
True,1.86389759410985,0
True,3.06455909163557,0
True,2.86629924624698,0
True,2.70146380238643,0
True,2.36775295857008,0
True,3.14331849764349,0
True,1.91377872799554,0
True,2.19697744871537,0
True,2.41313622187372,0
True,2.81063620833926,0
True,2.01767667685561,0
True,2.21258702503946,0
True,1.849189250367,0
True,2.37667500477849,0
True,1.9298515055409,0
True,2.73693856200746,0
True,2.41344476890762,0
True,2.51087558686483,0
True,2.11011585830388,0
True,2.55905866595189,0
True,2.16294936722049,0
True,2.18479277780018,0
True,2.70360807518902,0
True,0.885795717463805,0
True,2.96979333243335,0
True,2.96382834510117,0
True,2.46091983053037,0
True,2.36228096173363,0
True,2.76607079650134,0
True,2.62457986410591,0
True,2.60999284746003,0
True,1.27929987782827,0
True,2.93744168925072,0
True,1.78275019921572,0
True,3.45417268593602,0
True,2.80086679256089,0
True,1.53062264896344,0
True,2.44468390054057,0
True,2.87062558876791,0
True,3.48202613463565,0
True,3.19391954263163,0
True,2.38339556435547,0
True,2.45393570487812,0
True,1.57900674537067,0
True,2.98017828560571,0
True,2.1412615930183,0
True,2.3152056870108,0
True,2.60066634975116,0
True,2.51577728302085,0
True,0.644290506383372,0
True,2.34137344478501,0
True,2.95700979352185,0
True,2.13151850813333,0
True,2.22110122922772,0
True,1.53689814084147,0
True,2.7412009633476,0
True,2.41391714745389,0
True,2.93557921345009,0
True,3.01856174167652,0
True,2.28325491347111,0
True,1.19238227537054,0
True,3.01556849914033,0
True,2.28437649958326,0
True,2.74241730179133,0
True,2.74730585295941,0
True,2.73528666970225,0
True,0.525331009033003,0
True,2.56527667850386,0
True,2.66491603001222,0
True,2.63920255718439,0
True,2.27275164759465,0
True,3.65019967392686,0
True,2.81189698959871,0
True,2.38212778562664,0
True,2.24016655276814,0
True,2.79121908092482,0
True,2.66099498617236,0
True,2.58298759754325,0
True,0.793352723333032,0
True,2.36749852388066,0
True,2.68607137804859,0
True,2.528276611357,0
True,2.2375728840123,0
True,0.945033660934577,0
True,3.16144598882809,0
True,2.7791892636834,0
True,3.00591880974365,0
True,2.56379042443371,0
True,2.45474018069173,0
True,2.08166152958934,0
True,2.60549479624177,0
True,2.61909956805764,0
True,2.41159270898017,0
True,3.29273828906422,0
True,1.99482593273874,0
True,2.71334544596078,0
True,3.2473155281589,0
True,2.51734977162489,0
True,2.84924038718037,0
True,2.23779239136078,0
True,2.50579625364201,0
True,2.61738178546556,0
True,2.72338600988172,0
True,3.03889178729623,0
True,3.20766555975083,0
True,2.31427571007526,0
True,3.31087432430943,0
True,1.78332946153255,0
True,3.41344801816483,0
True,3.60286129188967,0
True,3.84027982761436,0
True,0.780647970445435,0
True,3.09151847362275,0
True,2.49296662527266,0
True,2.29203102147533,0
True,1.72391879037343,0
True,2.70381667510029,0
True,2.10557243032475,0
True,1.68212222947926,0
True,2.48311002067033,0
True,2.78402577209126,0
True,2.98342413592331,0
True,2.18122390563036,0
True,2.02968309717751,0
True,0.850901527496861,0
True,2.516518131024,0
True,2.42711334606935,0
True,2.37386039044175,0
True,0.956323981935624,0
True,2.33641072815091,0
True,2.43338754517512,0
True,3.20092256151743,0
True,3.11948859674675,0
True,2.75513285932936,0
True,2.74366575521769,0
True,2.21072337907477,0
True,2.65016658939188,0
True,2.71914189612235,0
True,2.25496321641026,0
True,2.56121149947612,0
True,2.76712623110245,0
True,0.451142701629305,0
True,1.29090463222705,0
True,2.67293115072504,0
True,2.73950986837902,0
True,2.84656361475758,0
True,2.21307006790438,0
True,2.38046527658605,0
True,1.9337293720676,0
True,2.48103684019045,0
True,2.07935200218349,0
True,0.939069992541449,0
True,3.14298447953999,0
True,3.23773335378167,0
True,2.64206227078377,0
True,2.47663452286322,0
True,2.26499136685646,0
True,2.45538878062633,0
True,3.45748301276891,0
True,3.69192378040237,0
True,1.98155911601196,0
True,3.33827499721022,0
True,2.20368119546551,0
True,2.20561713304277,0
True,2.0644401319931,0
True,2.46961420481649,0
True,2.83126249603092,0
True,3.13699710178574,0
True,2.30813397790585,0
True,1.09441467671668,0
True,2.85919754578639,0
True,2.40637364052508,0
True,2.51164290616619,0
True,1.38071539106318,0
True,3.0409884806536,0
True,3.0952873739962,0
True,3.0831343369453,0
True,2.66046807279272,0
True,3.18232126823277,0
True,2.30774342772794,0
True,2.14878567142995,0
True,2.02290169341239,0
True,2.81647252816577,0
True,3.13190428875555,0
True,2.53358417042218,0
True,1.38062167362383,0
True,2.72966971960925,0
True,0.260679110866584,0
True,1.29982098545555,0
True,2.82614381885275,0
True,2.65463692147048,0
True,2.59833812383893,0
True,2.1583157373661,0
True,1.66433014917157,0
True,2.30306334840523,0
True,1.81676672871843,0
True,1.56366806467626,0
True,2.55563073528097,0
True,2.92738735482714,0
True,2.68258756488618,0
True,3.57034044173348,0
True,2.70494920881472,0
True,2.36609949285536,0
True,1.91942757697232,0
True,0.388370635955048,0
True,0.867001474965509,0
True,2.08501201971631,0
True,3.11987375650413,0
True,2.3362037467483,0
True,0.693944864472156,0
True,2.74683009764687,0
True,2.23073044815941,0
True,1.93692472866089,0
True,1.66748984943962,0
True,2.36808276264293,0
True,1.8869715511415,0
True,3.32167628932053,0
True,2.33675019207833,0
True,3.28139963073377,0
True,1.61582592471282,0
True,2.26788925194064,0
True,2.90093685898116,0
True,0.779047469283478,0
True,2.55000560655583,0
True,1.25816958087258,0
True,2.86269282444317,0
True,2.80908474536154,0
True,2.98505783181193,0
True,2.57078742721588,0
True,2.74914331449028,0
True,0.1707184222544,0
True,2.39415956743197,0
True,2.44171971650748,0
True,2.29757664546606,0
True,2.42955212163358,0
True,2.72801457821851,0
True,0.513062243683846,0
True,2.41584130694997,0
True,2.28594998917163,0
True,3.029182960585,0
True,3.57206197592412,0
True,2.76219324928152,0
True,2.01099661812792,0
True,1.85233137571456,0
True,2.51769568828735,0
True,0.438135491958237,0
True,2.69905333132725,0
True,2.75519265297289,0
True,0.662933710125804,0
True,2.38022322760774,0
True,2.25226471801717,0
True,2.22032826230646,0
True,2.39403221226264,0
True,2.55710492648458,0
True,1.87105525051853,0
True,2.04736626674689,0
True,2.29223426876661,0
True,2.660299767773,0
True,3.2161379691468,0
True,2.60982017875233,0
True,2.9080818090524,0
True,2.19731820487714,0
True,2.90816713675739,0
True,2.95238505775905,0
True,3.44782748670838,0
True,2.47406664545458,0
True,2.84104061056286,0
True,2.60863669120417,0
True,1.94724619914412,0
True,2.17217528257436,0
True,1.2183093106382,0
True,2.2117940717803,0
True,2.12187850905839,0
True,2.90321922976394,0
True,2.98277407970946,0
True,2.48736302786046,0
True,2.37315822053712,0
True,2.42909006453844,0
True,2.54636943242417,0
True,1.32186621230596,0
True,2.05369763717888,0
True,2.8269647612923,0
True,2.40255629252274,0
True,1.95106569144335,0
True,2.39253650213343,0
True,2.56825209870211,0
True,1.11772814579883,0
True,2.81116539816339,0
True,2.02274419016698,0
True,3.75904945695914,0
True,3.17930261559231,0
True,2.47280173796858,0
True,2.4311345455719,0
True,2.8301563024946,0
True,1.79174823261966,0
True,2.07949964007264,0
True,2.22971916962554,0
True,2.43366027855986,0
True,2.50072009821558,0
True,1.5544904424156,0
True,2.5814958883607,0
True,2.2675444745982,0
True,2.6020463638585,0
True,2.67332378187078,0
True,2.9473714946322,0
True,2.29204430675634,0
True,2.6957890600329,0
True,2.36019570850393,0
True,2.57783320145215,0
True,2.16006525534354,0
True,3.07556530813847,0
True,2.65079415102267,0
True,2.75269202168046,0
True,3.21131117261297,0
True,2.65555814841365,0
True,2.79155191603603,0
True,2.30163209032211,0
True,3.50761734422363,0
True,2.88783042203517,0
True,2.62514092095489,0
True,3.3363185822476,0
True,2.84994796099998,0
True,3.16458976726369,0
True,2.77909211252121,0
True,2.72995962813572,0
True,2.2238424788908,0
True,3.16387191568156,0
True,2.97597187892639,0
True,3.39494695650062,0
True,2.86232100515422,0
True,2.22779856118825,0
True,2.86629741753657,0
True,2.99614958337376,0
True,2.66416867218128,0
True,2.93430916839785,0
True,2.38247086913736,0
True,2.683697085668,0
True,1.58500149873674,0
True,2.4233508164353,0
True,2.3300150517611,0
True,2.46669611293772,0
True,2.77076774557467,0
True,2.62193684751637,0
True,2.79638132166003,0
True,2.67006821348436,0
True,1.63292980313987,0
True,2.91646182307877,0
True,2.27557178557344,0
True,2.13063745267251,0
True,2.38275714539835,0
True,2.95860724308934,0
True,2.22498858350556,0
True,1.93684052893948,0
True,2.20425262647469,0
True,2.5141758826019,0
True,2.23441252124639,0
True,2.14223449615421,0
True,2.96801391945637,0
True,2.0055839754951,0
True,3.0254632166304,0
True,1.99058495850473,0
True,2.59970933004412,0
True,2.34940199521672,0
True,2.79016739864355,0
True,2.31900774773443,0
True,1.60293475950852,0
True,2.14727193614584,0
True,2.42388899343293,0
True,3.74512430418342,0
True,2.26710909748313,0
True,2.80184524348141,0
True,2.52978920920171,0
True,0.55215018746296,0
True,2.67402131864919,0
True,3.00760162463716,0
True,2.63268048671806,0
True,2.54566117116194,0
True,2.79062246922916,0
True,1.75145398051234,0
True,3.02765965496652,0
True,2.67823388242724,0
True,2.70936411508443,0
True,2.28474967756556,0
True,1.61132699433081,0
True,1.30376065851341,0
True,2.68061569932523,0
True,1.88878745720328,0
True,2.83821481934403,0
True,2.49749157404312,0
True,2.1713389269497,0
True,2.48513522793446,0
True,2.70618541359756,0
True,1.83806093003045,0
True,2.21773378623852,0
True,2.72289166124605,0
True,2.52249948660438,0
True,2.24689315603802,0
True,2.41281938187363,0
True,2.24784650617129,0
True,2.61347285296247,0
True,1.82888228897132,0
True,2.16223604267684,0
True,2.5530127195943,0
True,2.92123946625586,0
True,2.26778873436657,0
True,2.95585582269783,0
True,2.66838661183481,0
True,2.32477517488811,0
True,2.79633451447582,0
True,2.2257245715055,0
True,2.7350415651512,0
True,2.42161806814968,0
True,2.17949817665954,0
True,3.06227104015176,0
True,2.75602258690254,0
True,3.00150455177935,0
True,3.22634055081697,0
True,2.30208725612889,0
True,3.16000309933349,0
True,2.14060977660603,0
True,2.5442953698226,0
True,2.48192553490311,0
True,2.78547170491165,0
True,0.737829919194815,0
True,2.46548370741252,0
True,2.56825693177711,0
True,2.29164240138748,0
True,2.25749136662994,0
True,2.37053028955268,0
True,2.64183254799858,0
True,2.67322200373691,0
True,2.19961587424225,0
True,2.57377787864378,0
True,2.8847230739695,0
True,2.60024521152996,0
True,2.12547856817693,0
True,1.74049370094483,0
True,2.74909421142984,0
True,2.13108444766116,0
True,2.44448529034922,0
True,2.56147674058638,0
True,2.10097237171733,0
True,2.16954415670419,0
True,2.01511653679682,0
True,2.7233964974423,0
True,2.36864184998192,0
True,2.9856234761026,0
True,2.84423459683012,0
True,3.71686766429979,0
True,2.11805365251001,0
True,2.37922305050873,0
True,2.25548813254692,0
True,2.0674720587892,0
True,2.88409830225925,0
True,2.72107329491744,0
True,3.01486350862531,0
True,2.11439066887739,0
True,2.68149938304788,0
True,1.25638087653836,0
True,2.64720171342919,0
True,2.66644837723111,0
True,2.29378192392179,0
True,0.875108414864704,0
True,2.25389449270816,0
True,2.29649909187011,0
True,1.28562408079807,0
True,1.96202998457803,0
True,2.76381900328992,0
True,2.53128286080446,0
True,2.3528041521054,0
True,2.82971584614562,0
True,2.72118678669701,0
True,2.47922928080163,0
True,2.57831168347409,0
True,1.17091970058653,0
True,2.54252143895826,0
True,1.93900121514399,0
True,2.20984718196274,0
True,2.57908250967179,0
True,2.67842188637396,0
True,2.12009428540741,0
True,2.95126479858722,0
True,2.74051970825723,0
True,2.41061932193739,0
True,2.29358105225515,0
True,2.85649969487332,0
True,3.3985676789801,0
True,3.42357911940867,0
True,2.19957310799469,0
True,2.57124728698956,0
True,2.6452067360228,0
True,2.71712080145761,0
True,3.35813453406306,0
True,0.400897917665935,0
True,1.55026649037108,0
True,0.802817863496977,0
True,2.23629080839707,0
True,2.14181517780742,0
True,2.00808768066602,0
True,2.63181982327769,0
True,2.98704403853854,0
True,2.66451225371431,0
True,1.82886398746902,0
True,2.5832809314758,0
True,2.05977682053519,0
True,1.13112991157784,0
True,1.79899362663141,0
True,2.61599461899015,0
True,2.72927149423724,0
True,2.51861705205817,0
True,2.49697194614191,0
True,2.51475072030543,0
True,2.68455293267842,0
True,2.85712001143654,0
True,1.59808352711728,0
True,1.49360019487719,0
True,2.48411310517176,0
True,2.07006236227474,0
True,2.22613728021371,0
True,2.32906954599155,0
True,2.88251124027396,0
True,3.30747248259943,0
True,2.47282865875571,0
True,1.86430185690936,0
True,2.34344708972419,0
True,1.61271253996727,0
True,2.84041225449541,0
True,2.21119748427284,0
True,1.50987868448463,0
True,2.70662455457318,0
True,2.15589265696534,0
True,2.60138977764673,0
True,1.82435768268314,0
True,2.62234403623902,0
True,1.29791311521777,0
True,2.67299147923034,0
True,1.56201466760455,0
True,2.2177449078068,0
True,2.5771572659465,0
True,3.04045821128781,0
True,2.69399950488131,0
True,2.15801785850672,0
True,2.45785199716862,0
True,2.50883165395753,0
True,1.6902103059829,0
True,1.90753742875828,0
True,0.742557743796494,0
True,2.03830648308556,0
True,2.68808817662936,0
True,3.04846945990273,0
True,2.20828855635818,0
True,2.6454436820097,0
True,2.1767392060375,0
True,2.03063655371887,0
True,2.52902362427854,0
True,2.19885807264095,0
True,2.39137397479212,0
True,1.97889126566074,0
True,2.19050152924582,0
True,2.25096393879474,0
True,2.91493696920258,0
True,2.74810232116659,0
True,1.61111708438369,0
True,2.32417860710198,0
True,2.41231547473497,0
True,2.60926812420331,0
True,3.31445885356514,0
True,2.98972537162447,0
True,2.06273008001519,0
True,2.24300464768146,0
True,3.21586353882175,0
True,2.85147847267497,0
True,1.92687689000219,0
True,2.37291055668981,0
True,2.41845374694388,0
True,3.04514645329046,0
True,2.78073957996628,0
True,2.0564036696917,0
True,2.10083742424232,0
True,2.38107390657312,0
True,1.86909767087801,0
True,2.50985066718381,0
True,2.67026319644289,0
True,2.84883583812795,0
True,2.06304323592169,0
True,2.72727683606923,0
True,2.42672733174484,0
True,1.77357973488054,0
True,1.30966406786643,0
True,1.96804870032529,0
True,2.56807976000822,0
True,1.88011743645536,0
True,2.25910897399947,0
True,2.73516283962648,0
True,2.80313166784719,0
True,2.60063527985429,0
True,2.47328197419784,0
True,1.70378809571952,0
True,2.36050442466377,0
True,2.49353468829131,0
True,2.76017252180832,0
True,2.14225579903516,0
True,1.43935563072435,0
True,1.8648757868478,0
True,2.28534565220617,0
True,2.50130858726172,0
True,2.21698209489165,0
True,2.51373249725358,0
True,3.42169071318029,0
True,2.56366996291815,0
True,2.76976254314057,0
True,3.14070864962802,0
True,2.30385695954745,0
True,2.76757313598409,0
True,2.8108180187863,0
True,2.85270228058936,0
True,3.39216276297433,0
True,2.48759412635129,0
True,3.08289743793938,0
True,1.01290731071641,0
True,2.33109033923516,0
True,2.39567035786733,0
True,3.13440752047918,0
True,2.66340185694177,0
True,2.64830401979772,0
True,2.30566123741479,0
True,2.66485141614229,0
True,2.10938282322052,0
True,2.10730735981004,0
True,2.28175632377965,0
True,2.58322195671654,0
True,3.0405853118385,0
True,2.28635907674511,0
True,1.57743463467321,0
True,2.55702454538921,0
True,2.56019384684715,0
True,2.00381499464677,0
True,2.365453484528,0
True,2.98945683015957,0
True,2.69409162558547,0
True,1.48353873580302,0
True,2.9186689983613,0
True,1.80013462930725,0
True,3.09001875094431,0
True,1.35942304656913,0
True,1.74493047388836,0
True,2.4763101001045,0
True,1.99593491556533,0
True,0.585543223192816,0
True,2.82154087715799,0
True,1.63299628678263,0
True,0.991901055056967,0
True,0.511874163791587,0
True,1.77176927519405,0
True,2.60042355341415,0
True,2.41824843023535,0
True,2.5526881370488,0
True,2.89324178065254,0
True,2.94415388214823,0
True,2.25262101943915,0
True,2.2010378897791,0
True,2.14513583580336,0
True,2.25451547367855,0
True,1.95684416206896,0
True,2.72683268483934,0
True,1.93245283073272,0
True,2.35102404516532,0
True,2.89504291382793,0
True,3.1871263585925,0
True,2.28030480900815,0
True,2.86218556072828,0
True,1.93033463660894,0
True,2.58720317776844,0
True,1.416135690818,0
True,1.82652309279472,0
True,3.01066523127807,0
True,3.01810505477513,0
True,1.60922538723248,0
True,0.670696283243854,0
True,2.56152871610675,0
True,1.65198169093912,0
True,2.51029001609858,0
True,2.88404281908285,0
True,1.98776386525552,0
True,0.56462454136265,0
True,2.49774182157671,0
True,2.61407617737535,0
True,2.2356071303283,0
True,2.3851909229145,0
True,2.83127180976373,0
True,2.19095581161753,0
True,2.9862797487239,0
True,2.80272285267989,0
True,2.27445595564206,0
True,2.04870625075837,0
True,3.00929191585192,0
True,1.07201974990789,0
True,2.01161960733707,0
True,1.03362459964979,0
True,2.06381690747145,0
True,3.53173872226877,0
True,1.19565179392129,0
True,2.16663711351465,0
True,2.18242214706444,0
True,2.81342467363822,0
True,2.68702292560958,0
True,2.75846642779807,0
True,1.76526500240691,0
True,2.6917537003875,0
True,2.33135207373923,0
True,2.72369336022353,0
True,2.58173644519556,0
True,2.71249060085582,0
True,2.60193356261541,0
True,2.50029459748227,0
True,2.26373769743655,0
True,2.62042381485127,0
True,2.80319030820981,0
True,2.90988560494318,0
True,3.0250545679944,0
True,2.63910014639296,0
True,3.0093895917355,0
True,2.91463932164108,0
True,2.76435204541164,0
True,2.18080313581549,0
True,2.7153410788261,0
True,1.73855447543502,0
True,2.0094413215411,0
True,2.72200816449764,0
True,2.89316626492704,0
True,1.63654462211187,0
True,2.38647195494901,0
True,0.323717443508262,0
True,2.64511074070358,0
True,3.18615795534086,0
True,2.41403317364905,0
True,3.7515446915224,0
True,2.51660760220664,0
True,2.54486145691607,0
True,1.83545926734536,0
True,2.33708493073447,0
True,2.22203775132873,0
True,3.06014271903518,0
True,1.65476325352661,0
True,2.8798693682908,0
True,3.58361691286935,0
True,1.11982696138444,0
True,3.32097248230824,0
True,2.85201904207112,0
True,1.23171254112184,0
True,3.42757419805147,0
True,3.26032691380265,0
True,3.06819230526699,0
True,2.98934753702843,0
True,3.05632113078501,0
True,2.51677066997971,0
True,3.23230560207988,0
True,1.82121358982804,0
True,2.76343363238295,0
True,2.52016029701011,0
True,2.92711623351306,0
True,2.74090036556569,0
True,1.93858142510935,0
True,3.1323897200564,0
True,3.07527615783589,0
True,2.08064104109114,0
True,2.94719193902119,0
True,2.14099758744878,0
True,2.46270786791892,0
True,2.02271618098251,0
True,2.87941478282221,0
True,3.79097625598072,0
True,2.05123175056654,0
True,3.00822937965962,0
True,2.74460885170663,0
True,2.35017109766675,0
True,2.57300481886231,0
True,2.42535049304124,0
True,3.265623881457,0
True,2.78412949072558,0
True,3.25775651730331,0
True,0.355918348380071,0
True,3.51400065740916,0
True,2.37134917799815,0
True,2.58975243196987,0
True,2.67146452066738,0
True,2.00654227180691,0
True,2.4866964647921,0
True,1.91202801967073,0
True,2.26834161433563,0
True,2.64155630304753,0
True,2.34599806830411,0
True,1.9863293472717,0
True,2.41820963167874,0
True,2.60075034473923,0
True,2.68747659509275,0
True,2.29013545118256,0
True,2.59013204077997,0
True,2.53255098482409,0
True,2.85306595362164,0
True,1.96911146391182,0
True,3.00620198099932,0
True,2.7803193176916,0
True,3.27274196040116,0
True,2.39851185785139,0
True,2.43868129559589,0
True,1.00199691013303,0
True,1.85734592435311,0
True,2.23454751130961,0
True,2.42722764601765,0
True,1.95599512910987,0
True,3.09600655783964,0
True,2.09760295963362,0
True,2.0212920857672,0
True,2.44789431442654,0
True,2.53037729331385,0
True,2.2167530094514,0
True,2.22325148019511,0
True,2.62872084359141,0
True,2.87368424033265,0
True,2.92605004244705,0
True,2.95795343518043,0
True,2.9056543177423,0
True,2.43979867741992,0
True,2.64443301592655,0
True,2.33878678627521,0
True,3.45850949949955,0
True,3.4027353714801,0
True,2.15674711392228,0
True,2.77426867388757,0
True,3.17343967453027,0
True,3.32971752061215,0
True,1.77845067708102,0
True,1.98980238487518,0
True,0.444356488897629,0
True,2.60863504537244,0
True,2.71125976647752,0
True,2.25067336703219,0
True,2.80484877138312,0
True,2.97466710526254,0
True,2.74734216073299,0
True,1.9948974638695,0
True,1.96441261771021,0
True,0.440859146936672,0
True,2.07763282839438,0
True,1.55713711117524,0
True,2.64875075223527,0
True,2.99226212980653,0
True,2.6254139766765,0
True,2.74861917425588,0
True,2.98792411495281,0
True,1.65662108029169,0
True,2.51851678787162,0
True,3.32190903106937,0
True,2.60752887005193,0
True,2.02830942716624,0
True,2.45400481351628,0
True,1.48881815969291,0
True,2.23353399926641,0
True,0.527530726634752,0
True,2.55385422873148,0
True,2.31283567569126,0
True,2.44789470667703,0
True,1.26662466814199,0
True,2.49901090764869,0
True,1.93146574310658,0
True,2.61496228802812,0
True,2.52863374250308,0
True,2.24673860310924,0
True,1.02474572127564,0
True,2.75471847086095,0
True,2.19416025752162,0
True,2.51842691343692,0
True,2.49140255456987,0
True,2.20384786843105,0
True,2.55033061562488,0
True,2.06291884741275,0
True,2.08007946011357,0
True,2.23994944027154,0
True,2.73210393855187,0
True,2.80315276425848,0
True,2.36360449857987,0
True,2.64821129600939,0
True,2.79504837600286,0
True,3.3188711527872,0
True,1.9890724480557,0
True,2.5968040427996,0
True,2.96203967264579,0
True,2.61792573895544,0
True,3.08253164568839,0
True,2.70417784319676,0
True,2.9373542172517,0
True,2.22633322422685,0
True,0.588417329970526,0
True,2.6235273731035,0
True,2.21119745835055,0
True,0.526488024934816,0
True,3.42113360331249,0
True,2.4044741498103,0
True,1.65003600736466,0
True,2.22258895091961,0
True,2.61701001956112,0
True,1.94840962790641,0
True,1.7800785260427,0
True,2.1318518241523,0
True,2.77147822545311,0
True,3.05645948386461,0
True,2.95023199974905,0
True,2.65453015789009,0
True,2.30945714182347,0
True,2.75399874610396,0
True,2.89419180035777,0
True,2.43754233335827,0
True,2.43242618075058,0
True,2.26969904389288,0
True,2.36205511788122,0
True,1.69307379204995,0
True,2.66097627643373,0
True,2.20330002176404,0
True,2.36497670456977,0
True,2.57453023424459,0
True,2.68070740316518,0
True,2.53973816324493,0
True,3.05271966962979,0
True,3.03289023132952,0
True,3.27682224161653,0
True,2.70834048635068,0
True,0.330658907305923,0
True,2.61786538955364,0
True,2.62855753343015,0
True,2.10506627609445,0
True,2.36126068728961,0
True,2.26028127370189,0
True,2.59368885683325,0
True,3.25191400238159,0
True,0.633958423924033,0
True,1.94435271977543,0
True,3.20340040118256,0
True,2.27161044282301,0
True,2.55252424565884,0
True,2.05280936497726,0
True,2.80093920116554,0
True,2.30753536293764,0
True,2.34670243000758,0
True,2.60918568529518,0
True,2.71628725112355,0
True,2.69088616781675,0
True,2.66547445194799,0
True,1.81272878903661,0
True,2.20332539163799,0
True,2.10595388646784,0
True,2.14215589316531,0
True,2.79431511440142,0
True,2.78798250126533,0
True,2.13425309674964,0
True,1.75838181894826,0
True,2.35013416662249,0
True,2.32118357787812,0
True,2.72835499373443,0
True,2.37179062533745,0
True,2.67531982720384,0
True,2.86443253765367,0
True,2.13028086954163,0
True,1.54423626536778,0
True,2.39127439715606,0
True,2.17688700271039,0
True,2.22512238879259,0
True,2.3552370877517,0
True,2.90611143751306,0
True,2.52349680401439,0
True,1.75422035490179,0
True,1.73322219098543,0
True,2.13657084007463,0
True,2.91259138543687,0
True,2.30599785340548,0
True,2.47723722723084,0
True,2.2720826262144,0
True,2.61040902816784,0
True,3.54425189959348,0
True,0.784261585650145,0
True,2.68749451406559,0
True,2.43614493116153,0
True,3.17122527210741,0
True,1.54064181875808,0
True,1.56603518576303,0
True,2.409287466634,0
True,2.38274884485043,0
True,2.56418252504227,0
True,2.49259442934976,0
True,3.02597110728745,0
True,3.34538403219385,0
True,2.60934558922106,0
True,2.44855456562282,0
True,2.73925473986332,0
True,3.83245467112687,0
True,1.5998478039445,0
True,2.37948975365004,0
True,1.76041551021157,0
True,2.68849584989763,0
True,2.37933561242205,0
True,1.2200728930863,0
True,1.81159202406763,0
True,3.18850321916848,0
True,2.90757698246581,0
True,2.03639453175215,0
True,2.39004889213,0
True,2.60173314224685,0
True,2.14722513472644,0
True,1.8726855231228,0
True,2.46967955544648,0
True,2.56209689601965,0
True,2.80952547994298,0
True,2.75616514215096,0
True,2.64868248644789,0
True,2.55760991085322,0
True,2.37371674309099,0
True,1.08341418354408,0
True,2.73309187805345,0
True,2.67434361072442,0
True,1.62317223091524,0
True,2.78138474233396,0
True,2.6250898469885,0
True,1.86965129359099,0
True,2.45081677424235,0
True,2.48776963741473,0
True,2.17380199026559,0
True,2.17897821029927,0
True,2.73869411470564,0
True,1.877279803967,0
True,2.6721280226111,0
True,2.79439255188901,0
True,3.21665170591508,0
True,2.55388302575583,0
True,2.29929417478008,0
True,2.55448739785628,0
True,2.89199123856956,0
True,2.27097392852334,0
True,1.64234615273306,0
True,1.26644669822943,0
True,2.26235952329901,0
True,2.17383092171435,0
True,2.64953052232038,0
True,1.96079708498903,0
True,2.61335140276797,0
True,3.09414343194788,0
True,1.42477967554,0
True,2.01629721075195,0
True,1.47448521598829,0
True,2.33156969197069,0
True,2.42816237675691,0
True,3.0510638136839,0
True,2.45120691993057,0
True,3.11096649968968,0
True,2.67468135598928,0
True,2.15645102433941,0
True,3.23474048016408,0
True,2.54261259307669,0
True,2.58760943274249,0
True,2.98390081119543,0
True,1.33460002635716,0
True,1.37082216013173,0
True,2.93258038844622,0
True,2.0933050825345,0
True,2.70410097261287,0
True,2.42929489350094,0
True,2.38727509899117,0
True,2.08574562475029,0
True,2.11066886212646,0
True,2.5882251988347,0
True,3.44176889991425,0
True,2.04053505370361,0
True,1.11542906881603,0
True,2.62471777947116,0
True,2.01494465885456,0
True,2.39000788776552,0
True,2.23796730175958,0
True,1.90731696569417,0
True,0.347493922867028,0
True,2.11308596069682,0
True,2.58012222400005,0
True,1.80611069109674,0
True,3.16854821753734,0
True,2.68009635410698,0
True,2.51513397795177,0
True,0.913932855414961,0
True,2.52797237571789,0
True,2.26551603635573,0
True,1.15734233121098,0
True,1.54127944753668,0
True,0.873506982162265,0
True,2.27063570566003,0
True,2.03600094941804,0
True,1.11759314073244,0
True,0.757703089623108,0
True,1.99963798875874,0
True,2.14931978263898,0
True,2.38110917450844,0
True,2.34618637627733,0
True,2.52025256281249,0
True,2.41527156040275,0
True,2.31251343831528,0
True,2.63228398006043,0
True,2.52061364738286,0
True,2.94248565166763,0
True,1.24774478406594,0
True,2.452299322285,0
True,1.2881988539436,0
True,2.93877680717768,0
True,2.50249751115216,0
True,3.0620099803877,0
True,0.987664298171488,0
True,0.557802245210632,0
True,2.16353860774724,0
True,2.53167823599753,0
True,2.42683479333208,0
True,2.21277828088017,0
True,2.29379571620712,0
True,2.51874806715231,0
True,2.59693959382509,0
True,2.57692440055168,0
True,0.647750064517755,0
True,1.97614248080141,0
True,2.60918602305174,0
True,2.77183575103325,0
True,2.26828296943579,0
True,3.14591566274045,0
True,3.3996764242755,0
True,3.088812693136,0
True,2.19061118585703,0
True,2.2410596140875,0
True,2.3342988017087,0
True,1.48944534680033,0
True,2.56845755093669,0
True,1.94055593179448,0
True,2.14568319995921,0
True,3.35155456783092,0
True,2.34248089812517,0
True,3.16745908578966,0
True,2.30191193937418,0
True,2.09792094413079,0
True,1.43976774513684,0
True,2.96126192848707,0
True,2.36913566425508,0
True,2.46664814108609,0
True,2.16521719279432,0
True,2.56525372459916,0
True,2.23698408103994,0
True,2.50351930036151,0
True,2.14805491278773,0
True,2.39888419702137,0
True,2.84111465827848,0
True,2.70430285039701,0
True,1.30703839229283,0
True,2.77427601083329,0
True,0.637385929079605,0
True,2.11626790499553,0
True,3.04308669532217,0
True,2.25724089088312,0
True,2.10176883812449,0
True,2.4357593169281,0
True,1.8364947794467,0
True,2.16706528369018,0
True,3.01405167520117,0
True,2.74255211554432,0
True,2.36910287325165,0
True,2.62851671492923,0
True,2.77376056689598,0
True,2.69912877483339,0
True,2.64788684899756,0
True,2.1615514824136,0
True,2.09638003859056,0
True,1.84694484124971,0
True,2.45508779623422,0
True,2.1583954967873,0
True,3.81746020914305,0
True,2.27050027167593,0
True,2.36051808805251,0
True,3.42041657777338,0
True,2.00742233848805,0
True,2.8564699924983,0
True,2.40500939438458,0
True,2.15718662925316,0
True,2.22871006808417,0
True,2.66283543925102,0
True,2.00527787694732,0
True,2.25915455384317,0
True,2.24404730144787,0
True,2.77589967376013,0
True,2.73249843770588,0
True,2.33524782460648,0
True,2.1394762911796,0
True,1.37167679533628,0
True,1.83593325204527,0
True,2.36195295988375,0
True,2.89867875420367,0
True,2.71340126073875,0
True,2.56019548915447,0
True,0.927888152219086,0
True,2.4740821004812,0
True,1.51302886123385,0
True,2.05664737232429,0
True,2.13070142435494,0
True,1.93464685766344,0
True,2.28499869817413,0
True,2.13245109394517,0
True,2.18487072485135,0
True,3.31661615678544,0
True,1.88830919271071,0
True,2.6230469360377,0
True,1.8407525532997,0
True,2.97504176735743,0
True,3.12557108477373,0
True,0.302865213655318,0
True,0.442787556279596,0
True,2.55988299731381,0
True,2.30598368703024,0
True,2.50334172374431,0
True,2.94866978234527,0
True,2.92585372791906,0
True,2.73816175306829,0
True,2.06188223852293,0
True,2.41809871963438,0
True,1.42132684128016,0
True,1.85955617393541,0
True,2.30252232760181,0
True,2.16106825244866,0
True,2.60427583317249,0
True,1.84942190217672,0
True,3.35238367978802,0
True,2.58497778901198,0
True,2.77280762997737,0
True,3.43985828992885,0
True,1.59163349100527,0
True,2.64313232440804,0
True,3.11269433333084,0
True,2.3422428841031,0
True,2.71000441696212,0
True,2.62677337727257,0
True,2.92330756342207,0
True,1.6748051230985,0
True,2.11091308582973,0
True,2.36920747531484,0
True,3.00991141889855,0
True,1.95132793246778,0
True,2.50373142411553,0
True,2.38842052727362,0
True,1.69392872638465,0
True,2.91772557220381,0
True,2.25164021459862,0
True,2.4573722990195,0
True,2.75075346203299,0
True,3.0437703523739,0
True,2.48862925743985,0
True,3.67242598285818,0
True,1.09392275283399,0
True,2.14940176198976,0
True,1.96050516239536,0
True,2.53038936518764,0
True,2.21274409134609,0
True,2.35339205669909,0
True,2.7689727312285,0
True,0.41326828123084,0
True,2.73046445249548,0
True,2.30033660453869,0
True,2.45858897039071,0
True,2.87516440257122,0
True,0.262360990381199,0
True,2.29076324578784,0
True,2.35510094916822,0
True,1.40890514741355,0
True,2.64090911616235,0
True,2.58578935066358,0
True,2.71335511916864,0
True,2.03493509353058,0
True,2.24851761444074,0
True,2.56856012648345,0
True,1.94768193296228,0
True,1.87693445216042,0
True,2.7560243204343,0
True,2.74805736939459,0
True,3.25951241848412,0
True,2.51525884840331,0
True,3.16342188114175,0
True,3.09195871694255,0
True,2.18581268863482,0
True,2.84977150692373,0
True,2.69741444608319,0
True,2.85297592043379,0
True,2.97139572559064,0
True,2.47868075736752,0
True,2.18858231482502,0
True,2.28614545018054,0
True,2.42260237247522,0
True,2.82343760220628,0
True,2.39629125679471,0
True,0.359418757103219,0
True,2.85329026976095,0
True,2.8288252803354,0
True,2.57662777610246,0
True,2.89049705510366,0
True,2.55896486760126,0
True,3.33596225191052,0
True,2.66728638668212,0
True,1.86449478324068,0
True,2.7279152320257,0
True,2.86887140273377,0
True,2.48569819596171,0
True,2.31585156994432,0
True,0.39555627640607,0
True,2.89132306387289,0
True,1.54825148347031,0
True,0.762931851299584,0
True,1.66557352101425,0
True,2.16565991328105,0
True,2.84531677604463,0
True,2.25743344439075,0
True,2.90973304741077,0
True,3.3093264108153,0
True,2.95590189482871,0
True,1.61326843657502,0
True,3.21392822108161,0
True,2.57864219409008,0
True,3.19090858840839,0
True,2.32020924460384,0
True,0.375946115086566,0
True,2.22130028322336,0
True,2.20875958830664,0
True,3.06770968298407,0
True,2.66627642520125,0
True,2.99917654726973,0
True,2.2572510761969,0
True,2.59425429241407,0
True,3.07599243943707,0
True,2.06451109548019,0
True,1.66321433935407,0
True,2.40047699971044,0
True,2.23170472972003,0
True,2.52976979249888,0
True,1.59421079023661,0
True,2.62798436623404,0
True,2.13534937734393,0
True,2.6196754076116,0
True,2.85574319258799,0
True,2.57228064621112,0
True,2.80085013517847,0
True,2.20491501709495,0
True,2.75832400343575,0
True,2.10800860499454,0
True,2.24686043873063,0
True,1.72886280760925,0
True,2.56771057613959,0
True,2.62806093284778,0
True,1.81614160509415,0
True,1.24218501564309,0
True,2.45400283451866,0
True,2.62194719190334,0
True,2.05327930324372,0
True,2.33614297386967,0
True,2.56863455161593,0
True,2.53967805321061,0
True,2.33008161946024,0
True,2.07192128719241,0
True,2.39646614647092,0
True,2.73552003542841,0
True,1.82030949539532,0
True,2.49089571828602,0
True,2.96176679325027,0
True,2.40924276732799,0
True,2.48786252246431,0
True,2.20680437805839,0
True,1.47406738541425,0
True,2.28811379342035,0
True,2.96708765958107,0
True,2.27979033134513,0
True,3.09326283404791,0
True,1.08313792539276,0
True,2.54251706700143,0
True,2.09605807334993,0
True,1.9788686985138,0
True,2.36637665738093,0
True,2.55568939771833,0
True,3.05933627032804,0
True,2.66040009754275,0
True,3.44248924230531,0
True,2.03809489373071,0
True,2.4400655398203,0
True,1.9904073482182,0
True,3.5359846620936,0
True,2.07753817896386,0
True,2.62014340147707,0
True,2.64061409948925,0
True,2.53745239962526,0
True,1.73378879598717,0
True,2.65518126531233,0
True,2.70896858370156,0
True,1.12980832638449,0
True,1.69186124044022,0
True,2.18271145867396,0
True,2.17283235841065,0
True,2.38161217913527,0
True,2.5822358357447,0
True,2.55015079669338,0
True,3.63495679075601,0
True,2.66199459514775,0
True,3.05241722203723,0
True,2.98103155032449,0
True,3.2043559432576,0
True,2.78578250759342,0
True,2.45432295626658,0
True,2.64680931525217,0
True,1.88371764392627,0
True,3.04520944031467,0
True,1.94796205057122,0
True,2.07643573970126,0
True,1.67192483800139,0
True,2.72573686105688,0
True,3.04736557611648,0
True,0.410007464088933,0
True,2.14476555237415,0
True,3.1437724991731,0
True,1.8309294780468,0
True,0.504871550228096,0
True,2.44959849578792,0
True,2.43220004936044,0
True,2.80214420276737,0
True,1.92510191400017,0
True,2.86105751873833,0
True,2.42042277050002,0
True,2.24121445844052,0
True,2.56428454672197,0
True,2.22763114061951,0
True,1.993496076195,0
True,2.50817442266258,0
True,2.5547574659657,0
True,1.95870877158335,0
True,1.7293693994644,0
True,3.56755508264407,0
True,2.95147254657412,0
True,2.70036328386706,0
True,0.695763500725687,0
True,2.82372240152389,0
True,2.44569275375477,0
True,2.4192907432638,0
True,2.19882870456192,0
True,2.78462482617519,0
True,1.88153974073921,0
True,2.78133978958744,0
True,2.74657236137213,0
True,2.55515386549029,0
True,1.51880570539116,0
True,2.44366414472894,0
True,1.98668152653285,0
True,3.01871459304244,0
True,3.01102092217315,0
True,2.37614591950745,0
True,2.38529118065451,0
True,3.06039890666881,0
True,2.60446277113684,0
True,2.58964534925657,0
True,2.64397529084511,0
True,2.73542571785418,0
True,2.67926365476128,0
True,0.294407835891336,0
True,2.29849605829382,0
True,2.87612504039472,0
True,2.60109763759715,0
True,2.78054445223486,0
True,2.50492413495508,0
True,2.60822521326385,0
True,2.10802962004376,0
True,2.81210238919741,0
True,2.09439594113203,0
True,2.51782018392521,0
True,3.33720897518919,0
True,3.43585471337675,0
True,3.07820083772896,0
True,0.235924061536241,0
True,2.14814664690089,0
True,1.08173823230723,0
True,1.17990846249421,0
True,2.52443990964338,0
True,2.52542071280885,0
True,2.73341018527037,0
True,3.28045856761041,0
True,3.06824751486742,0
True,3.06623846171988,0
True,3.15007418537348,0
True,2.60065241803219,0
True,2.92143136863278,0
True,2.47658024544715,0
True,2.61673590362176,0
True,2.82039227725357,0
True,1.41730264038405,0
True,2.40976559496715,0
True,0.281400186226163,0
True,2.96328349627422,0
True,1.83287495778688,0
True,3.17519761406461,0
True,2.60841053706822,0
True,2.83347305722206,0
True,2.12866087659215,0
True,2.51381475749871,0
True,2.74120972466478,0
True,2.24185453985559,0
True,2.63582832066542,0
True,2.56076462939208,0
True,2.33749869643,0
True,2.70389924067571,0
True,2.58600307560841,0
True,2.7586529093874,0
True,3.21242160355744,0
True,2.65370596475385,0
True,2.28930095561785,0
True,2.57081248080468,0
True,2.54356965260851,0
True,2.24952745302191,0
True,3.10826662207705,0
True,2.02784351058971,0
True,2.65615117076229,0
True,2.42775192380533,0
True,3.62318302666881,0
True,3.24204105411143,0
True,2.04828465073094,0
True,2.3356607620239,0
True,0.277138960713714,0
True,0.663330344330719,0
True,1.74621479481419,0
True,2.70819908797565,0
True,2.43682247481741,0
True,1.39447034489165,0
True,2.20858996859907,0
True,2.18083130190304,0
True,2.39650747039649,0
True,2.72400258147815,0
True,3.36914870903248,0
True,2.75837187247742,0
True,3.08659082735256,0
True,3.48594035353642,0
True,2.16457968847655,0
True,2.71756027328253,0
True,3.06747660343202,0
True,0.688429458740945,0
True,3.50789259887871,0
True,2.54053093319662,0
True,2.54315462717511,0
True,2.71234808239583,0
True,2.39242938406054,0
True,1.85293704264711,0
True,2.02341488231742,0
True,2.17068627451124,0
True,2.58826194026361,0
True,2.30199807290661,0
True,2.95924775037754,0
True,3.33540167162132,0
True,2.36064256435,0
True,2.11883615998108,0
True,2.48693395212354,0
True,2.38605040655253,0
True,2.87866709422104,0
True,2.93465369926131,0
True,2.379034072272,0
True,2.65658356019115,0
True,2.0755691136471,0
True,2.86607294510617,0
True,3.10846895829309,0
True,3.01463716202649,0
True,2.70363908078661,0
True,3.66725898495948,0
True,1.92960201386285,0
True,1.98016202823626,0
True,2.8315435743733,0
True,1.73223869662889,0
True,2.22622564255374,0
True,2.8726603696946,0
True,3.27009795478695,0
True,2.75083337534154,0
True,2.39984933621354,0
True,2.41112746775939,0
True,0.502725407885967,0
True,2.11080526684759,0
True,2.86228724564203,0
True,2.7241102968116,0
True,2.70447613609175,0
True,1.08814392337542,0
True,2.67136660407573,0
True,2.80993183778598,0
True,2.03042116344487,0
True,2.49789965657111,0
True,2.59948654193996,0
True,3.15011703711781,0
True,3.6651664018752,0
True,1.84636931261413,0
True,2.38788728314474,0
True,2.69368929063499,0
True,2.31318852423844,0
True,2.77519681622738,0
True,1.78311713505399,0
True,2.51780715294459,0
True,2.76546995829885,0
True,3.07684736416609,0
True,2.46552868321173,0
True,1.64641585816691,0
True,2.33165045525591,0
True,2.41543235329755,0
True,2.66103319181098,0
True,2.86650938393967,0
True,3.6290008361316,0
True,2.7996952312171,0
True,3.42808352622813,0
True,2.81495113143897,0
True,2.29949024169669,0
True,2.5878143637466,0
True,2.75680153161328,0
True,2.35743777712991,0
True,1.72832667263,0
True,2.19155743193393,0
True,2.61666104849171,0
True,1.82838416104164,0
True,1.65946837077669,0
True,2.17285765659884,0
True,2.87426578435694,0
True,1.34934834659568,0
True,2.49658556766405,0
True,2.94016303530621,0
True,2.97437808625137,0
True,2.6908508496097,0
True,1.85248018309252,0
True,2.54529536797584,0
True,2.95392532689357,0
True,2.09080973844011,0
True,2.02829383859014,0
True,2.27100809626834,0
True,0.821629804656432,0
True,2.08515939215514,0
True,2.34918485742272,0
True,2.89952929595104,0
True,2.44098331438032,0
True,2.99214606367181,0
True,2.33535365211886,0
True,2.74409766793302,0
True,2.00476998367386,0
True,2.77844792522391,0
True,1.90092080107562,0
True,2.63765893570131,0
True,2.39819311265479,0
True,2.87720664937451,0
True,2.10516681392249,0
True,2.50415698062183,0
True,2.53538898670633,0
True,1.88130556635898,0
True,2.65210939082196,0
True,2.97799682103851,0
True,2.38942318669323,0
True,3.12112398501235,0
True,2.38625801854453,0
True,2.31416855333739,0
True,2.61878167043171,0
True,2.54454408905784,0
True,2.47208525875992,0
True,3.3671425799055,0
True,3.21777564682559,0
True,2.59200964592424,0
True,2.42889977473477,0
True,2.51453592676689,0
True,2.33575472564159,0
True,2.92602752406646,0
True,2.47690297089671,0
True,3.15186246831719,0
True,2.28344180659696,0
True,2.70554050228793,0
True,3.09833172517999,0
True,1.33464173765185,0
True,1.76290107701861,0
True,2.16482603228981,0
True,2.48448185330712,0
True,2.55642120117941,0
True,2.89170719413482,0
True,2.52947924674094,0
True,2.25765165882695,0
True,1.72218935372159,0
True,2.48682787836614,0
True,2.88207017668096,0
True,2.5586402790161,0
True,2.64983723350248,0
True,2.37400736745279,0
True,2.08822288343802,0
True,2.87522832302409,0
True,2.70207218551327,0
True,2.42159015606205,0
True,0.958343382776709,0
True,2.02469456232097,0
True,2.40393385225573,0
True,2.69412671344796,0
True,2.76046275093367,0
True,2.61173488734313,0
True,2.3264296573234,0
True,2.41284097760549,0
True,2.03958617692497,0
True,1.80929595639671,0
True,1.70406744351258,0
True,1.65976081675998,0
True,1.80075472543987,0
True,2.89801566543477,0
True,2.58051587968482,0
True,3.04411399811685,0
True,3.00846744462337,0
True,2.9355295564224,0
True,2.68778202006086,0
True,2.57052015501538,0
True,2.17223775287293,0
True,1.59082187558799,0
True,2.67442482496967,0
True,2.71592655596422,0
True,2.41760097339813,0
True,2.40893205905318,0
True,2.75002877702149,0
True,2.00674957835639,0
True,2.57625020160517,0
True,2.63031299582871,0
True,2.58347566680878,0
True,2.77968012959471,0
True,2.46573752358903,0
True,2.91717874383728,0
True,2.19095730601353,0
True,2.0400191887369,0
True,2.30763460154331,0
True,1.995229641098,0
True,1.70162933277502,0
True,2.43975555490075,0
True,2.44342097050306,0
True,2.70198357561829,0
True,1.36803764238995,0
True,2.20471027122753,0
True,2.4876283596426,0
True,2.24845654343346,0
True,2.75974436255354,0
True,2.66683859813322,0
True,2.40837703198935,0
True,1.52983816256121,0
True,2.7751542556463,0
True,1.33829197094917,0
True,0.339336022949871,0
True,0.432819790726351,0
True,1.84552507433603,0
True,2.86489503801853,0
True,2.60015271746431,0
True,1.81836926428015,0
True,1.49432736104487,0
True,2.2405648834812,0
True,2.46162218607474,0
True,2.79820267905053,0
True,0.672102470820739,0
True,1.74039176144982,0
True,2.15056521410541,0
True,2.75954749173927,0
True,2.70027602186612,0
True,2.51768954783879,0
True,3.05580321622991,0
True,2.51238421470937,0
True,2.11988252514989,0
True,2.52181072445055,0
True,2.18021313226919,0
True,2.57210716169683,0
True,2.80920524948068,0
True,3.04834166602764,0
True,1.08719467898235,0
True,1.78272180888957,0
True,2.86971554725859,0
True,3.16538517866115,0
True,2.44303066889387,0
True,2.90611549987421,0
True,2.27809386069882,0
True,2.25241000281446,0
True,2.34007994746335,0
True,2.63235779297288,0
True,2.3631937187025,0
True,1.89237480461483,0
True,2.64382713806022,0
True,2.80624318986545,0
True,2.61004816965309,0
True,2.62831805944554,0
True,2.16762735899549,0
True,1.65686488556395,0
True,2.30438537558755,0
True,2.82044992530444,0
True,2.22539299877231,0
True,2.15565124110992,0
True,2.24599381763149,0
True,2.62772182559011,0
True,2.73947223891284,0
True,2.51171851633701,0
True,1.39272209889483,0
True,2.29093942043168,0
True,2.25568665846896,0
True,2.70494424833975,0
True,3.14782010710378,0
True,2.11794160022211,0
True,3.07369581957721,0
True,1.6770558476195,0
True,2.11911136422975,0
True,2.8222230422213,0
True,2.85112385167956,0
True,2.18023842263143,0
True,3.75598634949763,0
True,2.21818610908631,0
True,0.573245258938529,0
True,1.50739026153451,0
True,2.67998041596593,0
True,1.16733735259189,0
True,2.34698502096265,0
True,3.01733151856913,0
True,2.15542953611437,0
True,1.94500095527926,0
True,3.1957634965768,0
True,2.85449617713585,0
True,0.442238377489713,0
True,3.08274071510833,0
True,2.46354237467215,0
True,2.91963254464986,0
True,2.74560872394251,0
True,2.42904881978821,0
True,0.425003572960948,0
True,2.76915177354121,0
True,2.4232167082873,0
True,2.14013159855954,0
True,2.56414193607834,0
True,3.02476986282394,0
True,0.77465557945773,0
True,3.00911748873299,0
True,2.63753538614924,0
True,2.73728650781809,0
True,2.63475561553435,0
True,2.67595298133757,0
True,1.75601440849063,0
True,3.29971671311747,0
True,2.94742159251855,0
True,0.566269075498387,0
True,3.08989141924867,0
True,2.93206019113718,0
True,0.370942510883714,0
True,3.13164965037923,0
True,3.11988052783435,0
True,2.09459129491088,0
True,2.33389413553438,0
True,2.41211934035536,0
True,2.18781687690218,0
True,2.63749318044141,0
True,2.75318852947719,0
True,2.0933277251735,0
True,2.78212980469003,0
True,2.95466113911957,0
True,2.4751388038454,0
True,2.37064486560596,0
True,1.38530911235388,0
True,2.51562901468292,0
True,2.42550531637013,0
True,2.26717961414079,0
True,2.62024656902983,0
True,2.46572711458831,0
True,2.09227913305682,0
True,2.6516479237631,0
True,3.13494191508665,0
True,3.0619286784735,0
True,1.74222347438126,0
True,3.15389387392988,0
True,2.54826583643868,0
True,2.32532474404911,0
True,2.93982145533491,0
True,2.03259364873771,0
True,2.74346208536562,0
True,2.53886849929197,0
True,2.95806803319359,0
True,2.50308935211581,0
True,2.8301783436923,0
True,2.53233162856782,0
True,2.18092712838924,0
True,2.74159017253394,0
True,2.82684759494048,0
True,3.70193875653028,0
True,2.83974154247265,0
True,3.0799700490943,0
True,1.54205456359641,0
True,2.84608264519926,0
True,2.70946823216463,0
True,2.3340006505526,0
True,2.61053303615812,0
True,2.31114211770607,0
True,1.76326516418862,0
True,2.24317449484621,0
True,2.16199942655739,0
True,2.53064504923591,0
True,2.74166430679072,0
True,2.24291064003775,0
True,3.05754526346948,0
True,2.46002981835906,0
True,2.59222893413979,0
True,3.20058010795211,0
True,2.46586444034737,0
True,2.27954009007499,0
True,1.34057840785773,0
True,2.64926127761152,0
True,3.42623640507402,0
True,3.20745774762667,0
True,2.51700716044519,0
True,0.514676882783243,0
True,2.6580042883248,0
True,1.00842815580507,0
True,2.24516560936822,0
True,2.69012025659253,0
True,2.47639654361461,0
True,2.47562895940057,0
True,2.6432989970099,0
True,2.88661180121012,0
True,3.19398451191354,0
True,2.56655399043344,0
True,2.93420410730872,0
True,2.61448572529448,0
True,1.77593498917443,0
True,2.35120014888952,0
True,2.55040521320754,0
True,2.58730759091629,0
True,3.19161690657701,0
True,0.646094318901625,0
True,2.29042853201287,0
True,2.38095435969063,0
True,1.94892989737676,0
True,3.3522341131903,0
True,2.50588176908406,0
True,2.59846054832316,0
True,3.1865236239618,0
True,1.65875168368597,0
True,2.51328421639641,0
True,3.19622361000411,0
True,2.65104602693667,0
True,2.42453704864834,0
True,1.88983544618064,0
True,2.6859313704494,0
True,2.29427084313485,0
True,2.11970331286614,0
True,2.33721738234427,0
True,1.94228431569968,0
True,2.02325605614379,0
True,2.21236214806852,0
True,2.0293654633205,0
True,2.82090051554869,0
True,3.27298045041064,0
True,2.63510217144167,0
True,2.63757622212499,0
True,2.34453112141175,0
True,2.69928739833649,0
True,1.88863253749186,0
True,1.13304596317835,0
True,2.89308246714524,0
True,2.25754597348644,0
True,2.56908461800534,0
True,3.44602097435339,0
True,2.62241252392036,0
True,2.61706902120232,0
True,3.1040789825081,0
True,3.0312030574638,0
True,2.73658823109378,0
True,2.61389475677548,0
True,2.02655592113463,0
True,2.78069260861576,0
True,2.67527918780048,0
True,1.93497323229469,0
True,2.34924249179991,0
True,0.240144404656731,0
True,3.01749836233175,0
True,2.62400682452634,0
True,2.95672988099999,0
True,2.46076905272554,0
True,3.00601327083676,0
True,2.3732726925569,0
True,2.11137506623215,0
True,3.36982311685711,0
True,0.796788741007824,0
True,3.28550242371423,0
True,2.68576306956407,0
True,3.25321840892323,0
True,2.01222356757555,0
True,3.05095760720553,0
True,2.67955340387382,0
True,2.37253706976055,0
True,2.36370811078046,0
True,3.23333546412431,0
True,2.5423801759691,0
True,2.66005074481285,0
True,2.95931749037753,0
True,2.09693041128902,0
True,2.18488084718118,0
True,2.14115154616957,0
True,2.64684827429008,0
True,2.00803076232151,0
True,1.073322341517,0
True,2.19496472548016,0
True,2.53808693350519,0
True,3.02372903547851,0
True,2.015891380324,0
True,2.71449567084866,0
True,1.95752463282141,0
True,2.01522163520817,0
True,2.49999576876748,0
True,2.59499092614564,0
True,2.06846011477273,0
True,2.89579060707943,0
True,1.83066298217616,0
True,1.10930222263359,0
True,1.80283141663314,0
True,1.44405332795512,0
True,2.61308490696902,0
True,2.33061836417516,0
True,2.74475899132075,0
True,2.58737628349282,0
True,2.67103146718174,0
True,0.438024953948518,0
True,2.07427353755132,0
True,2.77963798298659,0
True,2.87585177044202,0
True,2.27221749179321,0
True,1.54749303000401,0
True,2.10046505892919,0
True,1.71442603121158,0
True,2.86684982351194,0
True,2.54629982572007,0
True,2.46597366709914,0
True,2.26007957390329,0
True,2.30371885777711,0
True,2.36259188535415,0
True,1.81056616294133,0
True,2.58246795389006,0
True,2.44230575532309,0
True,2.51902656955025,0
True,3.21925225901127,0
True,2.02482631744141,0
True,2.80775391339949,0
True,2.65674977892803,0
True,3.33060499725625,0
True,2.56437618245477,0
True,1.93121006201842,0
True,2.02102769340781,0
True,2.75865258105492,0
True,2.46363513785631,0
True,2.87942107343036,0
True,2.51490107396593,0
True,2.36837213763085,0
True,2.96160620776938,0
True,2.16561277801168,0
True,2.79763515193243,0
True,2.06254709288327,0
True,2.18503288269691,0
True,1.27724726489083,0
True,1.26160918493815,0
True,2.57188000536775,0
True,2.31143173230181,0
True,2.39554353765362,0
True,2.73253886991967,0
True,2.37567111701917,0
True,2.53169845555022,0
True,2.14811244318078,0
True,2.16281993398928,0
True,2.85023695910074,0
True,2.68416145332873,0
True,2.79072544817143,0
True,3.42418851432993,0
True,2.39238455640568,0
True,2.99568143588359,0
True,2.64945488309265,0
True,2.58907896270138,0
True,2.45735539508894,0
True,1.95849537445356,0
True,3.18594678311313,0
True,1.72115298460514,0
True,2.59345117039814,0
True,1.52682390783282,0
True,2.74554249356622,0
True,2.90251404433486,0
True,3.17425090708592,0
True,2.89057448751077,0
True,3.29040328945903,0
True,2.86698924878859,0
True,2.62748010587749,0
True,2.57125014149586,0
True,0.812522057844242,0
True,2.55032952151042,0
True,2.36879660095683,0
True,2.16755332238611,0
True,2.71266294692543,0
True,2.63974762108075,0
True,2.16393126843788,0
True,2.67674575261171,0
True,2.24287783192185,0
True,2.66758844653803,0
True,2.60115589425026,0
True,2.2765603519039,0
True,2.70205707868563,0
True,2.47110248593744,0
True,2.32427702491095,0
True,3.18647622090618,0
True,2.55926509105348,0
True,2.63810396727356,0
True,2.39248390640718,0
True,3.1023639339349,0
True,2.39241363239454,0
True,2.77951151256935,0
True,2.31289131815304,0
True,2.88654768470916,0
True,3.29090555110525,0
True,1.97235258651734,0
True,2.73507101414353,0
True,3.17578142910956,0
True,1.30478390964107,0
True,2.14275051614972,0
True,2.14248718994903,0
True,2.57080766102095,0
True,2.47988465261686,0
True,1.97535800261825,0
True,1.75881942023491,0
True,3.15524962576049,0
True,2.56902648387087,0
True,2.62679110881782,0
True,2.81714079364573,0
True,2.03476458156897,0
True,3.19401105598272,0
True,2.13098923944124,0
True,2.5562254230484,0
True,1.78728803002008,0
True,2.14181138600301,0
True,1.95891577117352,0
True,2.6599631398675,0
True,2.64000240659119,0
True,1.9321882374634,0
True,2.57573134751063,0
True,2.56707787532683,0
True,2.14533334078426,0
True,2.262235060239,0
True,2.45343128436775,0
True,2.63732322330798,0
True,2.47879426984271,0
True,3.02631059554526,0
True,2.10261599222929,0
True,2.6131924693096,0
True,2.84528482706652,0
True,2.80700011418182,0
True,2.34357627069111,0
True,3.09758354711534,0
True,2.3391459065366,0
True,0.677248685265934,0
True,2.71743978770145,0
True,2.655467871719,0
True,2.4810775535403,0
True,2.30369336540554,0
True,2.67981354683622,0
True,2.22284029199717,0
True,2.83666752345582,0
True,2.79168149773796,0
True,1.86951126271207,0
True,2.1495655932996,0
True,1.99762105190659,0
True,2.27241507574319,0
True,0.972497263269864,0
True,2.49022108633788,0
True,1.82165979565623,0
True,3.11611244439234,0
True,2.92627331754556,0
True,3.01803562220533,0
True,3.34130122533114,0
True,2.9253952779939,0
True,2.18837825890504,0
True,2.52645195413719,0
True,2.50855302012136,0
True,1.42329806840608,0
True,2.40766113682997,0
True,2.74485075722608,0
True,2.70399753300395,0
True,2.3551342919732,0
True,2.92752252878469,0
True,2.65708749747528,0
True,1.60056074778735,0
True,2.3455343468124,0
True,1.34093529576715,0
True,3.1122582950239,0
True,2.47721410025337,0
True,2.77230160421961,0
True,2.191083090288,0
True,0.846662577414837,0
True,1.85224647885103,0
True,2.11295072124089,0
True,2.21336297852766,0
True,1.751135472533,0
True,2.62925502160151,0
True,3.17898242294744,0
True,2.21895092832341,0
True,2.34929174602082,0
True,1.86751877643819,0
True,1.75680075997776,0
True,1.88414002557988,0
True,2.39827596976187,0
True,2.90220180037654,0
True,2.21893417483128,0
True,1.79066212666838,0
True,2.13294574666842,0
True,2.48582776258953,0
True,2.36733957783438,0
True,2.91163597791368,0
True,1.83753181684942,0
True,3.12112623079595,0
True,2.21383985143631,0
True,2.51609234786409,0
True,1.92069915958636,0
True,2.66976356025265,0
True,2.79973564143649,0
True,2.46794353743862,0
True,3.30335604576425,0
True,2.28991453359707,0
True,2.06726786652997,0
True,2.40556179841651,0
True,1.95785586818002,0
True,2.48134769737987,0
True,2.65512277386239,0
True,1.2925246129443,0
True,2.0483483196057,0
True,2.09252610183657,0
True,2.47392268868296,0
True,1.97453425503378,0
True,2.7194477810655,0
True,2.33238683475881,0
True,2.25050282165568,0
True,2.73275088942499,0
True,2.7840504723509,0
True,2.13970017617865,0
True,2.26487150053599,0
True,2.07457842923465,0
True,2.02478292132931,0
True,2.00075578107974,0
True,0.323845355553428,0
True,2.44077554483498,0
True,1.95609146148741,0
True,3.08071858908111,0
True,3.11926867807891,0
True,0.660026092928228,0
True,2.00660251510062,0
True,2.23393261349355,0
True,2.61019760252161,0
True,2.0365367520871,0
True,2.34389799758431,0
True,2.84804938216189,0
True,2.89993007827679,0
True,3.07713744713769,0
True,2.4259388638924,0
True,2.35917858078981,0
True,3.17440355140132,0
True,2.83354440765281,0
True,2.3194090497814,0
True,2.07679052855271,0
True,2.64005949186123,0
True,2.54916322384336,0
True,3.1701110744754,0
True,3.69783227677092,0
True,3.08186252608253,0
True,1.61136910957059,0
True,0.960635774597746,0
True,1.8155629448289,0
True,1.48446871243194,0
True,1.93447156795298,0
True,3.1018144525379,0
True,1.95115640954446,0
True,0.689261616207209,0
True,2.76944134589565,0
True,1.86609180695459,0
True,1.55142272212233,0
True,1.29025264602926,0
True,2.39946669543403,0
True,3.14549964418144,0
True,2.38323765577178,0
True,3.03579185417654,0
True,1.95821759097036,0
True,1.99967872867919,0
True,2.60604788542915,0
True,2.22532399405051,0
True,3.64685867352701,0
True,1.86420409306842,0
True,2.54482914255048,0
True,3.01824921311285,0
True,2.46952757702522,0
True,3.16407907339093,0
True,3.01448457683158,0
True,2.47887163057813,0
True,2.66388999409038,0
True,1.74873629223797,0
True,2.22350955743884,0
True,2.54096681066619,0
True,2.29666155901142,0
True,2.10185714262586,0
True,2.96865061357149,0
True,1.64844694169219,0
True,2.4761202463501,0
True,1.80096447182317,0
True,2.2737864439252,0
True,2.2961304543026,0
True,2.98961080806076,0
True,1.99259403343335,0
True,2.12948783425005,0
True,2.86702214449402,0
True,2.83159247974738,0
True,0.552359285923341,0
True,2.58941154173266,0
True,2.30235558033719,0
True,3.22442714315584,0
True,2.84090439019982,0
True,2.31892718578885,0
True,2.89197884516269,0
True,3.07386940326607,0
True,2.56172347353129,0
True,2.5542619334111,0
True,3.1050956556068,0
True,2.5374015156987,0
True,1.53570479918739,0
True,2.86327451258771,0
True,0.390224171906559,0
True,0.610956496923981,0
True,2.50728250484225,0
True,2.15297626530209,0
True,2.62303216758378,0
True,2.74630165152327,0
True,2.21845370668435,0
True,2.9771181041238,0
True,2.63510963978526,0
True,2.90499566368866,0
True,2.9246964263593,0
True,2.79882281081717,0
True,2.55337956047856,0
True,2.41922460807894,0
True,3.65754305073447,0
True,2.91746544300087,0
True,3.119418388695,0
True,2.06586269655686,0
True,3.17251295962196,0
True,2.69115163466367,0
True,3.0611837717398,0
True,2.3489462410515,0
True,2.39539116858794,0
True,2.85111465681798,0
True,2.45330967689681,0
True,2.79319687579558,0
True,2.12402186257079,0
True,1.78724683431572,0
True,2.84143349630924,0
True,2.00601071021411,0
True,2.9023625615483,0
True,2.73106331702967,0
True,2.46880375100743,0
True,2.07993785981886,0
True,2.83890512757923,0
True,2.64967539513242,0
True,2.15712272994938,0
True,1.55180026937941,0
True,2.73447784713258,0
True,2.32421495826503,0
True,2.72072277161175,0
True,1.17740896118672,0
True,2.06633531153033,0
True,2.78898093910064,0
True,2.46497888911084,0
True,2.77405927128194,0
True,2.81123529513459,0
True,3.2865015231383,0
True,3.38353189910392,0
True,2.30888538017263,0
True,2.88499499884975,0
True,1.53732415381885,0
True,2.99774587213501,0
True,2.99717232208868,0
True,2.79508867445676,0
True,2.50930344517317,0
True,2.34612824229455,0
True,2.63467754245685,0
True,1.61161543557033,0
True,2.30312479504662,0
True,2.09558128383719,0
True,1.7538166024407,0
True,3.29196640107356,0
True,2.02616301932956,0
True,0.21817920471271,0
True,2.88502605797644,0
True,0.44170399899299,0
True,1.5916970477038,0
True,2.68481692240629,0
True,2.55779350236748,0
True,2.44799282397792,0
True,3.00715426004826,0
True,2.76989240070968,0
True,1.77463743467216,0
True,1.6192445420073,0
True,2.69754401713295,0
True,2.21106117304293,0
True,1.35916007856113,0
True,2.14443189821005,0
True,2.1555886837324,0
True,1.90763470588593,0
True,2.29248166866754,0
True,2.1644829227873,0
True,2.50459102535675,0
True,3.34226193686631,0
True,1.99487221615505,0
True,2.78899089561671,0
True,3.07168782915742,0
True,2.37059427926358,0
True,2.6206659898528,0
True,1.7822473103246,0
True,2.61968488752112,0
True,2.43872238218599,0
True,3.15076708271289,0
True,3.30102134413972,0
True,2.6892351000069,0
True,2.48887639012109,0
True,2.1064788422163,0
True,3.08980919213058,0
True,2.1308308114336,0
True,3.02725890379664,0
True,3.58258044812158,0
True,2.56518447052656,0
True,2.40885867021876,0
True,2.3484390255592,0
True,2.34458308885641,0
True,3.00530939243738,0
True,2.81724663586138,0
True,2.48691967144588,0
True,2.43053726253013,0
True,3.41824202061023,0
True,2.69048410645635,0
True,2.21963091341981,0
True,2.45932173246137,0
True,2.69772792085397,0
True,2.39840607231546,0
True,1.88978155599613,0
True,2.43899227336158,0
True,2.49022657302575,0
True,2.02755343185822,0
True,2.59586740609417,0
True,2.26621172882493,0
True,2.84023520170051,0
True,3.17086205343784,0
True,1.80006810138154,0
True,2.99988172947472,0
True,1.68632272432334,0
True,2.45424671228652,0
True,2.16528382943682,0
True,1.87738143905005,0
True,2.4552685913971,0
True,2.42796097373395,0
True,2.89894109807143,0
True,2.21271899696727,0
True,3.05727264967712,0
True,2.17411995131216,0
True,2.62517524396855,0
True,2.63495392277934,0
True,2.60291014317937,0
True,2.66998862317557,0
True,2.7503719325913,0
True,3.4896297571211,0
True,2.64725164101375,0
True,2.43103643076961,0
True,3.09042509141759,0
True,0.546858337470304,0
True,3.15200785010939,0
True,1.847844914618,0
True,2.89760647373781,0
True,2.76706747130124,0
True,3.61947097160955,0
True,2.48317822275698,0
True,2.22942521687037,0
True,2.60468666370635,0
True,2.2800177859678,0
True,2.66958860704939,0
True,2.79220371445234,0
True,0.537403201432147,0
True,1.76179873270221,0
True,1.18783643253778,0
True,2.48167141880571,0
True,2.94871467948835,0
True,2.5202739754304,0
True,2.75835363766975,0
True,2.7204075416403,0
True,2.65691769970671,0
True,2.99611234595938,0
True,3.44534671014615,0
True,2.3527670583809,0
True,2.8996208926186,0
True,1.03010131227349,0
True,2.00173144437262,0
True,3.29736870796567,0
True,2.13759471666512,0
True,2.22566712240313,0
True,0.530591095612152,0
True,2.41966703305534,0
True,2.57670228196409,0
True,1.50045461861303,0
True,2.76417152401768,0
True,2.44287221137008,0
True,2.30261839688185,0
True,2.30650034685626,0
True,2.37284286600705,0
True,2.5099941180474,0
True,2.83213746397874,0
True,2.84461815227596,0
True,3.18420436918021,0
True,2.09739336172296,0
True,2.2844501063355,0
True,2.60788331998519,0
True,2.98639660391149,0
True,2.80720377292181,0
True,0.44908051381355,0
True,0.535564336025443,0
True,1.35552893700454,0
True,2.81982875061037,0
True,2.19640448065965,0
True,2.42384053169608,0
True,1.80092215983619,0
True,2.2850246801842,0
True,2.7019747881528,0
True,2.36910794633893,0
True,3.28505992496716,0
True,0.842649937581777,0
True,2.49208776647066,0
True,0.161853547353981,0
True,2.00655062704396,0
True,0.345146918554357,0
True,2.44079752785332,0
True,2.69152849853316,0
True,2.58294579758017,0
True,2.57571309903619,0
True,3.1492685538324,0
True,2.14683403577104,0
True,1.60297060006144,0
True,3.20121154652111,0
True,1.36079678887705,0
True,2.21902773662826,0
True,3.05704698482076,0
True,2.67070308746618,0
True,3.80292580840389,0
True,1.9796008779474,0
True,2.57792675999048,0
True,2.37197673643987,0
True,2.65331960554506,0
True,2.50900424196136,0
True,2.77080356772299,0
True,2.5423571168362,0
True,2.62763251649934,0
True,2.44231412891535,0
True,0.396604717561712,0
True,2.32310186824521,0
True,2.78442715929483,0
True,2.32544129495977,0
True,1.86462123777695,0
True,2.55572167270463,0
True,1.81598439332685,0
True,2.67069186447972,0
True,2.86906976029156,0
True,1.70040170898886,0
True,2.72518276137554,0
True,2.29698928661278,0
True,0.610600048795829,0
True,0.9995812721325,0
True,3.20447463423888,0
True,2.01830972656655,0
True,3.22682977893965,0
True,2.58906420153726,0
True,2.18143477662572,0
True,2.39901467817499,0
True,2.91306275810312,0
True,2.66182250245784,0
True,2.55216760302254,0
True,2.82590587303139,0
True,2.30122594984974,0
True,2.40710704064471,0
True,1.90479548747781,0
True,2.48902808153341,0
True,2.47094903832754,0
True,2.30942324995477,0
True,2.31966269974876,0
True,1.85831402037533,0
True,0.457711899836005,0
True,2.27787087891898,0
True,2.01434853890542,0
True,2.73775038534139,0
True,2.95424657890176,0
True,2.48875320068495,0
True,0.330818408604422,0
True,2.35061142036713,0
True,3.05608138835512,0
True,1.63842025741527,0
True,3.3886190619399,0
True,2.66014764296799,0
True,2.84641884067776,0
True,2.12713017437131,0
True,2.48064014432284,0
True,2.1706017796929,0
True,1.91126685022794,0
True,2.30665525432871,0
True,1.75494737096524,0
True,2.59938200170022,0
True,2.84978160077655,0
True,2.82012141710322,0
True,1.11121439769064,0
True,2.74865033900932,0
True,2.50100847997058,0
True,2.29635222859562,0
True,2.11929189074834,0
True,2.55159573947279,0
True,2.68340905386388,0
True,3.1649803880567,0
True,2.87524043231869,0
True,2.52870435482555,0
True,2.99039245098357,0
True,1.72711118036942,0
True,2.87056038860644,0
True,2.07671724663495,0
True,2.70691156428328,0
True,2.18056787571325,0
True,2.71932812540348,0
True,1.70214578262812,0
True,2.12184339618326,0
True,2.65797754544708,0
True,0.977145950065421,0
True,2.04306391798158,0
True,2.12138744480976,0
True,1.69600090967531,0
True,2.12320875998884,0
True,3.34950749268802,0
True,0.614852343877317,0
True,3.43029728900755,0
True,2.67048045596025,0
True,0.705613648836988,0
True,2.70973560248755,0
True,1.31678132514867,0
True,2.19201025824635,0
True,0.291419534012465,0
True,2.39520944594639,0
True,1.50872389968272,0
True,2.49725722948103,0
True,2.73722670013106,0
True,2.76863454119633,0
True,2.61223576612778,0
True,2.30061947204153,0
True,1.99317748973677,0
True,2.24844575500191,0
True,2.81312641266281,0
True,3.04571972999969,0
True,2.4921266008842,0
True,3.23337920046576,0
True,2.8761316627196,0
True,2.46237258910282,0
True,0.356837288080131,0
True,2.84728327374088,0
True,1.8283226306598,0
True,2.60593109471694,0
True,2.81036577842461,0
True,3.87378489083616,0
True,3.06489285338903,0
True,2.1524176363648,0
True,1.66127070947318,0
True,2.00637229039493,0
True,2.80274495670197,0
True,0.415504224214696,0
True,0.125061715674505,0
True,3.05147131128558,0
True,1.70080292952207,0
True,2.13171352427798,0
True,2.30534710712648,0
True,2.11311916462966,0
True,1.9493492930396,0
True,2.34386718103344,0
True,1.99770296285117,0
True,1.92102952788382,0
True,2.42556232231701,0
True,2.55753626577727,0
True,2.46776371311538,0
True,2.73212833846705,0
True,1.20094481562324,0
True,3.01235549681798,0
True,2.15070972960908,0
True,1.58350472140101,0
True,2.39049723890684,0
True,2.78443233588991,0
True,3.11147297735328,0
True,0.536554766937907,0
True,2.12290934193836,0
True,1.43646454297457,0
True,1.83559858225013,0
True,2.60289334939497,0
True,0.376439015860162,0
True,2.29365196583829,0
True,2.52078173941004,0
True,1.61725844795269,0
True,2.95257650985193,0
True,2.51941397754537,0
True,2.48007174290839,0
True,2.66748767186149,0
True,2.24146300631317,0
True,2.17339866700854,0
True,3.5811692814089,0
True,0.7733519802075,0
True,2.92889907139833,0
True,2.11290355881888,0
True,1.65940761366178,0
True,2.73363245668518,0
True,2.48492180615297,0
True,2.45704480854747,0
True,2.45330330903109,0
True,2.81727507975195,0
True,2.77028345385359,0
True,2.91677910417336,0
True,2.23870317876908,0
True,2.37741358231802,0
True,2.74441433703673,0
True,0.809708011767556,0
True,2.21975431208642,0
True,2.3826663268326,0
True,2.58507994175515,0
True,3.14532326383049,0
True,3.30340086430721,0
True,2.76531758512045,0
True,1.97792039597687,0
True,2.71567006975369,0
True,2.81487346727801,0
True,2.64542979613251,0
True,2.73316207853401,0
True,3.31313037438246,0
True,1.61886295959294,0
True,0.642565559873347,0
True,1.73821392750393,0
True,2.38699856575472,0
True,2.43100251657686,0
True,2.20418268761736,0
True,2.33053648404076,0
True,2.24551499029734,0
True,1.67505552994715,0
True,3.12395304391808,0
True,1.80216218026753,0
True,2.37813294434735,0
True,2.7724330418483,0
True,3.08637485986402,0
True,2.26832663555159,0
True,1.68148912520712,0
True,2.63060576216379,0
True,2.90958750624067,0
True,2.46010167988451,0
True,2.01848108055283,0
True,3.27693944442338,0
True,2.34876248053133,0
True,1.66323548180751,0
True,2.496157923647,0
True,2.44116892066091,0
True,1.74164907337971,0
True,1.91180496465001,0
True,1.84912199379217,0
True,2.67462626868045,0
True,2.79799239508087,0
True,2.65958678882357,0
True,1.89897372370902,0
True,2.65424541747599,0
True,2.77656458602975,0
True,2.01166099539603,0
True,2.65712095084511,0
True,2.24841553116292,0
True,2.77068776238601,0
True,2.80537822135084,0
True,2.13987026621005,0
True,3.45494100060622,0
True,2.72827712594287,0
True,2.74847656517665,0
True,2.46505270807541,0
True,2.62847640582698,0
True,2.38115225374833,0
True,2.58110796011338,0
True,2.27137313590311,0
True,2.46019509481997,0
True,2.42998216210767,0
True,2.60350561623977,0
True,2.20248010202398,0
True,2.50789125029499,0
True,1.90123344205474,0
True,1.71922841608403,0
True,2.50414126676778,0
True,2.52605173580016,0
True,1.78467718532329,0
True,0.761013150752475,0
True,2.9170924982263,0
True,2.7014171855034,0
True,2.88729743780587,0
True,1.57947922593795,0
True,3.44430483212094,0
True,2.86158420063612,0
True,2.61835271064985,0
True,2.54812452156826,0
True,1.04954025190851,0
True,2.31611757102784,0
True,2.63236820026563,0
True,2.760742783865,0
True,2.45740809808509,0
True,1.06374873725785,0
True,2.35952556061845,0
True,3.128562361268,0
True,3.0199052228424,0
True,3.07621543730559,0
True,2.27410097072905,0
True,2.35723833308145,0
True,0.789637977502491,0
True,2.15227658887606,0
True,2.57269467214318,0
True,2.76875502836198,0
True,2.54619684691899,0
True,2.28884061776795,0
True,2.5466919816512,0
True,2.55499764989156,0
True,2.96283598604932,0
True,3.17812985968447,0
True,2.36814026476865,0
True,2.82519850342957,0
True,2.18951815652519,0
True,2.85015163662587,0
True,2.92142645169655,0
True,2.85345447475666,0
True,2.47463029193472,0
True,2.85348003583593,0
True,2.37179681383076,0
True,2.49915544842011,0
True,2.88427328557125,0
True,2.49312960014557,0
True,2.19306796208726,0
True,2.30917651949091,0
True,2.28522092153948,0
True,2.79166539558711,0
True,2.62499955651414,0
True,2.35207931836735,0
True,2.68043624059719,0
True,2.80505541341759,0
True,2.70972782777533,0
True,2.44518385125373,0
True,1.7565849581941,0
True,2.68157546068651,0
True,3.01659197175029,0
True,1.48548824686974,0
True,2.763369106574,0
True,3.13106874462153,0
True,2.54188047286283,0
True,1.89089018813318,0
True,2.08163510327552,0
True,2.36779313190931,0
True,2.89871640231871,0
True,1.97998958992864,0
True,2.35422001714066,0
True,2.586353537504,0
True,2.86358715205285,0
True,2.59465803974774,0
True,1.90985878683245,0
True,2.31221083303085,0
True,3.13713902879681,0
True,3.11810211927958,0
True,2.86488899631452,0
True,2.28269428626034,0
True,2.35409916984083,0
True,1.38441374245999,0
True,0.613491103612346,0
True,2.42595779356697,0
True,1.50871355654343,0
True,1.94873189807918,0
True,2.59133748854534,0
True,1.43211426258368,0
True,2.94549339737639,0
True,1.436124712532,0
True,2.18537808139649,0
True,2.32026559737751,0
True,2.95449764597709,0
True,1.76433562372621,0
True,2.20813923758467,0
True,2.49360440869431,0
True,3.02000539530095,0
True,2.09602749072952,0
True,2.74710356764959,0
True,1.84897623263058,0
True,2.60941659868573,0
True,2.3087870496979,0
True,2.36105976546846,0
True,1.8094436704706,0
True,3.55189316962435,0
True,2.40627866603941,0
True,2.63809733221515,0
True,2.41194286976466,0
True,2.48544726776478,0
True,3.5833936511585,0
True,2.27969943991263,0
True,2.24586987695241,0
True,2.63472990129927,0
True,1.69427120436736,0
True,1.99889087488718,0
True,2.23798991639498,0
True,2.7749323958558,0
True,2.47984628015785,0
True,1.96169646699246,0
True,0.410000498100597,0
True,2.20203836371795,0
True,2.16904158780225,0
True,1.95692878198591,0
True,2.08905141862232,0
True,2.09616462553063,0
True,3.10031786440572,0
True,0.592134958851644,0
True,2.46614371507945,0
True,2.66510461578716,0
True,2.48505585618176,0
True,1.93014802841626,0
True,3.53487439838193,0
True,2.75477505335568,0
True,2.5814872566738,0
True,3.07189162995817,0
True,3.03501942706894,0
True,2.74789507195812,0
True,2.69306113643037,0
True,2.32403303087531,0
True,1.05477779389534,0
True,2.31236511345538,0
True,2.52097805909963,0
True,2.20504101839531,0
True,3.0046614259963,0
True,2.63840759209066,0
True,1.22082957272268,0
True,2.9034824199388,0
True,3.02196005010128,0
True,2.98925964149117,0
True,2.59550989148985,0
True,2.14186920000856,0
True,1.92702223463742,0
True,0.465234176419854,0
True,2.23507548040059,0
True,2.33692567714701,0
True,2.63275070896529,0
True,1.94319059803577,0
True,1.704134709719,0
True,1.24364427197165,0
True,2.33611621608804,0
True,2.67276802141691,0
True,1.67539504189354,0
True,2.77361831885178,0
True,1.13300371863909,0
True,2.42942978872065,0
True,2.63866696680616,0
True,3.1379841123717,0
True,3.10161704376884,0
True,2.678509014083,0
True,2.04627335627168,0
True,2.73735928765149,0
True,2.48023333556539,0
True,1.65117194988246,0
True,2.83121808292087,0
True,2.14739632947329,0
True,1.9415666448054,0
True,1.72667633136527,0
True,2.41945145715712,0
True,1.68155702272961,0
True,2.39368687168104,0
True,2.24813591251453,0
True,2.24515214958628,0
True,2.08704785695233,0
True,3.12221196045653,0
True,2.53003393540121,0
True,1.88731520444913,0
True,2.18146123893357,0
True,2.62071980102472,0
True,2.61456934277021,0
True,2.6212169386354,0
True,2.69802466268719,0
True,3.38791355711258,0
True,2.79270722954537,0
True,2.3385284698649,0
True,1.9322141420826,0
True,2.77094231397663,0
True,3.25935972657631,0
True,2.01960231881375,0
True,3.07958655685249,0
True,1.46115655219864,0
True,2.38919527990714,0
True,3.27388671374117,0
True,2.18085077437516,0
True,2.43221550917809,0
True,2.93768566993367,0
True,2.17699918251992,0
True,2.40526068535826,0
True,1.64678740106442,0
True,2.74057199468292,0
True,2.09321826537627,0
True,1.88678357611295,0
True,2.48078665033141,0
True,2.43406049778549,0
True,1.97606287890253,0
True,2.86828758789397,0
True,2.35901486822536,0
True,2.80878030450945,0
True,2.57017129185533,0
True,1.18189243335813,0
True,2.44916112353536,0
True,2.62476970375957,0
True,2.49781574381753,0
True,2.15433769456193,0
True,2.36677606252666,0
True,1.10461761029757,0
True,3.23490653512802,0
True,3.51013362813324,0
True,2.02455564069835,0
True,1.8577726014572,0
True,3.57619114754426,0
True,3.06416437576443,0
True,2.197915316388,0
True,0.384718534545474,0
True,1.49403972871886,0
True,2.47752888844355,0
True,2.42846468642477,0
True,2.76637619358507,0
True,2.25905097798444,0
True,2.55408755928232,0
True,2.48230847736572,0
True,1.61369610084535,0
True,2.69838260785,0
True,2.3763129603473,0
True,2.44693791686224,0
True,2.34814309222886,0
True,1.7723287942962,0
True,2.15731774656299,0
True,2.34598877532137,0
True,2.51165396493913,0
True,3.27602627730858,0
True,2.77135883519775,0
True,1.17323950827089,0
True,2.08245398870151,0
True,2.34235172448153,0
True,2.75569093221198,0
True,1.94384285019305,0
True,1.46388280919386,0
True,2.58097080343129,0
True,2.33376652058061,0
True,2.80321961078271,0
True,2.52077212519598,0
True,1.71078745817169,0
True,1.60724660052751,0
True,1.5373211090744,0
True,2.3487441382853,0
True,1.21168696752002,0
True,2.55711550559216,0
True,2.19575536343006,0
True,3.12106902338305,0
True,2.6241984575945,0
True,1.43243177193941,0
True,3.05199828571843,0
True,0.600065774190927,0
True,2.82366871555582,0
True,2.07784465705879,0
True,2.47535573688324,0
True,2.22445915763956,0
True,1.79001294980929,0
True,2.17840999621025,0
True,2.82832220921322,0
True,1.7846191252119,0
True,2.40981846997951,0
True,3.18702718058489,0
True,2.83276626487639,0
True,2.89286346122976,0
True,2.23839650939276,0
True,2.57163389480567,0
True,2.42239510559425,0
True,1.82702075305649,0
True,1.66019236899307,0
True,2.30672590383756,0
True,2.66226836383974,0
True,2.75101782969194,0
True,0.506174377689789,0
True,2.4670649966804,0
True,2.37461489113214,0
True,2.68052464025278,0
True,2.45650189417763,0
True,2.22784938572005,0
True,3.03918959587133,0
True,2.61588850465687,0
True,2.27258254864515,0
True,2.61528222656329,0
True,2.73222983143054,0
True,2.02899423563198,0
True,3.19844845783913,0
True,2.85008007474405,0
True,3.98640569862399,0
True,2.79811943956064,0
True,3.28429196128927,0
True,2.35871896387313,0
True,2.83070295786204,0
True,2.15490338040903,0
True,2.35976740151255,0
True,3.34719298371486,0
True,2.65491042581835,0
True,2.22181242397721,0
True,1.76514019000227,0
True,2.0329856235503,0
True,2.69891036110576,0
True,2.47713923332004,0
True,1.86391138808962,0
True,2.73831905760723,0
True,2.73153385505102,0
True,1.95765028714745,0
True,1.6165046544335,0
True,2.49079040351592,0
True,2.29154092669986,0
True,1.8366297193426,0
True,2.43236386154104,0
True,3.00107653115251,0
True,1.62987032650039,0
True,2.10821087714144,0
True,2.44293406854854,0
True,3.04726829004082,0
True,2.51635553324882,0
True,2.3939815669219,0
True,2.83999348534388,0
True,2.66527060819685,0
True,2.67989551919069,0
True,3.02388363598107,0
True,2.75088736012786,0
True,2.80330645291522,0
True,3.14716879159506,0
True,1.9784517650502,0
True,2.32356322964366,0
True,2.62757435618889,0
True,3.30380625657355,0
True,2.58282929833585,0
True,2.49050155145059,0
True,2.06740472867169,0
True,3.19332852130581,0
True,2.27522491836734,0
True,1.55689131664745,0
True,2.25619054845435,0
True,2.33197311854427,0
True,2.76414371106187,0
True,1.78727425377674,0
True,2.7328467139554,0
True,2.12848686004133,0
True,2.59764972595921,0
True,2.93140490729478,0
True,2.41709370458754,0
True,1.773119714745,0
True,2.15229330558398,0
True,2.06425741469997,0
True,2.77119963346211,0
True,2.44268232444884,0
True,3.53674431739332,0
True,2.88459054558783,0
True,2.40993806025455,0
True,2.83571308204632,0
True,2.72532105906773,0
True,2.32256410865858,0
True,2.56648763973702,0
True,2.38755632904647,0
True,2.75261886039947,0
True,2.54663139532428,0
True,2.15514194765543,0
True,2.26411063775164,0
True,2.05987440220488,0
True,2.04318619740526,0
True,0.800539710832234,0
True,0.513566093754529,0
True,2.03577259434914,0
True,1.04987217901545,0
True,2.55371879083093,0
True,2.59525762838938,0
True,3.31013404825867,0
True,2.29189718116965,0
True,2.26542752042488,0
True,2.19504509264677,0
True,0.716061731248961,0
True,2.92037266867924,0
True,2.80960523546374,0
True,2.19753852078608,0
True,2.65644102778025,0
True,3.15067813076528,0
True,2.95013547219597,0
True,2.04435053934539,0
True,2.98812708043054,0
True,2.47502713925801,0
True,2.56539567121819,0
True,2.55585064216941,0
True,2.64661568092664,0
True,3.12414725320857,0
True,2.31348311010974,0
True,3.03806700250878,0
True,3.10333628171881,0
True,2.22780520864754,0
True,2.66464607985723,0
True,2.6581855276539,0
True,2.95033859314446,0
True,2.29871489139507,0
True,1.66358733452405,0
True,2.09661013273607,0
True,2.55097040215938,0
True,2.23167882170247,0
True,2.23694715646433,0
True,2.95905451313874,0
True,1.50949211646199,0
True,2.58905060115437,0
True,1.97393456511005,0
True,2.12483165104727,0
True,2.58388300602304,0
True,2.38482763103446,0
True,1.73484151994151,0
True,3.11014679048471,0
True,2.58528143236411,0
True,2.68144882215353,0
True,2.3122214039283,0
True,2.28621641753157,0
True,3.002692925726,0
True,2.61417026587382,0
True,1.97228190127325,0
True,3.49676587850213,0
True,2.09283388966083,0
True,2.05544560566355,0
True,2.44895274768135,0
True,2.0236381736809,0
True,2.44084609283772,0
True,2.37945284252932,0
True,1.9974208714025,0
True,2.11526032945997,0
True,1.00391028607488,0
True,2.34880207275247,0
True,2.54907294250598,0
True,2.73945163508458,0
True,2.74843393699562,0
True,2.16593389532195,0
True,2.09060918538358,0
True,2.0778870615132,0
True,1.94389710456556,0
True,2.02763675650944,0
True,1.68866689432434,0
True,2.21860334975354,0
True,1.64822536549316,0
True,2.5444554432978,0
True,1.87817210550942,0
True,3.15376412262305,0
True,3.05861380998735,0
True,2.30521060642979,0
True,2.24637146880471,0
True,2.53951723007535,0
True,2.55405890093059,0
True,0.736836638589152,0
True,1.97473690019271,0
True,2.51992918655053,0
True,3.19101865662142,0
True,2.56305493145814,0
True,2.46062665828543,0
True,1.73032663407118,0
True,2.98862586333302,0
True,2.44467793499349,0
True,1.70579094538398,0
True,1.80836154592765,0
True,2.58954161791924,0
True,1.73488300831628,0
True,3.04882596082475,0
True,2.55224498089578,0
True,2.96564422052577,0
True,2.84538297932893,0
True,3.32938565839853,0
True,2.14051052081493,0
True,2.39740854329694,0
True,1.99163002166264,0
True,2.56666985048319,0
True,2.18391842941573,0
True,2.67826229484775,0
True,2.74014145354828,0
True,1.05605603951363,0
True,2.43836151003236,0
True,3.23519632217881,0
True,0.40605716644972,0
True,1.09052554890802,0
True,2.8335492664135,0
True,3.48317546243929,0
True,2.0221817374054,0
True,3.0884759595454,0
True,2.08642502707007,0
True,2.27236498381402,0
True,1.87695653072195,0
True,2.48893138122524,0
True,2.48241866713106,0
True,1.6413371961041,0
True,2.96297728345956,0
True,2.59401393292875,0
True,2.66348460103478,0
True,2.22464152409277,0
True,2.07736603170464,0
True,2.26367398849864,0
True,3.21282454508666,0
True,2.2331935559017,0
True,2.55465217831495,0
True,3.29077182310618,0
True,2.702206612993,0
True,2.36402278943601,0
True,2.79841290061679,0
True,2.13200770858589,0
True,2.44131221546677,0
True,0.38684874208466,0
True,2.93639658745391,0
True,2.07673590015632,0
True,1.61511147436345,0
True,2.20454335648038,0
True,1.20620076378562,0
True,2.39171328299304,0
True,2.43532528843832,0
True,2.51253844650389,0
True,2.87969340166741,0
True,1.85968003354175,0
True,2.4995538477698,0
True,2.25955705247148,0
True,2.33218886990148,0
True,2.18790745541127,0
True,2.46493394527752,0
True,2.16082739527843,0
True,2.24380303589002,0
True,2.18851282533142,0
True,2.94869285927679,0
True,2.04479472677923,0
True,2.30306078590165,0
True,2.24163199526066,0
True,2.92231417720535,0
True,2.6316153700264,0
True,2.19596706306715,0
True,2.90589913837869,0
True,2.82990506224716,0
True,2.2038438788009,0
True,3.27178466854596,0
True,3.01624873924736,0
True,2.81974440451817,0
True,2.09289182012868,0
True,2.1629972433882,0
True,2.70831695812667,0
True,2.23911769983698,0
True,2.63259671605791,0
True,0.605077122250734,0
True,2.32626358202722,0
True,2.75566371913364,0
True,2.57727845790648,0
True,2.59436925480441,0
True,2.70399009603068,0
True,2.90148684997428,0
True,2.73854024374077,0
True,3.23395111042637,0
True,2.27757666927694,0
True,2.08335410321502,0
True,2.89587320304006,0
True,2.82021661195088,0
True,2.09638796850505,0
True,2.33307888260293,0
True,2.66863431652182,0
True,2.65567785443645,0
True,2.38532164317621,0
True,2.04551461273401,0
True,2.55668399544358,0
True,2.05394632685581,0
True,2.46981969103971,0
True,0.390184519981319,0
True,1.55365218264942,0
True,2.03018894066956,0
True,2.36074139642839,0
True,2.18500985568833,0
True,2.78192364508733,0
True,1.43164959030222,0
True,2.23578701897653,0
True,2.17316858687635,0
True,0.849994117133298,0
True,2.58579572632476,0
True,2.29669049016201,0
True,2.43302713083797,0
True,1.51801766120793,0
True,2.4983259175687,0
True,2.20192524987917,0
True,2.20871679674758,0
True,1.67639919981377,0
True,2.81921028902059,0
True,2.88788811844866,0
True,2.40481151352448,0
True,0.909192717332459,0
True,2.83983017721103,0
True,2.79701850466794,0
True,2.79806788423722,0
True,2.49646485845445,0
True,1.63767775285412,0
True,2.74907999710766,0
True,2.81399374375692,0
True,2.37434543197366,0
True,2.93419302309949,0
True,0.540755266043261,0
True,2.31758743892993,0
True,2.13793624353445,0
True,2.63380847549714,0
True,2.48824206544427,0
True,1.96547326110814,0
True,2.27555569539428,0
True,2.37575473903806,0
True,3.05062144400861,0
True,2.36738317006368,0
True,2.5598947062003,0
True,1.92645209284829,0
True,2.88425206015839,0
True,2.22584673216158,0
True,1.94619035342207,0
True,2.438541656214,0
True,2.40812269862547,0
True,2.37666181824939,0
True,2.35502161802611,0
True,2.9256569598775,0
True,2.49078082416476,0
True,3.03481529767105,0
True,2.04818682648298,0
True,3.71929709276482,0
True,2.73193598437043,0
True,2.10013220289732,0
True,2.49143926342775,0
True,2.56690849653561,0
True,2.05799633395633,0
True,2.80154863945688,0
True,2.46288059997242,0
True,2.25367220591249,0
True,1.84180601489249,0
True,1.9114286573966,0
True,2.37802904240819,0
True,2.27457701364995,0
True,2.82847897193806,0
True,2.35780333303101,0
True,2.12737095935085,0
True,2.26194962648746,0
True,0.523576364125817,0
True,1.94717826573107,0
True,1.80851664672577,0
True,2.14885232580651,0
True,2.22959180298747,0
True,2.75239829551576,0
True,2.58148775019261,0
True,2.79269858817499,0
True,0.862671066442153,0
True,0.467372165391555,0
True,2.12570955060366,0
True,3.64442952973236,0
True,2.56068967232176,0
True,3.26486656149207,0
True,0.791713330841447,0
True,3.02790381841625,0
True,2.33082927233125,0
True,2.82297094080692,0
True,2.72666475591705,0
True,2.57573910132397,0
True,2.23605243520588,0
True,0.694469085381733,0
True,2.79058483978092,0
True,2.3701192270411,0
True,2.52789905709633,0
True,2.93554442873572,0
True,3.26580890857047,0
True,1.62504267221468,0
True,2.6510382641037,0
True,1.97182799961047,0
True,2.18011316387731,0
True,1.76114188377312,0
True,2.15775456390222,0
True,2.34184118212773,0
True,2.57990917136848,0
True,2.19502212012842,0
True,3.8119893515142,0
True,2.8590217016033,0
True,2.9618636318292,0
True,1.81431969891679,0
True,2.91845684231502,0
True,2.84286822445287,0
True,2.31295710515343,0
True,3.62094848950341,0
True,2.91649335056988,0
True,2.80312120945831,0
True,2.52335463014208,0
True,2.53905553659371,0
True,2.53355724769672,0
True,1.47513823331893,0
True,3.14154252465834,0
True,2.93493614769237,0
True,2.64721658871963,0
True,1.20527017036681,0
True,2.77808585152541,0
True,3.03589200295684,0
True,2.44668505231923,0
True,2.96750485420959,0
True,2.01375271284076,0
True,2.3079711111524,0
True,2.38158729111006,0
True,1.97965909614526,0
True,2.77535796122776,0
True,0.575432965009805,0
True,2.537016077779,0
True,1.30942999961572,0
True,1.87347014726587,0
True,1.38004616664302,0
True,2.20199839635063,0
True,2.85420285560634,0
True,3.00107473311124,0
True,1.9602440051435,0
True,2.67524299239055,0
True,2.56783439412064,0
True,3.00886087559061,0
True,2.7057618108228,0
True,1.73314761357891,0
True,2.40006734237817,0
True,2.64254210878783,0
True,2.85906948193295,0
True,2.35769394409015,0
True,2.74672786828198,0
True,2.42840790786845,0
True,2.54090206807146,0
True,2.79273310124672,0
True,2.41623295415251,0
True,2.38702203719466,0
True,2.58646596999437,0
True,1.56471355035327,0
True,2.36838464290432,0
True,2.12383030994283,0
True,2.60038810926248,0
True,3.03983225752073,0
True,0.679368581777052,0
True,2.65238805222799,0
True,1.88170933910787,0
True,2.52949028495118,0
True,2.41816514487577,0
True,2.68546889376403,0
True,2.05015754206167,0
True,3.07354347225072,0
True,2.90416019169342,0
True,3.17845118447611,0
True,2.33697060523599,0
True,1.38372515633721,0
True,2.41894227281132,0
True,2.7275182001538,0
True,2.37036557511246,0
True,3.03542102592181,0
True,3.02831008837944,0
True,2.2852804065327,0
True,2.46259661824118,0
True,1.75206724568741,0
True,2.67004487274327,0
True,2.71493034371444,0
True,2.11796362931059,0
True,3.42516168642695,0
True,3.1471284329145,0
True,3.02115539617268,0
True,3.15826169402515,0
True,2.14077873976997,0
True,2.50862689434293,0
True,2.46257334033569,0
True,2.44851806460628,0
True,2.16081537051226,0
True,3.13002618682132,0
True,2.68741398693673,0
True,1.97670397629111,0
True,0.926274286789654,0
True,2.53177485035669,0
True,3.01196284430887,0
True,3.46120401800585,0
True,2.97491671199673,0
True,2.13462432277929,0
True,3.32071227999482,0
True,0.778551709376265,0
True,1.99577341074307,0
True,1.38096961832978,0
True,2.02337871565508,0
True,3.08162540056984,0
True,2.95561140075432,0
True,0.525139003624212,0
True,2.44944155364619,0
True,2.80012160053058,0
True,3.13980510635358,0
True,0.48547668472039,0
True,2.29663834055764,0
True,2.52355320745988,0
True,2.96122356961446,0
True,2.65619865584118,0
True,3.43589236754718,0
True,2.30028439495644,0
True,2.42062877417141,0
True,0.90546529341365,0
True,2.57798364064257,0
True,1.85238888083491,0
True,2.78792414024097,0
True,2.15797583265273,0
True,2.4769956367049,0
True,2.89071851173402,0
True,2.18119090350982,0
True,2.20726004322638,0
True,2.67713326981672,0
True,1.87145809974841,0
True,2.20770304252203,0
True,3.34105288819518,0
True,1.78313374912083,0
True,3.0864238874904,0
True,0.384967595889001,0
True,2.18877357212642,0
True,1.88049123929837,0
True,2.88176717267664,0
True,0.474878130088795,0
True,1.62662565844825,0
True,2.46157615377066,0
True,0.835559651772693,0
True,3.41650549974971,0
True,2.37201923849605,0
True,2.71554006552442,0
True,2.12113270992984,0